1.954024834381979270e+00
1.937184278426616002e+00
1.987767135068823299e+00
1.907007695315321882e+00
1.985716734916634030e+00
1.878304581615335866e+00
1.982037443118298992e+00
1.834140729768263256e+00
1.969631258792796435e+00
1.928783020021001882e+00
2.065101695859024034e+00
1.328456912986846872e+00
2.052583869795169935e+00
1.696118588154239104e+00
2.317311284875530841e+00
1.691524719073479011e+00
2.479825055953240209e+00
1.963390100400600025e+00
2.175617365067408215e+00
1.981846970067712377e+00
2.688938361199094018e+00
1.435856107124904968e+00
2.501519350099877137e+00
1.690833774833678138e+00
2.547024388669279382e+00
1.933171577366857186e+00
2.217185840029389787e+00
2.119926076607045573e+00
3.684984439478165896e+00
2.466402175118595608e+00
2.715594037501301905e+00
1.687018793649905923e+00
2.914668556357166818e+00
1.721326193628092360e+00
3.450776884065733796e+00
1.639406140147746882e+00
2.650450942396755938e+00
1.871848346003132546e+00
3.875243521755633136e+00
2.196925992631262314e+00
2.196989737394295261e+00
2.064221226308551316e+00
2.748278175272080404e+00
1.459873489896794885e+00
3.323579564274788289e+00
