4.480000000000000000e+02
4.480556500000000142e+02
4.481911000000000058e+02
4.483423000000000229e+02
4.484819499999999834e+02
4.486310500000000161e+02
4.487665000000000077e+02
4.489124500000000353e+02
4.490363500000000272e+02
4.490751999999999953e+02
4.490815000000000055e+02
4.491129999999999995e+02
4.491224500000000148e+02
4.491634000000000242e+02
4.492159000000000333e+02
4.492284999999999968e+02
4.492830999999999904e+02
4.493041000000000054e+02
4.493335000000000150e+02
4.493461000000000354e+02
4.493608000000000402e+02
4.493944000000000187e+02
4.494395499999999970e+02
4.494941499999999905e+02
4.495267000000000053e+02
4.495466499999999996e+02
4.495823500000000195e+02
4.495928499999999985e+02
4.496127999999999929e+02
4.496243499999999926e+02
4.496369500000000130e+02
4.496758000000000379e+02
4.496967999999999961e+02
4.497157000000000266e+02
4.497429999999999950e+02
4.497787000000000148e+02
4.498133500000000140e+02
4.498406500000000392e+02
4.498805500000000279e+02
4.499036500000000274e+02
4.499057500000000118e+02
4.499183500000000322e+02
4.499309499999999957e+02
4.499593000000000416e+02
4.499929000000000201e+02
