2.183723056453754197e+00
2.167296162691516592e+00
2.151430823200340736e+00
2.136176172445434673e+00
2.121568211281793292e+00
2.107632422284667850e+00
2.094386056205271629e+00
2.081840099701709246e+00
2.070000946514539475e+00
2.058871802258654959e+00
2.048453854769048732e+00
2.038747242196105258e+00
2.029751848358118504e+00
2.021467952339192298e+00
2.013896755308241637e+00
2.007040803981622101e+00
2.000904326657428456e+00
1.995493493877670499e+00
1.990816612892119641e+00
1.986884261695847309e+00
1.983709365512121847e+00
1.981307216168051388e+00
1.979695431468395439e+00
1.978893849975572827e+00
1.978924353588124907e+00
1.979810608186349796e+00
1.981577710818139382e+00
1.984251730022021709e+00
1.987859124616847328e+00
1.992426026251703508e+00
1.997977371021196769e+00
2.004535868210874927e+00
2.012120797518516913e+00
2.020746632333458415e+00
2.030421495762776640e+00
2.041145467554494441e+00
2.052908775381897311e+00
2.065689921783603999e+00
2.079453818570947021e+00
2.094150022254853027e+00
2.109711184412428775e+00
2.126051849141469496e+00
2.143067739698304219e+00
2.160635677720454950e+00
2.178614265209505962e+00
2.196845428289513347e+00
2.215156882382387060e+00
2.233365502616056819e+00
2.251281526547226797e+00
2.268713425520298976e+00
2.285473214549053722e+00
2.301381911056893159e+00
2.316274820385216593e+00
2.330006323302468374e+00
2.342453872232094447e+00
2.353520963777328223e+00
2.363138939760194290e+00
2.371267564625021862e+00
2.377894422945477704e+00
2.383033264735366252e+00
2.386721489610464708e+00
2.389016999834812527e+00
2.389994664477820940e+00
2.389742626959151295e+00
2.388358660428514746e+00
2.385946736105442945e+00
2.382613925213191486e+00
2.378467711654532746e+00
2.373613752726354775e+00
2.368154091996590882e+00
2.362185803928405825e+00
2.355800031994829347e+00
2.349081371899916171e+00
2.342107546626333470e+00
2.334949319993436578e+00
2.327670598337344021e+00
2.320328674324105833e+00
2.312974573628717057e+00
2.305653470510442116e+00
2.298405145248322956e+00
2.291264461599067381e+00
2.284261847604768025e+00
2.277423767371231644e+00
2.270773175123596666e+00
2.264329945669344202e+00
2.258111277733607647e+00
2.252132068574723256e+00
2.246405259533016618e+00
2.240942153025739181e+00
2.235752703020542409e+00
2.230845779804934370e+00
2.226229412307508149e+00
2.221911009914656621e+00
2.217897566092678741e+00
2.214195846722744943e+00
2.210812565307469058e+00
2.207754547674705137e+00
2.205028888360116568e+00
2.202643101275387316e+00
2.200605266568509855e+00
2.198924176163727928e+00
2.197609480071426535e+00
2.196671835601136547e+00
2.196123061754210237e+00
2.195976300984941343e+00
2.196246190557645139e+00
2.196949045918987764e+00
2.198103058410506794e+00
2.199728509930553688e+00
2.201848006968362359e+00
2.204486736770103317e+00
2.207672748272858865e+00
2.211437260201670973e+00
2.215814999028879129e+00
2.220844568512507333e+00
2.226568852436644264e+00
2.233035450760326057e+00
2.240297147920048637e+00
2.248412409696410208e+00
2.257445901341831096e+00
2.267469014623527013e+00
2.278560384216044010e+00
2.290806363492079889e+00
2.304301415565947586e+00
2.319148355774738768e+00
2.335458354871800424e+00
2.353350576429983132e+00
2.372951273592348365e+00
2.394392108757968707e+00
2.417807380187666944e+00
2.443329742481649802e+00
2.471083894538161907e+00
2.501177585889348798e+00
2.533689178437797285e+00
2.568650931004194504e+00
2.606027209280940671e+00
2.645687061364333292e+00
2.687371178472722555e+00
2.730654355561715096e+00
2.774906342582639240e+00
2.819256511691011102e+00
2.862570855823287186e+00
2.903452807372869149e+00
2.940280865352614459e+00
2.971294117691311243e+00
2.994729562768821296e+00
3.009002189598396715e+00
3.012902516730925573e+00
3.005772641206713836e+00
2.987618305827901111e+00
2.959125826874233312e+00
2.921576842807737329e+00
2.876681509366598277e+00
2.826370444763785628e+00
2.772590292844881343e+00
2.717138004190136957e+00
2.661551642728103850e+00
2.607058643271187748e+00
2.554571064720622342e+00
2.504712682291747150e+00
2.457863215238290877e+00
2.414208194584726019e+00
2.373786908899970349e+00
2.336534323905990362e+00
2.302315391383915610e+00
2.270951739069845043e+00
2.242241567466018992e+00
2.215973910154264814e+00
2.191938449413391332e+00
2.169931959805083910e+00
2.149762275577381754e+00
2.131250492283010445e+00
2.114231946215970215e+00
2.098556375237364158e+00
2.084087554322191504e+00
2.070702613545071458e+00
2.058291183123722945e+00
2.046754463524390832e+00
2.036004285031661976e+00
2.025962197680198695e+00
2.016558615749985517e+00
2.007732029754379255e+00
1.999428291087903098e+00
1.991599969523290659e+00
1.984205780359920235e+00
1.977210076115950788e+00
1.970582396434942707e+00
1.964297069209247404e+00
1.958332856014587398e+00
1.952672634436126708e+00
1.947303110816844374e+00
1.942214556566745465e+00
1.937400562295266138e+00
1.932857804034598503e+00
1.928585816746885451e+00
1.924586770804072700e+00
1.920865248124670854e+00
1.917428015010048892e+00
1.914283790090536508e+00
1.911443006370347586e+00
1.908917567266224191e+00
1.906720597555165542e+00
1.904866190976143292e+00
1.903369156823741859e+00
1.902244768840066547e+00
1.901508519853460921e+00
1.901175886133209092e+00
1.901262105692210325e+00
1.901781974376828499e+00
1.902749663505153288e+00
1.904178562316533041e+00
1.906081147782838991e+00
1.908468883516916792e+00
1.911352148674600571e+00
1.914740196769189495e+00
1.918641143127318482e+00
1.923061979197166371e+00
1.928008610478362916e+00
1.933485914366888769e+00
1.939497813502089274e+00
1.946047359253953779e+00
1.953136820006126539e+00
1.960767767950164497e+00
1.968941158036895844e+00
1.977657392503654687e+00
1.986916363732180058e+00
1.996717468106038007e+00
2.007059583052747342e+00
2.017940998892285176e+00
2.029359296196602713e+00
2.041311159101255157e+00
2.053792113188758428e+00
2.066796176128771645e+00
2.080315407548822826e+00
2.094339343402204623e+00
2.108854298833780394e+00
2.123842523366139545e+00
2.139281188798926259e+00
2.155141197229412775e+00
2.171385790899872159e+00
2.187968955676337757e+00
2.204833615817955117e+00
2.221909629263630670e+00
2.239111611098841159e+00
2.256336637628995501e+00
2.273461916777096192e+00
2.290342553713206719e+00
2.306809592957541621e+00
2.322668578632725023e+00
2.337698938862452280e+00
2.351654560468333433e+00
2.364265964179423474e+00
2.375244501437310696e+00
2.384288950311339583e+00
2.391094768437858065e+00
2.395366048007223636e+00
2.396829904539045764e+00
2.395252636797628121e+00
2.390456561261468771e+00
2.382336029634639196e+00
2.370870877704414514e+00
2.356135526308433370e+00
2.338302229742332816e+00
2.317637546739289789e+00
2.294491925257447384e+00
2.269283195987576107e+00
2.242475580196376050e+00
2.214556365483467903e+00
2.186012581395961440e+00
2.157309808265038154e+00
2.128874749523533616e+00
2.101082529575734714e+00
2.074248991098931683e+00
2.048627680786722749e+00
2.024410801727643427e+00
2.001733193449525494e+00
1.980678355046552097e+00
1.961285606770248879e+00
1.943557641776292755e+00
1.927467904165949708e+00
1.912967411328680534e+00
1.899990796256593839e+00
1.888461469888148114e+00
1.878295894332437932e+00
1.869407017004530047e+00
1.861706951131659515e+00
1.855109003859088945e+00
1.849529156793242368e+00
1.844887098545876736e+00
1.841106899751170589e+00
1.838117408631546157e+00
1.835852433292355812e+00
1.834250765536432182e+00
1.833256089695548985e+00
1.832816811715719751e+00
1.832885835407863873e+00
1.833420306516627907e+00
1.834381340462517995e+00
1.835733744961994818e+00
1.837445745887871906e+00
1.839488722144970945e+00
1.841836953343298333e+00
1.844467382659819243e+00
1.847359396306023971e+00
1.850494620071785778e+00
1.853856732974653365e+00
1.857431297731853004e+00
1.861205607258942019e+00
1.865168546596473131e+00
1.869310469341663561e+00
1.873623087582488633e+00
1.878099374700876956e+00
1.882733479942406030e+00
1.887520654200461889e+00
1.892457186023476234e+00
1.897540347406166505e+00
1.902768348704888091e+00
1.908140302096788865e+00
1.913656193284827500e+00
1.919316860940632807e+00
1.925123983665679939e+00
1.931080074309752481e+00
1.937188481329529699e+00
1.943453397210063383e+00
1.949879873828873400e+00
1.956473844781221105e+00
1.963242154627131031e+00
1.970192595094042431e+00
1.977333948344480063e+00
1.984676037005458360e+00
1.992229781132205613e+00
2.000007261611313147e+00
2.008021789447139049e+00
2.016287980313012707e+00
2.024821832475424799e+00
2.033640806354176434e+00
2.042763902131829568e+00
2.052211730746209106e+00
2.062006571175004854e+00
2.072172404085300901e+00
2.082734907470738861e+00
2.093721394316022888e+00
2.105160663608058425e+00
2.117082725073792027e+00
2.129518341954720562e+00
2.142498313969600776e+00
2.156052393144889834e+00
2.170207683447242797e+00
2.184986320135243076e+00
2.200402151329865497e+00
2.216456048842698756e+00
2.233129358223602257e+00
2.250374861818584371e+00
2.268104493232304897e+00
2.286172951782782903e+00
2.304356419612424212e+00
2.322325963974758434e+00
2.339616236629982637e+00
2.355592242767786892e+00
2.369420850962749014e+00
2.380059788612568283e+00
2.386284598587256056e+00
2.386780514068695069e+00
2.380324512961907946e+00
2.366062451106190512e+00
2.343839821077861263e+00
2.314482865569423620e+00
2.279889423901597212e+00
2.242827996441479677e+00
2.206468681981446078e+00
2.173809204162642672e+00
2.147208292742255331e+00
2.128162703236707198e+00
2.117331727811942343e+00
2.114718586956676472e+00
2.119898881203728713e+00
2.132218339140459662e+00
2.150925358848119195e+00
2.175234733258952335e+00
2.204333518493541533e+00
2.237343881266144585e+00
2.273257838160284372e+00
2.310859910235393055e+00
2.348658123372658224e+00
2.384850991808246778e+00
2.417364173434995767e+00
2.443987598373102976e+00
2.462622936962234554e+00
2.471609363056248565e+00
2.470045700099851249e+00
2.457999297454375842e+00
2.436515303066333793e+00
2.407413376749995226e+00
2.372942610414092712e+00
2.335409861778313001e+00
2.296882558017803611e+00
2.259015307593521094e+00
2.222996742629077538e+00
2.189582196085702925e+00
2.159171429849749302e+00
2.131899061933766770e+00
2.107718101470080985e+00
2.086467876778383079e+00
2.067924671035875406e+00
2.051836967842115556e+00
2.037948495880914646e+00
2.026012302434471390e+00
2.015798589795763540e+00
2.007098416630516802e+00
1.999724783255287353e+00
1.993512148988560551e+00
1.988315079543111930e+00
1.984006472962857703e+00
1.980475642079273735e+00
1.977626418061270819e+00
1.975375366294660484e+00
1.973650159023550898e+00
1.972388121368084501e+00
1.971534950043844381e+00
1.971043595480008070e+00
1.970873293064622223e+00
1.970988727923843387e+00
1.971359317172731496e+00
1.971958594885963922e+00
1.972763685965830183e+00
1.973754856960724391e+00
1.974915133050757943e+00
1.976229972030653093e+00
1.977686987415963715e+00
1.979275713960429117e+00
1.980987409833990798e+00
1.982814890759323267e+00
1.984752392082996142e+00
1.986795455357831530e+00
1.988940837001699213e+00
1.991186436512311753e+00
1.993531242807019987e+00
1.995975297182046138e+00
1.998519672084956511e+00
2.001166465080510992e+00
2.003918807799239143e+00
2.006780890008300400e+00
2.009757999102599335e+00
2.012856576093533079e+00
2.016084288907201927e+00
2.019450124906001065e+00
2.022964504409641151e+00
2.026639418007690097e+00
2.030488590648391156e+00
2.034527676544854113e+00
2.038774489507402254e+00
2.043249274499270740e+00
2.047975027195958475e+00
2.052977869974026426e+00
2.058287494123514527e+00
2.063937680382013529e+00
2.069966911949368438e+00
2.076419097205346453e+00
2.083344422389451278e+00
2.090800358415383808e+00
2.098852850232018508e+00
2.107577721734690712e+00
2.117062334200663365e+00
2.127407540631413241e+00
2.138729981959726079e+00
2.151164770943108095e+00
2.164868605224232745e+00
2.180023334287616965e+00
2.196839971778654199e+00
2.215563078504265704e+00
2.236475323759083533e+00
2.259901829651318472e+00
2.286213564198789072e+00
2.315828499130955009e+00
2.349208382928921868e+00
2.386847664996484486e+00
2.429249211210433135e+00
2.476878926798538938e+00
2.530088510127896484e+00
2.588993305982492554e+00
2.653293122444892571e+00
2.722032842417916321e+00
2.793324129189208804e+00
2.864096182262250601e+00
2.930007841545352765e+00
2.985701953965504529e+00
3.025545245020593743e+00
3.044805424238753666e+00
3.040912063455187830e+00
3.014244658405584421e+00
2.968034654370233394e+00
2.907429286653674172e+00
2.838190191720820987e+00
2.765572157400629560e+00
2.693681133203380096e+00
2.625309642269371579e+00
2.562083425037104512e+00
2.504738427626948205e+00
2.453405632278278681e+00
2.407845918690319387e+00
2.367620640589526815e+00
2.332204849672042002e+00
2.301056887708019527e+00
2.273657782726965060e+00
2.249531104754646904e+00
2.228250869602273809e+00
2.209442542688623501e+00
2.192780346272042991e+00
2.177982817961485296e+00
2.164807756723178489e+00
2.153047185443873968e+00
2.142522651691767255e+00
2.133081008079233065e+00
2.124590711711308533e+00
2.116938627845466492e+00
2.110027295726582430e+00
2.103772604981486438e+00
2.098101828373169386e+00
2.092951960048804239e+00
2.088268313496114192e+00
2.084003338661577054e+00
2.080115623716835227e+00
2.076569051992240400e+00
2.073332089179989346e+00
2.070377180063301736e+00
2.067680237305765889e+00
2.065220207931735885e+00
2.062978705277598301e+00
2.060939696579848768e+00
2.059089237728653821e+00
2.057415248383176021e+00
2.055907321693043688e+00
2.054556563914132994e+00
2.053355459945505501e+00
2.052297761746918692e+00
2.051378396844724339e+00
2.050593395004831621e+00
2.049939831282471925e+00
2.049415784410030472e+00
2.049020309336148316e+00
2.048753423665133244e+00
2.048616107562638344e+00
2.048610317224294430e+00
2.048739012366348256e+00
2.049006198336230877e+00
2.049416983944712278e+00
2.049977656548565896e+00
2.050695776121587155e+00
2.051580290787061500e+00
2.052641677055678127e+00
2.053892107904413677e+00
2.055345653840969788e+00
2.057018522255398274e+00
2.058929341851315264e+00
2.061099500585817257e+00
2.063553547136679711e+00
2.066319668435279588e+00
2.069430258151256918e+00
2.072922594743787261e+00
2.076839651522360164e+00
2.081231065955557735e+00
2.086154301659394417e+00
2.091676043050849643e+00
2.097873870970986321e+00
2.104838276243649720e+00
2.112675077568812121e+00
2.121508318587101982e+00
2.131483724139171976e+00
2.142772793303863388e+00
2.155577588000221034e+00
2.170136226494959963e+00
2.186728984393255804e+00
2.205684697690994067e+00
2.227386778057575789e+00
2.252277467389772081e+00
2.280857785371661617e+00
2.313678679392938697e+00
2.351315811165090253e+00
2.394315883248302246e+00
2.443096520444128394e+00
2.497775989348097081e+00
2.557908441383187625e+00
2.622116358480684362e+00
2.687663846569284143e+00
2.750120408367767499e+00
2.803406068432993337e+00
2.840570625497421009e+00
2.855433512939516305e+00
2.844612589385588919e+00
2.808891014927318963e+00
2.753023664955394967e+00
2.684076078936419307e+00
2.609310733516998493e+00
2.534650451553456030e+00
2.464086555512728705e+00
2.399809121894480146e+00
2.342661790468135052e+00
2.292628710389478464e+00
2.249221133415890694e+00
2.211738455928013103e+00
2.179425161625841323e+00
2.151555439877686826e+00
2.127472671677042904e+00
2.106602972260412265e+00
2.088454984664454450e+00
2.072613145105181687e+00
2.058728451666823389e+00
2.046508850348664144e+00
2.035710253625244714e+00
2.026128603595757749e+00
2.017593077592102269e+00
2.009960381608245417e+00
2.003110012109409865e+00
1.996940348977837898e+00
1.991365445491303232e+00
1.986312395339385306e+00
1.981719173350345864e+00
1.977532863218763426e+00
1.973708200667463553e+00
1.970206373682496848e+00
1.966994032165849227e+00
1.964042468643214079e+00
1.961326938911931217e+00
1.958826097383182585e+00
1.956521526991134019e+00
1.954397347101242133e+00
1.952439886183286122e+00
1.950637408486667557e+00
1.948979885936306999e+00
1.947458808159379329e+00
1.946067025040621568e+00
1.944798616976213701e+00
1.943648789290318479e+00
1.942613787712426543e+00
1.941690832692813506e+00
1.940878070809911371e+00
1.940174541895075766e+00
1.939580161095699529e+00
1.939095715525696040e+00
1.938722875255100231e+00
1.938464219285357171e+00
1.938323276999953881e+00
1.938304586507303640e+00
1.938413771541232844e+00
1.938657639142129963e+00
1.939044301189114972e+00
1.939583323519358471e+00
1.940285907386941178e+00
1.941165109216659745e+00
1.942236106182422928e+00
1.943516516849289832e+00
1.945026788648679617e+00
1.946790666678565040e+00
1.948835762375594749e+00
1.951194245058768706e+00
1.953903685630932197e+00
1.957008089390298577e+00
1.960559164725897974e+00
1.964617887236016047e+00
1.969256434559556457e+00
1.974560587319693639e+00
1.980632716170082519e+00
1.987595504748288944e+00
1.995596591986877888e+00
2.004814352047940673e+00
2.015465058367316153e+00
2.027811680567115360e+00
2.042174502065533304e+00
2.058943543909402596e+00
2.078592283401673235e+00
2.101691073442764957e+00
2.128916460457707771e+00
2.161048318214963793e+00
2.198938842143716599e+00
2.243423986256676717e+00
2.295127642375108135e+00
2.354086027624712862e+00
2.419116620763546166e+00
2.486934444278367184e+00
2.551284825343849594e+00
2.602852710148301441e+00
2.631043019701953423e+00
2.627921201379533223e+00
2.592328997596148099e+00
2.530828063385022642e+00
2.454473990334749445e+00
2.374153043506838756e+00
2.297638983568201176e+00
2.229087979861071656e+00
2.169910727215500046e+00
2.119899350397386417e+00
2.078088573887439505e+00
2.043274025112046477e+00
2.014275194548040826e+00
1.990045598649394121e+00
1.969703264831640377e+00
1.952524579158160911e+00
1.937924124765985079e+00
1.925431360676767900e+00
1.914668799585237835e+00
1.905333309297015498e+00
1.897180784022331368e+00
1.890013872786067139e+00
1.883672279159025909e+00
1.878025140557735506e+00
1.872965054078248537e+00
1.868403391417375436e+00
1.864266616594117076e+00
1.860493382853183331e+00
1.857032234834947726e+00
1.853839781746323911e+00
1.850879238396345938e+00
1.848119254130513145e+00
1.845532968538495355e+00
1.843097245972094456e+00
1.840792052094108122e+00
1.838599943628790090e+00
1.836505648546512104e+00
1.834495719166233885e+00
1.832558243991325719e+00
1.830682607240284643e+00
1.828859287122911681e+00
1.827079685908508777e+00
1.825335986042155412e+00
1.823621027677476469e+00
1.821928204016433073e+00
1.820251371449195466e+00
1.818584772096417224e+00
1.816922966764869418e+00
1.815260776907940965e+00
1.813593234211839045e+00
1.811915537072375404e+00
1.810223013282997284e+00
1.808511088532378741e+00
1.806775260714764020e+00
1.805011080185657368e+00
1.803214136669627266e+00
1.801380053624777267e+00
1.799504491711817922e+00
1.797583163447953325e+00
1.795611862189673946e+00
1.793586509458209299e+00
1.791503226517472402e+00
1.789358437875558705e+00
1.787149017388308447e+00
1.784872491491007018e+00
1.782527319358116591e+00
1.780113277268401628e+00
1.777631984576174329e+00
1.775087623339339116e+00
1.772487923476786964e+00
1.769845514030784051e+00
1.767179781096015034e+00
1.764519429504837644e+00
1.761906025287890420e+00
1.759398907160031778e+00
1.757082009382145316e+00
1.755073345078594693e+00
1.753538164947538114e+00
1.752707116221785988e+00
1.752901013703187960e+00
1.754563900600349058e+00
1.758305440212333037e+00
1.764951281567497920e+00
1.775593798578602112e+00
1.791621989780707747e+00
1.814684070795044013e+00
1.846499303196315500e+00
1.888406019415024950e+00
1.940574631657637772e+00
2.001035452225945921e+00
2.065087731633292290e+00
2.125906769495192528e+00
2.176591133288825031e+00
2.212592342008103508e+00
2.232909754933334323e+00
2.239505835106339493e+00
2.235792350617929358e+00
2.225280787378454583e+00
2.210860747654665559e+00
2.194613182529531414e+00
2.177902982960624012e+00
2.161557871882831439e+00
2.146038788884694348e+00
2.131571316449835329e+00
2.118237160471878155e+00
2.106034148307367460e+00
2.094914071995470195e+00
2.084805856449961858e+00
2.075629350018001418e+00
2.067303263878649489e+00
2.059749526070077330e+00
2.052895475120034341e+00
2.046674777644189369e+00
2.041027612489443754e+00
2.035900451198943806e+00
2.031245632876680141e+00
2.027020850529528406e+00
2.023188616208943635e+00
2.019715742391835267e+00
2.016572858671747071e+00
2.013733972237351288e+00
2.011176074274700909e+00
2.008878790988537055e+00
2.006824076120818034e+00
2.004995940988006264e+00
2.003380217834985544e+00
2.001964352189864904e+00
2.000737220409704253e+00
1.999688968488771090e+00
1.998810868721322631e+00
1.998095190862382298e+00
1.997535084697317442e+00
1.997124470732153378e+00
1.996857935924198024e+00
1.996730630987663790e+00
1.996738165351136018e+00
1.996876495445048194e+00
1.997141800760470876e+00
1.997530341141207311e+00
1.998038286723576862e+00
1.998661509537903003e+00
1.999395322290997923e+00
2.000234145168090727e+00
2.001171075015637957e+00
2.002197322287582626e+00
2.003301469024739934e+00
2.004468484233898007e+00
2.005678410127373024e+00
2.006904600893085533e+00
2.008111353477957550e+00
2.009250712027413233e+00
2.010258153918844215e+00
2.011046771743530748e+00
2.011499459308796922e+00
2.011458508624725194e+00
2.010711982721821833e+00
2.008976366872634589e+00
2.005875575999581883e+00
2.000917905544783881e+00
1.993475822065606806e+00
1.982779857484414876e+00
1.967948437438954423e+00
1.948089199859499354e+00
1.922515972108225446e+00
1.891106417951949226e+00
1.854743664968071748e+00
1.815633930977112787e+00
1.777175187152619129e+00
1.743187553610622498e+00
1.716768632775637071e+00
1.699418701736484127e+00
1.690911205480536861e+00
1.689815242370048542e+00
1.694217243153907315e+00
1.702272508034212928e+00
1.712479469801073240e+00
1.723741519666818656e+00
1.735319034384703807e+00
1.746746159765259598e+00
1.757750332180316954e+00
1.768188042888759304e+00
1.777998293251449535e+00
1.787170744693617364e+00
1.795724732111968480e+00
1.803695819127325572e+00
1.811127395256547423e+00
1.818065561746193159e+00
1.824556124063389184e+00
1.830642914271833677e+00
1.836366939837972501e+00
1.841766036964580966e+00
1.846874824058111209e+00
1.851724826957894754e+00
1.856344696049947895e+00
1.860760466408063252e+00
1.864995831753254896e+00
1.869072415096763917e+00
1.873010027245699094e+00
1.876826908297763330e+00
1.880539950808589600e+00
1.884164904602557700e+00
1.887716564036692635e+00
1.891208939095784469e+00
1.894655411385638200e+00
1.898068875834111102e+00
1.901461868341992156e+00
1.904846678355318623e+00
1.908235443849991997e+00
1.911640223890484158e+00
1.915073040240837798e+00
1.918545874087656644e+00
1.922070595532071380e+00
1.925658790586348923e+00
1.929321429621381645e+00
1.933068289160520647e+00
1.936906986243621454e+00
1.940841400894211866e+00
1.944869124077622580e+00
1.948977342248755074e+00
1.953136194266301473e+00
1.957288014775483420e+00
1.961329854855638155e+00
1.965085026329220330e+00
1.968256921153219263e+00
1.970355093240976574e+00
1.970581118996863390e+00
1.967666740735884767e+00
1.959690145425680763e+00
1.944007838730482440e+00
1.917694515424075652e+00
1.879161289736158702e+00
1.831066675616503714e+00
1.782065877419469091e+00
1.743271976003937018e+00
1.721157974841209803e+00
1.714837291319885715e+00
1.719379379171789290e+00
1.729769756522190560e+00
1.742528906399408939e+00
1.755679301196041653e+00
1.768248323724739501e+00
1.779833226082396358e+00
1.790324315704044045e+00
1.799750376166719734e+00
1.808198144610193348e+00
1.815772412668074098e+00
1.822577326622414118e+00
1.828708404392050957e+00
1.834249808591885911e+00
1.839274087089991738e+00
1.843842979484814570e+00
1.848008599223127213e+00
1.851814662676231071e+00
1.855297618034529750e+00
1.858487616362902051e+00
1.861409308970011667e+00
1.864082472826296133e+00
1.866522470901111008e+00
1.868740552015468515e+00
1.870743989046128819e+00
1.872536044623066998e+00
1.874115739765768396e+00
1.875477382042673558e+00
1.876609781651341846e+00
1.877495041894552852e+00
1.878106745423640644e+00
1.878407254562089568e+00
1.878343680142935845e+00
1.877841811293265328e+00
1.876796899033704280e+00
1.875059659558332426e+00
1.872415577688440802e+00
1.868557748326196366e+00
1.863069423948420233e+00
1.855521442035692470e+00
1.846282603894456198e+00
1.841356606997684997e+00
1.872747355243584710e+00
1.973862034086888873e+00
2.022208046356932964e+00
2.013323458096535123e+00
1.997936892009366083e+00
1.986048807326250998e+00
1.977629881908031351e+00
1.971676007880863724e+00
1.967409903156202233e+00
1.964315553270655101e+00
1.962054927605797472e+00
1.960402589612792346e+00
1.959204342898744899e+00
1.958351969449647845e+00
1.957767673314516843e+00
1.957394299241229874e+00
1.957189031637377674e+00
1.957119235749984254e+00
1.957159649001392721e+00
1.957290443128485213e+00
1.957495860832480616e+00
1.957763239219858287e+00
1.958082298800828180e+00
1.958444618071855547e+00
1.958843239873599318e+00
1.959272372762425496e+00
1.959727161854165178e+00
1.960203511099139595e+00
1.960697944081681410e+00
1.961207494014057806e+00
1.961729616080809979e+00
1.962262116973366499e+00
1.962803097949719966e+00
1.963350908445037124e+00
1.963904107981778724e+00
1.964461434824715358e+00
1.965021779962522697e+00
1.965584165421483842e+00
1.966147726127411399e+00
1.966711694585223658e+00
1.967275387971765710e+00
1.967838197196443151e+00
1.968399577522233379e+00
