4.376999999999999886e+02
4.377045999999999708e+02
4.377092000000000098e+02
4.377137999999999920e+02
4.377183999999999742e+02
4.377230000000000132e+02
4.377275999999999954e+02
4.377321999999999775e+02
4.377368000000000166e+02
4.377413999999999987e+02
4.377459999999999809e+02
4.377505999999999631e+02
4.377552000000000021e+02
4.377597999999999843e+02
4.377643999999999664e+02
4.377690000000000055e+02
4.377735999999999876e+02
4.377781999999999698e+02
4.377828000000000088e+02
4.377873999999999910e+02
4.377919999999999732e+02
4.377966000000000122e+02
4.378011999999999944e+02
4.378057999999999765e+02
4.378104000000000156e+02
4.378149999999999977e+02
4.378195999999999799e+02
4.378241999999999621e+02
4.378288000000000011e+02
4.378333999999999833e+02
4.378379999999999654e+02
4.378426000000000045e+02
4.378471999999999866e+02
4.378517999999999688e+02
4.378564000000000078e+02
4.378609999999999900e+02
4.378655999999999722e+02
4.378702000000000112e+02
4.378747999999999934e+02
4.378793999999999755e+02
4.378840000000000146e+02
4.378885999999999967e+02
4.378931999999999789e+02
4.378978000000000179e+02
4.379024000000000001e+02
4.379069999999999823e+02
4.379115999999999644e+02
4.379162000000000035e+02
4.379207999999999856e+02
4.379253999999999678e+02
4.379300000000000068e+02
4.379345999999999890e+02
4.379391999999999712e+02
4.379438000000000102e+02
4.379483999999999924e+02
4.379529999999999745e+02
4.379576000000000136e+02
4.379621999999999957e+02
4.379667999999999779e+02
4.379714000000000169e+02
4.379759999999999991e+02
4.379805999999999813e+02
4.379851999999999634e+02
4.379898000000000025e+02
4.379943999999999846e+02
4.379989999999999668e+02
4.380036000000000058e+02
4.380081999999999880e+02
4.380127999999999702e+02
4.380174000000000092e+02
4.380219999999999914e+02
4.380265999999999735e+02
4.380312000000000126e+02
4.380357999999999947e+02
4.380403999999999769e+02
4.380450000000000159e+02
4.380495999999999981e+02
4.380541999999999803e+02
4.380587999999999624e+02
4.380634000000000015e+02
4.380679999999999836e+02
4.380725999999999658e+02
4.380772000000000048e+02
4.380817999999999870e+02
4.380863999999999692e+02
4.380910000000000082e+02
4.380955999999999904e+02
4.381001999999999725e+02
4.381048000000000116e+02
4.381093999999999937e+02
4.381139999999999759e+02
4.381186000000000149e+02
4.381231999999999971e+02
4.381277999999999793e+02
4.381324000000000183e+02
4.381370000000000005e+02
4.381415999999999826e+02
4.381461999999999648e+02
4.381508000000000038e+02
4.381553999999999860e+02
4.381599999999999682e+02
4.381646000000000072e+02
4.381691999999999894e+02
4.381737999999999715e+02
4.381784000000000106e+02
4.381829999999999927e+02
4.381875999999999749e+02
4.381922000000000139e+02
4.381967999999999961e+02
4.382013999999999783e+02
4.382060000000000173e+02
4.382105999999999995e+02
4.382151999999999816e+02
4.382197999999999638e+02
4.382244000000000028e+02
4.382289999999999850e+02
4.382335999999999672e+02
4.382382000000000062e+02
4.382427999999999884e+02
4.382473999999999705e+02
4.382520000000000095e+02
4.382565999999999917e+02
4.382611999999999739e+02
4.382658000000000129e+02
4.382703999999999951e+02
4.382749999999999773e+02
4.382796000000000163e+02
4.382841999999999985e+02
4.382887999999999806e+02
4.382934000000000196e+02
4.382980000000000018e+02
4.383025999999999840e+02
4.383071999999999662e+02
4.383118000000000052e+02
4.383163999999999874e+02
4.383209999999999695e+02
4.383256000000000085e+02
4.383301999999999907e+02
4.383347999999999729e+02
4.383394000000000119e+02
4.383439999999999941e+02
4.383485999999999763e+02
4.383532000000000153e+02
4.383577999999999975e+02
4.383623999999999796e+02
4.383670000000000186e+02
4.383716000000000008e+02
4.383761999999999830e+02
4.383807999999999652e+02
4.383854000000000042e+02
4.383899999999999864e+02
4.383945999999999685e+02
4.383992000000000075e+02
4.384037999999999897e+02
4.384083999999999719e+02
4.384130000000000109e+02
4.384175999999999931e+02
4.384221999999999753e+02
4.384268000000000143e+02
4.384313999999999965e+02
4.384359999999999786e+02
4.384406000000000176e+02
4.384451999999999998e+02
4.384497999999999820e+02
4.384543999999999642e+02
4.384590000000000032e+02
4.384635999999999854e+02
4.384681999999999675e+02
4.384728000000000065e+02
4.384773999999999887e+02
4.384819999999999709e+02
4.384866000000000099e+02
4.384911999999999921e+02
4.384957999999999743e+02
4.385004000000000133e+02
4.385049999999999955e+02
4.385095999999999776e+02
4.385142000000000166e+02
4.385187999999999988e+02
4.385233999999999810e+02
4.385280000000000200e+02
4.385326000000000022e+02
4.385371999999999844e+02
4.385417999999999665e+02
4.385464000000000055e+02
4.385509999999999877e+02
4.385555999999999699e+02
4.385602000000000089e+02
4.385647999999999911e+02
4.385693999999999733e+02
4.385740000000000123e+02
4.385785999999999945e+02
4.385831999999999766e+02
4.385878000000000156e+02
4.385923999999999978e+02
4.385969999999999800e+02
4.386016000000000190e+02
4.386062000000000012e+02
4.386107999999999834e+02
4.386153999999999655e+02
4.386200000000000045e+02
4.386245999999999867e+02
4.386291999999999689e+02
4.386338000000000079e+02
4.386383999999999901e+02
4.386429999999999723e+02
4.386476000000000113e+02
4.386521999999999935e+02
4.386567999999999756e+02
4.386614000000000146e+02
4.386659999999999968e+02
4.386705999999999790e+02
4.386752000000000180e+02
4.386798000000000002e+02
4.386843999999999824e+02
4.386890000000000214e+02
4.386936000000000035e+02
4.386981999999999857e+02
4.387027999999999679e+02
4.387074000000000069e+02
4.387119999999999891e+02
4.387165999999999713e+02
4.387212000000000103e+02
4.387257999999999925e+02
4.387303999999999746e+02
4.387350000000000136e+02
4.387395999999999958e+02
4.387441999999999780e+02
4.387488000000000170e+02
4.387533999999999992e+02
4.387579999999999814e+02
4.387626000000000204e+02
4.387672000000000025e+02
4.387717999999999847e+02
4.387763999999999669e+02
4.387810000000000059e+02
4.387855999999999881e+02
4.387901999999999703e+02
4.387948000000000093e+02
4.387993999999999915e+02
4.388039999999999736e+02
4.388086000000000126e+02
4.388131999999999948e+02
4.388177999999999770e+02
4.388224000000000160e+02
4.388269999999999982e+02
4.388315999999999804e+02
4.388362000000000194e+02
4.388408000000000015e+02
4.388453999999999837e+02
4.388500000000000227e+02
4.388546000000000049e+02
4.388591999999999871e+02
4.388637999999999693e+02
4.388684000000000083e+02
4.388729999999999905e+02
4.388775999999999726e+02
4.388822000000000116e+02
4.388867999999999938e+02
4.388913999999999760e+02
4.388960000000000150e+02
4.389005999999999972e+02
4.389051999999999794e+02
4.389098000000000184e+02
4.389144000000000005e+02
4.389189999999999827e+02
4.389236000000000217e+02
4.389282000000000039e+02
4.389327999999999861e+02
4.389373999999999683e+02
4.389420000000000073e+02
4.389465999999999894e+02
4.389511999999999716e+02
4.389558000000000106e+02
4.389603999999999928e+02
4.389649999999999750e+02
4.389696000000000140e+02
4.389741999999999962e+02
4.389787999999999784e+02
4.389834000000000174e+02
4.389879999999999995e+02
4.389925999999999817e+02
4.389972000000000207e+02
4.390018000000000029e+02
4.390063999999999851e+02
4.390109999999999673e+02
4.390156000000000063e+02
4.390201999999999884e+02
4.390247999999999706e+02
4.390294000000000096e+02
4.390339999999999918e+02
4.390385999999999740e+02
4.390432000000000130e+02
4.390477999999999952e+02
4.390523999999999774e+02
4.390570000000000164e+02
4.390615999999999985e+02
4.390661999999999807e+02
4.390708000000000197e+02
4.390754000000000019e+02
4.390799999999999841e+02
4.390846000000000231e+02
4.390892000000000053e+02
4.390937999999999874e+02
4.390983999999999696e+02
4.391030000000000086e+02
4.391075999999999908e+02
4.391121999999999730e+02
4.391168000000000120e+02
4.391213999999999942e+02
4.391259999999999764e+02
4.391306000000000154e+02
4.391351999999999975e+02
4.391397999999999797e+02
4.391444000000000187e+02
4.391490000000000009e+02
4.391535999999999831e+02
4.391582000000000221e+02
4.391628000000000043e+02
4.391673999999999864e+02
4.391719999999999686e+02
4.391766000000000076e+02
4.391811999999999898e+02
4.391857999999999720e+02
4.391904000000000110e+02
4.391949999999999932e+02
4.391995999999999754e+02
4.392042000000000144e+02
4.392087999999999965e+02
4.392133999999999787e+02
4.392180000000000177e+02
4.392225999999999999e+02
4.392271999999999821e+02
4.392318000000000211e+02
4.392364000000000033e+02
4.392409999999999854e+02
4.392456000000000245e+02
4.392502000000000066e+02
4.392547999999999888e+02
4.392593999999999710e+02
4.392640000000000100e+02
4.392685999999999922e+02
4.392731999999999744e+02
4.392778000000000134e+02
4.392823999999999955e+02
4.392869999999999777e+02
4.392916000000000167e+02
4.392961999999999989e+02
4.393007999999999811e+02
4.393054000000000201e+02
4.393100000000000023e+02
4.393145999999999844e+02
4.393192000000000235e+02
4.393238000000000056e+02
4.393283999999999878e+02
4.393329999999999700e+02
4.393376000000000090e+02
4.393421999999999912e+02
4.393467999999999734e+02
4.393514000000000124e+02
4.393559999999999945e+02
4.393605999999999767e+02
4.393652000000000157e+02
4.393697999999999979e+02
4.393743999999999801e+02
4.393790000000000191e+02
4.393836000000000013e+02
4.393881999999999834e+02
4.393928000000000225e+02
4.393974000000000046e+02
4.394019999999999868e+02
4.394065999999999690e+02
4.394112000000000080e+02
4.394157999999999902e+02
4.394203999999999724e+02
4.394250000000000114e+02
4.394295999999999935e+02
4.394341999999999757e+02
4.394388000000000147e+02
4.394433999999999969e+02
4.394479999999999791e+02
4.394526000000000181e+02
4.394572000000000003e+02
4.394617999999999824e+02
4.394664000000000215e+02
4.394710000000000036e+02
4.394755999999999858e+02
4.394802000000000248e+02
4.394848000000000070e+02
4.394893999999999892e+02
4.394939999999999714e+02
4.394986000000000104e+02
4.395031999999999925e+02
4.395077999999999747e+02
4.395124000000000137e+02
4.395169999999999959e+02
4.395215999999999781e+02
4.395262000000000171e+02
4.395307999999999993e+02
4.395353999999999814e+02
4.395400000000000205e+02
4.395446000000000026e+02
4.395491999999999848e+02
4.395538000000000238e+02
4.395584000000000060e+02
4.395629999999999882e+02
4.395675999999999704e+02
4.395722000000000094e+02
4.395767999999999915e+02
4.395813999999999737e+02
4.395860000000000127e+02
4.395905999999999949e+02
4.395951999999999771e+02
4.395998000000000161e+02
4.396043999999999983e+02
4.396089999999999804e+02
4.396136000000000195e+02
4.396182000000000016e+02
4.396227999999999838e+02
4.396274000000000228e+02
4.396320000000000050e+02
4.396365999999999872e+02
4.396412000000000262e+02
4.396458000000000084e+02
4.396503999999999905e+02
4.396549999999999727e+02
4.396596000000000117e+02
4.396641999999999939e+02
4.396687999999999761e+02
4.396734000000000151e+02
4.396779999999999973e+02
4.396825999999999794e+02
4.396872000000000185e+02
4.396918000000000006e+02
4.396963999999999828e+02
4.397010000000000218e+02
4.397056000000000040e+02
4.397101999999999862e+02
4.397148000000000252e+02
4.397194000000000074e+02
4.397239999999999895e+02
4.397285999999999717e+02
4.397332000000000107e+02
4.397377999999999929e+02
4.397423999999999751e+02
4.397470000000000141e+02
4.397515999999999963e+02
4.397561999999999784e+02
4.397608000000000175e+02
4.397653999999999996e+02
4.397699999999999818e+02
4.397746000000000208e+02
4.397792000000000030e+02
4.397837999999999852e+02
4.397884000000000242e+02
4.397930000000000064e+02
4.397975999999999885e+02
4.398021999999999707e+02
4.398068000000000097e+02
4.398113999999999919e+02
4.398159999999999741e+02
4.398206000000000131e+02
4.398251999999999953e+02
4.398297999999999774e+02
4.398344000000000165e+02
4.398389999999999986e+02
4.398435999999999808e+02
4.398482000000000198e+02
4.398528000000000020e+02
4.398573999999999842e+02
4.398620000000000232e+02
4.398666000000000054e+02
4.398711999999999875e+02
4.398758000000000266e+02
4.398804000000000087e+02
4.398849999999999909e+02
4.398895999999999731e+02
4.398942000000000121e+02
4.398987999999999943e+02
4.399033999999999764e+02
4.399080000000000155e+02
4.399125999999999976e+02
4.399171999999999798e+02
4.399218000000000188e+02
4.399264000000000010e+02
4.399309999999999832e+02
4.399356000000000222e+02
4.399402000000000044e+02
4.399447999999999865e+02
4.399494000000000256e+02
4.399540000000000077e+02
4.399585999999999899e+02
4.399631999999999721e+02
4.399678000000000111e+02
4.399723999999999933e+02
4.399769999999999754e+02
4.399816000000000145e+02
4.399861999999999966e+02
4.399907999999999788e+02
4.399954000000000178e+02
4.400000000000000000e+02
