4.480294000000000096e+02
4.481396500000000174e+02
4.482404500000000098e+02
4.483507000000000176e+02
4.484535999999999945e+02
4.485606999999999971e+02
4.486636000000000308e+02
4.487696500000000128e+02
4.488693999999999846e+02
4.489733499999999822e+02
4.490615500000000111e+02
4.490751999999999953e+02
4.490773000000000366e+02
4.490909500000000207e+02
4.491140500000000202e+02
4.491182499999999891e+02
4.491213999999999942e+02
4.491444999999999936e+02
4.491508000000000038e+02
4.491802000000000135e+02
4.491896500000000287e+02
4.491970000000000027e+02
4.492221999999999866e+02
4.492316500000000019e+02
4.492736500000000319e+02
4.493114500000000362e+02
4.493188000000000102e+02
4.493240499999999997e+02
4.493303500000000099e+02
4.493387500000000045e+02
4.493513500000000249e+02
4.493597500000000196e+02
4.493776000000000295e+02
4.493954500000000394e+02
4.494091000000000236e+02
4.494206500000000233e+02
4.494406000000000176e+02
4.494594999999999914e+02
4.494763000000000375e+02
4.494983500000000163e+02
4.495109500000000367e+02
4.495267000000000053e+02
4.495424500000000307e+02
4.495676500000000146e+02
4.495812999999999988e+02
4.495855000000000246e+02
4.495896999999999935e+02
4.495970500000000243e+02
4.496043999999999983e+02
4.496274999999999977e+02
4.496485000000000127e+02
4.496537500000000023e+02
4.496569000000000074e+02
4.496736999999999966e+02
4.496863000000000170e+02
4.497094000000000165e+02
4.497356500000000210e+02
4.497598000000000411e+02
4.497766000000000304e+02
4.497881500000000301e+02
4.498186000000000035e+02
4.498396000000000186e+02
4.498711000000000126e+02
4.498837000000000330e+02
4.498889500000000226e+02
4.498942000000000121e+02
4.499005000000000223e+02
4.499320000000000164e+02
4.499467000000000212e+02
4.499551000000000158e+02
4.499687500000000000e+02
4.499802999999999997e+02
4.499845000000000255e+02
