4.396999999999999886e+02
4.397002999999999702e+02
4.397006000000000085e+02
4.397008999999999901e+02
4.397011999999999716e+02
4.397015000000000100e+02
4.397017999999999915e+02
4.397020999999999731e+02
4.397024000000000115e+02
4.397026999999999930e+02
4.397029999999999745e+02
4.397033000000000129e+02
4.397035999999999945e+02
4.397038999999999760e+02
4.397042000000000144e+02
4.397044999999999959e+02
4.397047999999999774e+02
4.397051000000000158e+02
4.397053999999999974e+02
4.397056999999999789e+02
4.397060000000000173e+02
4.397062999999999988e+02
4.397065999999999804e+02
4.397068999999999619e+02
4.397072000000000003e+02
4.397074999999999818e+02
4.397077999999999633e+02
4.397081000000000017e+02
4.397083999999999833e+02
4.397086999999999648e+02
4.397090000000000032e+02
4.397092999999999847e+02
4.397095999999999663e+02
4.397099000000000046e+02
4.397101999999999862e+02
4.397104999999999677e+02
4.397108000000000061e+02
4.397110999999999876e+02
4.397113999999999692e+02
4.397117000000000075e+02
4.397119999999999891e+02
4.397122999999999706e+02
4.397126000000000090e+02
4.397128999999999905e+02
4.397131999999999721e+02
4.397135000000000105e+02
4.397137999999999920e+02
4.397140999999999735e+02
4.397144000000000119e+02
4.397146999999999935e+02
4.397149999999999750e+02
4.397153000000000134e+02
4.397155999999999949e+02
4.397158999999999764e+02
4.397162000000000148e+02
4.397164999999999964e+02
4.397167999999999779e+02
4.397171000000000163e+02
4.397173999999999978e+02
4.397176999999999794e+02
4.397179999999999609e+02
4.397182999999999993e+02
4.397185999999999808e+02
4.397188999999999623e+02
4.397192000000000007e+02
4.397194999999999823e+02
4.397197999999999638e+02
4.397201000000000022e+02
4.397203999999999837e+02
4.397206999999999653e+02
4.397210000000000036e+02
4.397212999999999852e+02
4.397215999999999667e+02
4.397219000000000051e+02
4.397221999999999866e+02
4.397224999999999682e+02
4.397228000000000065e+02
4.397230999999999881e+02
4.397233999999999696e+02
4.397237000000000080e+02
4.397239999999999895e+02
4.397242999999999711e+02
4.397246000000000095e+02
4.397248999999999910e+02
4.397251999999999725e+02
4.397255000000000109e+02
4.397257999999999925e+02
4.397260999999999740e+02
4.397264000000000124e+02
4.397266999999999939e+02
4.397269999999999754e+02
4.397273000000000138e+02
4.397275999999999954e+02
4.397278999999999769e+02
4.397282000000000153e+02
4.397284999999999968e+02
4.397287999999999784e+02
4.397291000000000167e+02
4.397293999999999983e+02
4.397296999999999798e+02
4.397300000000000182e+02
4.397302999999999997e+02
4.397305999999999813e+02
4.397308999999999628e+02
4.397312000000000012e+02
4.397314999999999827e+02
4.397317999999999643e+02
4.397321000000000026e+02
4.397323999999999842e+02
4.397326999999999657e+02
4.397330000000000041e+02
4.397332999999999856e+02
4.397335999999999672e+02
4.397339000000000055e+02
4.397341999999999871e+02
4.397344999999999686e+02
4.397348000000000070e+02
4.397350999999999885e+02
4.397353999999999701e+02
4.397357000000000085e+02
4.397359999999999900e+02
4.397362999999999715e+02
4.397366000000000099e+02
4.397368999999999915e+02
4.397371999999999730e+02
4.397375000000000114e+02
4.397377999999999929e+02
4.397380999999999744e+02
4.397384000000000128e+02
4.397386999999999944e+02
4.397389999999999759e+02
4.397393000000000143e+02
4.397395999999999958e+02
4.397398999999999774e+02
4.397402000000000157e+02
4.397404999999999973e+02
4.397407999999999788e+02
4.397411000000000172e+02
4.397413999999999987e+02
4.397416999999999803e+02
4.397419999999999618e+02
4.397423000000000002e+02
4.397425999999999817e+02
4.397428999999999633e+02
4.397432000000000016e+02
4.397434999999999832e+02
4.397437999999999647e+02
4.397441000000000031e+02
4.397443999999999846e+02
4.397446999999999662e+02
4.397450000000000045e+02
4.397452999999999861e+02
4.397455999999999676e+02
4.397459000000000060e+02
4.397461999999999875e+02
4.397464999999999691e+02
4.397468000000000075e+02
4.397470999999999890e+02
4.397473999999999705e+02
4.397477000000000089e+02
4.397479999999999905e+02
4.397482999999999720e+02
4.397486000000000104e+02
4.397488999999999919e+02
4.397491999999999734e+02
4.397495000000000118e+02
4.397497999999999934e+02
4.397500999999999749e+02
4.397504000000000133e+02
4.397506999999999948e+02
4.397509999999999764e+02
4.397513000000000147e+02
4.397515999999999963e+02
4.397518999999999778e+02
4.397522000000000162e+02
4.397524999999999977e+02
4.397527999999999793e+02
4.397531000000000176e+02
4.397533999999999992e+02
4.397536999999999807e+02
4.397540000000000191e+02
4.397543000000000006e+02
4.397545999999999822e+02
4.397548999999999637e+02
4.397552000000000021e+02
4.397554999999999836e+02
4.397557999999999652e+02
4.397561000000000035e+02
4.397563999999999851e+02
4.397566999999999666e+02
4.397570000000000050e+02
4.397572999999999865e+02
4.397575999999999681e+02
4.397579000000000065e+02
4.397581999999999880e+02
4.397584999999999695e+02
4.397588000000000079e+02
4.397590999999999894e+02
4.397593999999999710e+02
4.397597000000000094e+02
4.397599999999999909e+02
4.397602999999999724e+02
4.397606000000000108e+02
4.397608999999999924e+02
4.397611999999999739e+02
4.397615000000000123e+02
4.397617999999999938e+02
4.397620999999999754e+02
4.397624000000000137e+02
4.397626999999999953e+02
4.397629999999999768e+02
4.397633000000000152e+02
4.397635999999999967e+02
4.397638999999999783e+02
4.397642000000000166e+02
4.397644999999999982e+02
4.397647999999999797e+02
4.397651000000000181e+02
4.397653999999999996e+02
4.397656999999999812e+02
4.397659999999999627e+02
4.397663000000000011e+02
4.397665999999999826e+02
4.397668999999999642e+02
4.397672000000000025e+02
4.397674999999999841e+02
4.397677999999999656e+02
4.397681000000000040e+02
4.397683999999999855e+02
4.397686999999999671e+02
4.397690000000000055e+02
4.397692999999999870e+02
4.397695999999999685e+02
4.397699000000000069e+02
4.397701999999999884e+02
4.397704999999999700e+02
4.397708000000000084e+02
4.397710999999999899e+02
4.397713999999999714e+02
4.397717000000000098e+02
4.397719999999999914e+02
4.397722999999999729e+02
4.397726000000000113e+02
4.397728999999999928e+02
4.397731999999999744e+02
4.397735000000000127e+02
4.397737999999999943e+02
4.397740999999999758e+02
4.397744000000000142e+02
4.397746999999999957e+02
4.397749999999999773e+02
4.397753000000000156e+02
4.397755999999999972e+02
4.397758999999999787e+02
4.397762000000000171e+02
4.397764999999999986e+02
4.397767999999999802e+02
4.397771000000000186e+02
4.397774000000000001e+02
4.397776999999999816e+02
4.397780000000000200e+02
4.397783000000000015e+02
4.397785999999999831e+02
4.397788999999999646e+02
4.397792000000000030e+02
4.397794999999999845e+02
4.397797999999999661e+02
4.397801000000000045e+02
4.397803999999999860e+02
4.397806999999999675e+02
4.397810000000000059e+02
4.397812999999999874e+02
4.397815999999999690e+02
4.397819000000000074e+02
4.397821999999999889e+02
4.397824999999999704e+02
4.397828000000000088e+02
4.397830999999999904e+02
4.397833999999999719e+02
4.397837000000000103e+02
4.397839999999999918e+02
4.397842999999999734e+02
4.397846000000000117e+02
4.397848999999999933e+02
4.397851999999999748e+02
4.397855000000000132e+02
4.397857999999999947e+02
4.397860999999999763e+02
4.397864000000000146e+02
4.397866999999999962e+02
4.397869999999999777e+02
4.397873000000000161e+02
4.397875999999999976e+02
4.397878999999999792e+02
4.397882000000000176e+02
4.397884999999999991e+02
4.397887999999999806e+02
4.397891000000000190e+02
4.397894000000000005e+02
4.397896999999999821e+02
4.397899999999999636e+02
4.397903000000000020e+02
4.397905999999999835e+02
4.397908999999999651e+02
4.397912000000000035e+02
4.397914999999999850e+02
4.397917999999999665e+02
4.397921000000000049e+02
4.397923999999999864e+02
4.397926999999999680e+02
4.397930000000000064e+02
4.397932999999999879e+02
4.397935999999999694e+02
4.397939000000000078e+02
4.397941999999999894e+02
4.397944999999999709e+02
4.397948000000000093e+02
4.397950999999999908e+02
4.397953999999999724e+02
4.397957000000000107e+02
4.397959999999999923e+02
4.397962999999999738e+02
4.397966000000000122e+02
4.397968999999999937e+02
4.397971999999999753e+02
4.397975000000000136e+02
4.397977999999999952e+02
4.397980999999999767e+02
4.397984000000000151e+02
4.397986999999999966e+02
4.397989999999999782e+02
4.397993000000000166e+02
4.397995999999999981e+02
4.397998999999999796e+02
4.398002000000000180e+02
4.398004999999999995e+02
4.398007999999999811e+02
4.398011000000000195e+02
4.398014000000000010e+02
4.398016999999999825e+02
4.398020000000000209e+02
4.398023000000000025e+02
4.398025999999999840e+02
4.398028999999999655e+02
4.398032000000000039e+02
4.398034999999999854e+02
4.398037999999999670e+02
4.398041000000000054e+02
4.398043999999999869e+02
4.398046999999999684e+02
4.398050000000000068e+02
4.398052999999999884e+02
4.398055999999999699e+02
4.398059000000000083e+02
4.398061999999999898e+02
4.398064999999999714e+02
4.398068000000000097e+02
4.398070999999999913e+02
4.398073999999999728e+02
4.398077000000000112e+02
4.398079999999999927e+02
4.398082999999999743e+02
4.398086000000000126e+02
4.398088999999999942e+02
4.398091999999999757e+02
4.398095000000000141e+02
4.398097999999999956e+02
4.398100999999999772e+02
4.398104000000000156e+02
4.398106999999999971e+02
4.398109999999999786e+02
4.398113000000000170e+02
4.398115999999999985e+02
4.398118999999999801e+02
4.398122000000000185e+02
4.398125000000000000e+02
4.398127999999999815e+02
4.398131000000000199e+02
4.398134000000000015e+02
4.398136999999999830e+02
4.398139999999999645e+02
4.398143000000000029e+02
4.398145999999999844e+02
4.398148999999999660e+02
4.398152000000000044e+02
4.398154999999999859e+02
4.398157999999999674e+02
4.398161000000000058e+02
4.398163999999999874e+02
4.398166999999999689e+02
4.398170000000000073e+02
4.398172999999999888e+02
4.398175999999999704e+02
4.398179000000000087e+02
4.398181999999999903e+02
4.398184999999999718e+02
4.398188000000000102e+02
4.398190999999999917e+02
4.398193999999999733e+02
4.398197000000000116e+02
4.398199999999999932e+02
4.398202999999999747e+02
4.398206000000000131e+02
4.398208999999999946e+02
4.398211999999999762e+02
4.398215000000000146e+02
4.398217999999999961e+02
4.398220999999999776e+02
4.398224000000000160e+02
4.398226999999999975e+02
4.398229999999999791e+02
4.398233000000000175e+02
4.398235999999999990e+02
4.398238999999999805e+02
4.398242000000000189e+02
4.398245000000000005e+02
4.398247999999999820e+02
4.398251000000000204e+02
4.398254000000000019e+02
4.398256999999999834e+02
4.398260000000000218e+02
4.398263000000000034e+02
4.398265999999999849e+02
4.398268999999999664e+02
4.398272000000000048e+02
4.398274999999999864e+02
4.398277999999999679e+02
4.398281000000000063e+02
4.398283999999999878e+02
4.398286999999999694e+02
4.398290000000000077e+02
4.398292999999999893e+02
4.398295999999999708e+02
4.398299000000000092e+02
4.398301999999999907e+02
4.398304999999999723e+02
4.398308000000000106e+02
4.398310999999999922e+02
4.398313999999999737e+02
4.398317000000000121e+02
4.398319999999999936e+02
4.398322999999999752e+02
4.398326000000000136e+02
4.398328999999999951e+02
4.398331999999999766e+02
4.398335000000000150e+02
4.398337999999999965e+02
4.398340999999999781e+02
4.398344000000000165e+02
4.398346999999999980e+02
4.398349999999999795e+02
4.398353000000000179e+02
4.398355999999999995e+02
4.398358999999999810e+02
4.398362000000000194e+02
4.398365000000000009e+02
4.398367999999999824e+02
4.398371000000000208e+02
4.398374000000000024e+02
4.398376999999999839e+02
4.398379999999999654e+02
4.398383000000000038e+02
4.398385999999999854e+02
4.398388999999999669e+02
4.398392000000000053e+02
4.398394999999999868e+02
4.398397999999999683e+02
4.398401000000000067e+02
4.398403999999999883e+02
4.398406999999999698e+02
4.398410000000000082e+02
4.398412999999999897e+02
4.398415999999999713e+02
4.398419000000000096e+02
4.398421999999999912e+02
4.398424999999999727e+02
4.398428000000000111e+02
4.398430999999999926e+02
4.398433999999999742e+02
4.398437000000000126e+02
4.398439999999999941e+02
4.398442999999999756e+02
4.398446000000000140e+02
4.398448999999999955e+02
4.398451999999999771e+02
4.398455000000000155e+02
4.398457999999999970e+02
4.398460999999999785e+02
4.398464000000000169e+02
4.398466999999999985e+02
4.398469999999999800e+02
4.398473000000000184e+02
4.398475999999999999e+02
4.398478999999999814e+02
4.398482000000000198e+02
4.398485000000000014e+02
4.398487999999999829e+02
4.398491000000000213e+02
4.398494000000000028e+02
4.398496999999999844e+02
4.398500000000000227e+02
4.398503000000000043e+02
4.398505999999999858e+02
4.398508999999999673e+02
4.398512000000000057e+02
4.398514999999999873e+02
4.398517999999999688e+02
4.398521000000000072e+02
4.398523999999999887e+02
4.398526999999999703e+02
4.398530000000000086e+02
4.398532999999999902e+02
4.398535999999999717e+02
4.398539000000000101e+02
4.398541999999999916e+02
4.398544999999999732e+02
4.398548000000000116e+02
4.398550999999999931e+02
4.398553999999999746e+02
4.398557000000000130e+02
4.398559999999999945e+02
4.398562999999999761e+02
4.398566000000000145e+02
4.398568999999999960e+02
4.398571999999999775e+02
4.398575000000000159e+02
4.398577999999999975e+02
4.398580999999999790e+02
4.398584000000000174e+02
4.398586999999999989e+02
4.398589999999999804e+02
4.398593000000000188e+02
4.398596000000000004e+02
4.398598999999999819e+02
4.398602000000000203e+02
4.398605000000000018e+02
4.398607999999999834e+02
4.398611000000000217e+02
4.398614000000000033e+02
4.398616999999999848e+02
4.398619999999999663e+02
4.398623000000000047e+02
4.398625999999999863e+02
4.398628999999999678e+02
4.398632000000000062e+02
4.398634999999999877e+02
4.398637999999999693e+02
4.398641000000000076e+02
4.398643999999999892e+02
4.398646999999999707e+02
4.398650000000000091e+02
4.398652999999999906e+02
4.398655999999999722e+02
4.398659000000000106e+02
4.398661999999999921e+02
4.398664999999999736e+02
4.398668000000000120e+02
4.398670999999999935e+02
4.398673999999999751e+02
4.398677000000000135e+02
4.398679999999999950e+02
4.398682999999999765e+02
4.398686000000000149e+02
4.398688999999999965e+02
4.398691999999999780e+02
4.398695000000000164e+02
4.398697999999999979e+02
4.398700999999999794e+02
4.398704000000000178e+02
4.398706999999999994e+02
4.398709999999999809e+02
4.398713000000000193e+02
4.398716000000000008e+02
4.398718999999999824e+02
4.398722000000000207e+02
4.398725000000000023e+02
4.398727999999999838e+02
4.398731000000000222e+02
4.398734000000000037e+02
4.398736999999999853e+02
4.398740000000000236e+02
4.398743000000000052e+02
4.398745999999999867e+02
4.398748999999999683e+02
4.398752000000000066e+02
4.398754999999999882e+02
4.398757999999999697e+02
4.398761000000000081e+02
4.398763999999999896e+02
4.398766999999999712e+02
4.398770000000000095e+02
4.398772999999999911e+02
4.398775999999999726e+02
4.398779000000000110e+02
4.398781999999999925e+02
4.398784999999999741e+02
4.398788000000000125e+02
4.398790999999999940e+02
4.398793999999999755e+02
4.398797000000000139e+02
4.398799999999999955e+02
4.398802999999999770e+02
4.398806000000000154e+02
4.398808999999999969e+02
4.398811999999999784e+02
4.398815000000000168e+02
4.398817999999999984e+02
4.398820999999999799e+02
4.398824000000000183e+02
4.398826999999999998e+02
4.398829999999999814e+02
4.398833000000000197e+02
4.398836000000000013e+02
4.398838999999999828e+02
4.398842000000000212e+02
4.398845000000000027e+02
4.398847999999999843e+02
4.398851000000000226e+02
4.398854000000000042e+02
4.398856999999999857e+02
4.398859999999999673e+02
4.398863000000000056e+02
4.398865999999999872e+02
4.398868999999999687e+02
4.398872000000000071e+02
4.398874999999999886e+02
4.398877999999999702e+02
4.398881000000000085e+02
4.398883999999999901e+02
4.398886999999999716e+02
4.398890000000000100e+02
4.398892999999999915e+02
4.398895999999999731e+02
4.398899000000000115e+02
4.398901999999999930e+02
4.398904999999999745e+02
4.398908000000000129e+02
4.398910999999999945e+02
4.398913999999999760e+02
4.398917000000000144e+02
4.398919999999999959e+02
4.398922999999999774e+02
4.398926000000000158e+02
4.398928999999999974e+02
4.398931999999999789e+02
4.398935000000000173e+02
4.398937999999999988e+02
4.398940999999999804e+02
4.398944000000000187e+02
4.398947000000000003e+02
4.398949999999999818e+02
4.398953000000000202e+02
4.398956000000000017e+02
4.398958999999999833e+02
4.398962000000000216e+02
4.398965000000000032e+02
4.398967999999999847e+02
4.398971000000000231e+02
4.398974000000000046e+02
4.398976999999999862e+02
4.398980000000000246e+02
4.398983000000000061e+02
4.398985999999999876e+02
4.398988999999999692e+02
4.398992000000000075e+02
4.398994999999999891e+02
4.398997999999999706e+02
4.399001000000000090e+02
4.399003999999999905e+02
4.399006999999999721e+02
4.399010000000000105e+02
4.399012999999999920e+02
4.399015999999999735e+02
4.399019000000000119e+02
4.399021999999999935e+02
4.399024999999999750e+02
4.399028000000000134e+02
4.399030999999999949e+02
4.399033999999999764e+02
4.399037000000000148e+02
4.399039999999999964e+02
4.399042999999999779e+02
4.399046000000000163e+02
4.399048999999999978e+02
4.399051999999999794e+02
4.399055000000000177e+02
4.399057999999999993e+02
4.399060999999999808e+02
4.399064000000000192e+02
4.399067000000000007e+02
4.399069999999999823e+02
4.399073000000000206e+02
4.399076000000000022e+02
4.399078999999999837e+02
4.399082000000000221e+02
4.399085000000000036e+02
4.399087999999999852e+02
4.399091000000000236e+02
4.399094000000000051e+02
4.399096999999999866e+02
4.399099999999999682e+02
4.399103000000000065e+02
4.399105999999999881e+02
4.399108999999999696e+02
4.399112000000000080e+02
4.399114999999999895e+02
4.399117999999999711e+02
4.399121000000000095e+02
4.399123999999999910e+02
4.399126999999999725e+02
4.399130000000000109e+02
4.399132999999999925e+02
4.399135999999999740e+02
4.399139000000000124e+02
4.399141999999999939e+02
4.399144999999999754e+02
4.399148000000000138e+02
4.399150999999999954e+02
4.399153999999999769e+02
4.399157000000000153e+02
4.399159999999999968e+02
4.399162999999999784e+02
4.399166000000000167e+02
4.399168999999999983e+02
4.399171999999999798e+02
4.399175000000000182e+02
4.399177999999999997e+02
4.399180999999999813e+02
4.399184000000000196e+02
4.399187000000000012e+02
4.399189999999999827e+02
4.399193000000000211e+02
4.399196000000000026e+02
4.399198999999999842e+02
4.399202000000000226e+02
4.399205000000000041e+02
4.399207999999999856e+02
4.399211000000000240e+02
4.399214000000000055e+02
4.399216999999999871e+02
4.399220000000000255e+02
4.399223000000000070e+02
4.399225999999999885e+02
4.399228999999999701e+02
4.399232000000000085e+02
4.399234999999999900e+02
4.399237999999999715e+02
4.399241000000000099e+02
4.399243999999999915e+02
4.399246999999999730e+02
4.399250000000000114e+02
4.399252999999999929e+02
4.399255999999999744e+02
4.399259000000000128e+02
4.399261999999999944e+02
4.399264999999999759e+02
4.399268000000000143e+02
4.399270999999999958e+02
4.399273999999999774e+02
4.399277000000000157e+02
4.399279999999999973e+02
4.399282999999999788e+02
4.399286000000000172e+02
4.399288999999999987e+02
4.399291999999999803e+02
4.399295000000000186e+02
4.399298000000000002e+02
4.399300999999999817e+02
4.399304000000000201e+02
4.399307000000000016e+02
4.399309999999999832e+02
4.399313000000000216e+02
4.399316000000000031e+02
4.399318999999999846e+02
4.399322000000000230e+02
4.399325000000000045e+02
4.399327999999999861e+02
4.399331000000000245e+02
4.399334000000000060e+02
4.399336999999999875e+02
4.399339999999999691e+02
4.399343000000000075e+02
4.399345999999999890e+02
4.399348999999999705e+02
4.399352000000000089e+02
4.399354999999999905e+02
4.399357999999999720e+02
4.399361000000000104e+02
4.399363999999999919e+02
4.399366999999999734e+02
4.399370000000000118e+02
4.399372999999999934e+02
4.399375999999999749e+02
4.399379000000000133e+02
4.399381999999999948e+02
4.399384999999999764e+02
4.399388000000000147e+02
4.399390999999999963e+02
4.399393999999999778e+02
4.399397000000000162e+02
4.399399999999999977e+02
4.399402999999999793e+02
4.399406000000000176e+02
4.399408999999999992e+02
4.399411999999999807e+02
4.399415000000000191e+02
4.399418000000000006e+02
4.399420999999999822e+02
4.399424000000000206e+02
4.399427000000000021e+02
4.399429999999999836e+02
4.399433000000000220e+02
4.399436000000000035e+02
4.399438999999999851e+02
4.399442000000000235e+02
4.399445000000000050e+02
4.399447999999999865e+02
4.399451000000000249e+02
4.399454000000000065e+02
4.399456999999999880e+02
4.399460000000000264e+02
4.399463000000000079e+02
4.399465999999999894e+02
4.399468999999999710e+02
4.399472000000000094e+02
4.399474999999999909e+02
4.399477999999999724e+02
4.399481000000000108e+02
4.399483999999999924e+02
4.399486999999999739e+02
4.399490000000000123e+02
4.399492999999999938e+02
4.399495999999999754e+02
4.399499000000000137e+02
4.399501999999999953e+02
4.399504999999999768e+02
4.399508000000000152e+02
4.399510999999999967e+02
4.399513999999999783e+02
4.399517000000000166e+02
4.399519999999999982e+02
4.399522999999999797e+02
4.399526000000000181e+02
4.399528999999999996e+02
4.399531999999999812e+02
4.399535000000000196e+02
4.399538000000000011e+02
4.399540999999999826e+02
4.399544000000000210e+02
4.399547000000000025e+02
4.399549999999999841e+02
4.399553000000000225e+02
4.399556000000000040e+02
4.399558999999999855e+02
4.399562000000000239e+02
4.399565000000000055e+02
4.399567999999999870e+02
4.399571000000000254e+02
4.399574000000000069e+02
4.399576999999999884e+02
4.399579999999999700e+02
4.399583000000000084e+02
4.399585999999999899e+02
4.399588999999999714e+02
4.399592000000000098e+02
4.399594999999999914e+02
4.399597999999999729e+02
4.399601000000000113e+02
4.399603999999999928e+02
4.399606999999999744e+02
4.399610000000000127e+02
4.399612999999999943e+02
4.399615999999999758e+02
4.399619000000000142e+02
4.399621999999999957e+02
4.399624999999999773e+02
4.399628000000000156e+02
4.399630999999999972e+02
4.399633999999999787e+02
4.399637000000000171e+02
4.399639999999999986e+02
4.399642999999999802e+02
4.399646000000000186e+02
4.399649000000000001e+02
4.399651999999999816e+02
4.399655000000000200e+02
4.399658000000000015e+02
4.399660999999999831e+02
4.399664000000000215e+02
4.399667000000000030e+02
4.399669999999999845e+02
4.399673000000000229e+02
4.399676000000000045e+02
4.399678999999999860e+02
4.399682000000000244e+02
4.399685000000000059e+02
4.399687999999999874e+02
4.399691000000000258e+02
4.399694000000000074e+02
4.399696999999999889e+02
4.399700000000000273e+02
4.399703000000000088e+02
4.399705999999999904e+02
4.399708999999999719e+02
4.399712000000000103e+02
4.399714999999999918e+02
4.399717999999999734e+02
4.399721000000000117e+02
4.399723999999999933e+02
4.399726999999999748e+02
4.399730000000000132e+02
4.399732999999999947e+02
4.399735999999999763e+02
4.399739000000000146e+02
4.399741999999999962e+02
4.399744999999999777e+02
4.399748000000000161e+02
4.399750999999999976e+02
4.399753999999999792e+02
4.399757000000000176e+02
4.399759999999999991e+02
4.399762999999999806e+02
4.399766000000000190e+02
4.399769000000000005e+02
4.399771999999999821e+02
4.399775000000000205e+02
4.399778000000000020e+02
4.399780999999999835e+02
4.399784000000000219e+02
4.399787000000000035e+02
4.399789999999999850e+02
4.399793000000000234e+02
4.399796000000000049e+02
4.399798999999999864e+02
4.399802000000000248e+02
4.399805000000000064e+02
4.399807999999999879e+02
4.399811000000000263e+02
4.399814000000000078e+02
4.399816999999999894e+02
4.399819999999999709e+02
4.399823000000000093e+02
4.399825999999999908e+02
4.399828999999999724e+02
4.399832000000000107e+02
4.399834999999999923e+02
4.399837999999999738e+02
4.399841000000000122e+02
4.399843999999999937e+02
4.399846999999999753e+02
4.399850000000000136e+02
4.399852999999999952e+02
4.399855999999999767e+02
4.399859000000000151e+02
4.399861999999999966e+02
4.399864999999999782e+02
4.399868000000000166e+02
4.399870999999999981e+02
4.399873999999999796e+02
4.399877000000000180e+02
4.399879999999999995e+02
4.399882999999999811e+02
4.399886000000000195e+02
4.399889000000000010e+02
4.399891999999999825e+02
4.399895000000000209e+02
4.399898000000000025e+02
4.399900999999999840e+02
4.399904000000000224e+02
4.399907000000000039e+02
4.399909999999999854e+02
4.399913000000000238e+02
4.399916000000000054e+02
4.399918999999999869e+02
4.399922000000000253e+02
4.399925000000000068e+02
4.399927999999999884e+02
4.399931000000000267e+02
4.399934000000000083e+02
4.399936999999999898e+02
4.399940000000000282e+02
4.399943000000000097e+02
4.399945999999999913e+02
4.399948999999999728e+02
4.399952000000000112e+02
4.399954999999999927e+02
4.399957999999999743e+02
4.399961000000000126e+02
4.399963999999999942e+02
4.399966999999999757e+02
4.399970000000000141e+02
4.399972999999999956e+02
4.399975999999999772e+02
4.399979000000000156e+02
4.399981999999999971e+02
4.399984999999999786e+02
4.399988000000000170e+02
4.399990999999999985e+02
4.399993999999999801e+02
4.399997000000000185e+02
4.400000000000000000e+02
