4.350000000000000000e+02
4.350099999999999909e+02
4.350199999999999818e+02
4.350299999999999727e+02
4.350400000000000205e+02
4.350500000000000114e+02
4.350600000000000023e+02
4.350699999999999932e+02
4.350799999999999841e+02
4.350899999999999750e+02
4.351000000000000227e+02
4.351100000000000136e+02
4.351200000000000045e+02
4.351299999999999955e+02
4.351399999999999864e+02
4.351499999999999773e+02
4.351600000000000250e+02
4.351700000000000159e+02
4.351800000000000068e+02
4.351899999999999977e+02
4.351999999999999886e+02
4.352099999999999795e+02
4.352200000000000273e+02
4.352300000000000182e+02
4.352400000000000091e+02
4.352500000000000000e+02
4.352599999999999909e+02
4.352699999999999818e+02
4.352799999999999727e+02
4.352900000000000205e+02
4.353000000000000114e+02
4.353100000000000023e+02
4.353199999999999932e+02
4.353299999999999841e+02
4.353399999999999750e+02
4.353500000000000227e+02
4.353600000000000136e+02
4.353700000000000045e+02
4.353799999999999955e+02
4.353899999999999864e+02
4.353999999999999773e+02
4.354100000000000250e+02
4.354200000000000159e+02
4.354300000000000068e+02
4.354399999999999977e+02
4.354499999999999886e+02
4.354599999999999795e+02
4.354700000000000273e+02
4.354800000000000182e+02
4.354900000000000091e+02
4.355000000000000000e+02
4.355099999999999909e+02
4.355199999999999818e+02
4.355299999999999727e+02
4.355400000000000205e+02
4.355500000000000114e+02
4.355600000000000023e+02
4.355699999999999932e+02
4.355799999999999841e+02
4.355899999999999750e+02
4.356000000000000227e+02
4.356100000000000136e+02
4.356200000000000045e+02
4.356299999999999955e+02
4.356399999999999864e+02
4.356499999999999773e+02
4.356600000000000250e+02
4.356700000000000159e+02
4.356800000000000068e+02
4.356899999999999977e+02
4.356999999999999886e+02
4.357099999999999795e+02
4.357200000000000273e+02
4.357300000000000182e+02
4.357400000000000091e+02
4.357500000000000000e+02
4.357599999999999909e+02
4.357699999999999818e+02
4.357799999999999727e+02
4.357900000000000205e+02
4.358000000000000114e+02
4.358100000000000023e+02
4.358199999999999932e+02
4.358299999999999841e+02
4.358399999999999750e+02
4.358500000000000227e+02
4.358600000000000136e+02
4.358700000000000045e+02
4.358799999999999955e+02
4.358899999999999864e+02
4.358999999999999773e+02
4.359100000000000250e+02
4.359200000000000159e+02
4.359300000000000068e+02
4.359399999999999977e+02
4.359499999999999886e+02
4.359599999999999795e+02
4.359700000000000273e+02
4.359800000000000182e+02
4.359900000000000091e+02
4.360000000000000000e+02
4.360099999999999909e+02
4.360199999999999818e+02
4.360299999999999727e+02
4.360400000000000205e+02
4.360500000000000114e+02
4.360600000000000023e+02
4.360699999999999932e+02
4.360799999999999841e+02
4.360899999999999750e+02
4.361000000000000227e+02
4.361100000000000136e+02
4.361200000000000045e+02
4.361299999999999955e+02
4.361399999999999864e+02
4.361499999999999773e+02
4.361600000000000250e+02
4.361700000000000159e+02
4.361800000000000068e+02
4.361899999999999977e+02
4.361999999999999886e+02
4.362099999999999795e+02
4.362200000000000273e+02
4.362300000000000182e+02
4.362400000000000091e+02
4.362500000000000000e+02
4.362599999999999909e+02
4.362699999999999818e+02
4.362799999999999727e+02
4.362900000000000205e+02
4.363000000000000114e+02
4.363100000000000023e+02
4.363199999999999932e+02
4.363299999999999841e+02
4.363399999999999750e+02
4.363500000000000227e+02
4.363600000000000136e+02
4.363700000000000045e+02
4.363799999999999955e+02
4.363899999999999864e+02
4.363999999999999773e+02
4.364100000000000250e+02
4.364200000000000159e+02
4.364300000000000068e+02
4.364399999999999977e+02
4.364499999999999886e+02
4.364599999999999795e+02
4.364700000000000273e+02
4.364800000000000182e+02
4.364900000000000091e+02
4.365000000000000000e+02
4.365099999999999909e+02
4.365199999999999818e+02
4.365299999999999727e+02
4.365400000000000205e+02
4.365500000000000114e+02
4.365600000000000023e+02
4.365699999999999932e+02
4.365799999999999841e+02
4.365899999999999750e+02
4.366000000000000227e+02
4.366100000000000136e+02
4.366200000000000045e+02
4.366299999999999955e+02
4.366399999999999864e+02
4.366499999999999773e+02
4.366600000000000250e+02
4.366700000000000159e+02
4.366800000000000068e+02
4.366899999999999977e+02
4.366999999999999886e+02
4.367099999999999795e+02
4.367200000000000273e+02
4.367300000000000182e+02
4.367400000000000091e+02
4.367500000000000000e+02
4.367599999999999909e+02
4.367699999999999818e+02
4.367799999999999727e+02
4.367900000000000205e+02
4.368000000000000114e+02
4.368100000000000023e+02
4.368199999999999932e+02
4.368299999999999841e+02
4.368399999999999750e+02
4.368500000000000227e+02
4.368600000000000136e+02
4.368700000000000045e+02
4.368799999999999955e+02
4.368899999999999864e+02
4.368999999999999773e+02
4.369100000000000250e+02
4.369200000000000159e+02
4.369300000000000068e+02
4.369399999999999977e+02
4.369499999999999886e+02
4.369599999999999795e+02
4.369700000000000273e+02
4.369800000000000182e+02
4.369900000000000091e+02
4.370000000000000000e+02
4.370099999999999909e+02
4.370199999999999818e+02
4.370299999999999727e+02
4.370400000000000205e+02
4.370500000000000114e+02
4.370600000000000023e+02
4.370699999999999932e+02
4.370799999999999841e+02
4.370899999999999750e+02
4.371000000000000227e+02
4.371100000000000136e+02
4.371200000000000045e+02
4.371299999999999955e+02
4.371399999999999864e+02
4.371499999999999773e+02
4.371600000000000250e+02
4.371700000000000159e+02
4.371800000000000068e+02
4.371899999999999977e+02
4.371999999999999886e+02
4.372099999999999795e+02
4.372200000000000273e+02
4.372300000000000182e+02
4.372400000000000091e+02
4.372500000000000000e+02
4.372599999999999909e+02
4.372699999999999818e+02
4.372799999999999727e+02
4.372900000000000205e+02
4.373000000000000114e+02
4.373100000000000023e+02
4.373199999999999932e+02
4.373299999999999841e+02
4.373399999999999750e+02
4.373500000000000227e+02
4.373600000000000136e+02
4.373700000000000045e+02
4.373799999999999955e+02
4.373899999999999864e+02
4.373999999999999773e+02
4.374100000000000250e+02
4.374200000000000159e+02
4.374300000000000068e+02
4.374399999999999977e+02
4.374499999999999886e+02
4.374599999999999795e+02
4.374700000000000273e+02
4.374800000000000182e+02
4.374900000000000091e+02
4.375000000000000000e+02
4.375099999999999909e+02
4.375199999999999818e+02
4.375299999999999727e+02
4.375400000000000205e+02
4.375500000000000114e+02
4.375600000000000023e+02
4.375699999999999932e+02
4.375799999999999841e+02
4.375899999999999750e+02
4.376000000000000227e+02
4.376100000000000136e+02
4.376200000000000045e+02
4.376299999999999955e+02
4.376399999999999864e+02
4.376499999999999773e+02
4.376600000000000250e+02
4.376700000000000159e+02
4.376800000000000068e+02
4.376899999999999977e+02
4.376999999999999886e+02
4.377099999999999795e+02
4.377200000000000273e+02
4.377300000000000182e+02
4.377400000000000091e+02
4.377500000000000000e+02
4.377599999999999909e+02
4.377699999999999818e+02
4.377799999999999727e+02
4.377900000000000205e+02
4.378000000000000114e+02
4.378100000000000023e+02
4.378199999999999932e+02
4.378299999999999841e+02
4.378399999999999750e+02
4.378500000000000227e+02
4.378600000000000136e+02
4.378700000000000045e+02
4.378799999999999955e+02
4.378899999999999864e+02
4.378999999999999773e+02
4.379100000000000250e+02
4.379200000000000159e+02
4.379300000000000068e+02
4.379399999999999977e+02
4.379499999999999886e+02
4.379599999999999795e+02
4.379700000000000273e+02
4.379800000000000182e+02
4.379900000000000091e+02
4.380000000000000000e+02
4.380099999999999909e+02
4.380199999999999818e+02
4.380299999999999727e+02
4.380400000000000205e+02
4.380500000000000114e+02
4.380600000000000023e+02
4.380699999999999932e+02
4.380799999999999841e+02
4.380899999999999750e+02
4.381000000000000227e+02
4.381100000000000136e+02
4.381200000000000045e+02
4.381299999999999955e+02
4.381399999999999864e+02
4.381499999999999773e+02
4.381600000000000250e+02
4.381700000000000159e+02
4.381800000000000068e+02
4.381899999999999977e+02
4.381999999999999886e+02
4.382099999999999795e+02
4.382200000000000273e+02
4.382300000000000182e+02
4.382400000000000091e+02
4.382500000000000000e+02
4.382599999999999909e+02
4.382699999999999818e+02
4.382799999999999727e+02
4.382900000000000205e+02
4.383000000000000114e+02
4.383100000000000023e+02
4.383199999999999932e+02
4.383299999999999841e+02
4.383399999999999750e+02
4.383500000000000227e+02
4.383600000000000136e+02
4.383700000000000045e+02
4.383799999999999955e+02
4.383899999999999864e+02
4.383999999999999773e+02
4.384100000000000250e+02
4.384200000000000159e+02
4.384300000000000068e+02
4.384399999999999977e+02
4.384499999999999886e+02
4.384599999999999795e+02
4.384700000000000273e+02
4.384800000000000182e+02
4.384900000000000091e+02
4.385000000000000000e+02
4.385099999999999909e+02
4.385199999999999818e+02
4.385299999999999727e+02
4.385400000000000205e+02
4.385500000000000114e+02
4.385600000000000023e+02
4.385699999999999932e+02
4.385799999999999841e+02
4.385899999999999750e+02
4.386000000000000227e+02
4.386100000000000136e+02
4.386200000000000045e+02
4.386299999999999955e+02
4.386399999999999864e+02
4.386499999999999773e+02
4.386600000000000250e+02
4.386700000000000159e+02
4.386800000000000068e+02
4.386899999999999977e+02
4.386999999999999886e+02
4.387099999999999795e+02
4.387200000000000273e+02
4.387300000000000182e+02
4.387400000000000091e+02
4.387500000000000000e+02
4.387599999999999909e+02
4.387699999999999818e+02
4.387799999999999727e+02
4.387900000000000205e+02
4.388000000000000114e+02
4.388100000000000023e+02
4.388199999999999932e+02
4.388299999999999841e+02
4.388399999999999750e+02
4.388500000000000227e+02
4.388600000000000136e+02
4.388700000000000045e+02
4.388799999999999955e+02
4.388899999999999864e+02
4.388999999999999773e+02
4.389100000000000250e+02
4.389200000000000159e+02
4.389300000000000068e+02
4.389399999999999977e+02
4.389499999999999886e+02
4.389599999999999795e+02
4.389700000000000273e+02
4.389800000000000182e+02
4.389900000000000091e+02
4.390000000000000000e+02
4.390099999999999909e+02
4.390199999999999818e+02
4.390299999999999727e+02
4.390400000000000205e+02
4.390500000000000114e+02
4.390600000000000023e+02
4.390699999999999932e+02
4.390799999999999841e+02
4.390899999999999750e+02
4.391000000000000227e+02
4.391100000000000136e+02
4.391200000000000045e+02
4.391299999999999955e+02
4.391399999999999864e+02
4.391499999999999773e+02
4.391600000000000250e+02
4.391700000000000159e+02
4.391800000000000068e+02
4.391899999999999977e+02
4.391999999999999886e+02
4.392099999999999795e+02
4.392200000000000273e+02
4.392300000000000182e+02
4.392400000000000091e+02
4.392500000000000000e+02
4.392599999999999909e+02
4.392699999999999818e+02
4.392799999999999727e+02
4.392900000000000205e+02
4.393000000000000114e+02
4.393100000000000023e+02
4.393199999999999932e+02
4.393299999999999841e+02
4.393399999999999750e+02
4.393500000000000227e+02
4.393600000000000136e+02
4.393700000000000045e+02
4.393799999999999955e+02
4.393899999999999864e+02
4.393999999999999773e+02
4.394100000000000250e+02
4.394200000000000159e+02
4.394300000000000068e+02
4.394399999999999977e+02
4.394499999999999886e+02
4.394599999999999795e+02
4.394700000000000273e+02
4.394800000000000182e+02
4.394900000000000091e+02
4.395000000000000000e+02
4.395099999999999909e+02
4.395199999999999818e+02
4.395299999999999727e+02
4.395400000000000205e+02
4.395500000000000114e+02
4.395600000000000023e+02
4.395699999999999932e+02
4.395799999999999841e+02
4.395899999999999750e+02
4.396000000000000227e+02
4.396100000000000136e+02
4.396200000000000045e+02
4.396299999999999955e+02
4.396399999999999864e+02
4.396499999999999773e+02
4.396600000000000250e+02
4.396700000000000159e+02
4.396800000000000068e+02
4.396899999999999977e+02
4.396999999999999886e+02
4.397099999999999795e+02
4.397200000000000273e+02
4.397300000000000182e+02
4.397400000000000091e+02
4.397500000000000000e+02
4.397599999999999909e+02
4.397699999999999818e+02
4.397799999999999727e+02
4.397900000000000205e+02
4.398000000000000114e+02
4.398100000000000023e+02
4.398199999999999932e+02
4.398299999999999841e+02
4.398399999999999750e+02
4.398500000000000227e+02
4.398600000000000136e+02
4.398700000000000045e+02
4.398799999999999955e+02
4.398899999999999864e+02
4.398999999999999773e+02
4.399100000000000250e+02
4.399200000000000159e+02
4.399300000000000068e+02
4.399399999999999977e+02
4.399499999999999886e+02
4.399599999999999795e+02
4.399700000000000273e+02
4.399800000000000182e+02
4.399900000000000091e+02
4.400000000000000000e+02
