4.380000000000000000e+02
4.380199999999999818e+02
4.380400000000000205e+02
4.380600000000000023e+02
4.380799999999999841e+02
4.381000000000000227e+02
4.381200000000000045e+02
4.381399999999999864e+02
4.381600000000000250e+02
4.381800000000000068e+02
4.381999999999999886e+02
4.382200000000000273e+02
4.382400000000000091e+02
4.382599999999999909e+02
4.382799999999999727e+02
4.383000000000000114e+02
4.383199999999999932e+02
4.383399999999999750e+02
4.383600000000000136e+02
4.383799999999999955e+02
4.383999999999999773e+02
4.384200000000000159e+02
4.384399999999999977e+02
4.384599999999999795e+02
4.384800000000000182e+02
4.385000000000000000e+02
4.385199999999999818e+02
4.385400000000000205e+02
4.385600000000000023e+02
4.385799999999999841e+02
4.386000000000000227e+02
4.386200000000000045e+02
4.386399999999999864e+02
4.386600000000000250e+02
4.386800000000000068e+02
4.386999999999999886e+02
4.387200000000000273e+02
4.387400000000000091e+02
4.387599999999999909e+02
4.387799999999999727e+02
4.388000000000000114e+02
4.388199999999999932e+02
4.388399999999999750e+02
4.388600000000000136e+02
4.388799999999999955e+02
4.388999999999999773e+02
4.389200000000000159e+02
4.389399999999999977e+02
4.389599999999999795e+02
4.389800000000000182e+02
4.390000000000000000e+02
4.390199999999999818e+02
4.390400000000000205e+02
4.390600000000000023e+02
4.390799999999999841e+02
4.391000000000000227e+02
4.391200000000000045e+02
4.391399999999999864e+02
4.391600000000000250e+02
4.391800000000000068e+02
4.391999999999999886e+02
4.392200000000000273e+02
4.392400000000000091e+02
4.392599999999999909e+02
4.392799999999999727e+02
4.393000000000000114e+02
4.393199999999999932e+02
4.393399999999999750e+02
4.393600000000000136e+02
4.393799999999999955e+02
4.393999999999999773e+02
4.394200000000000159e+02
4.394399999999999977e+02
4.394599999999999795e+02
4.394800000000000182e+02
4.395000000000000000e+02
4.395199999999999818e+02
4.395400000000000205e+02
4.395600000000000023e+02
4.395799999999999841e+02
4.396000000000000227e+02
4.396200000000000045e+02
4.396399999999999864e+02
4.396600000000000250e+02
4.396800000000000068e+02
4.396999999999999886e+02
4.397200000000000273e+02
4.397400000000000091e+02
4.397599999999999909e+02
4.397799999999999727e+02
4.398000000000000114e+02
4.398199999999999932e+02
4.398399999999999750e+02
4.398600000000000136e+02
4.398799999999999955e+02
4.398999999999999773e+02
4.399200000000000159e+02
4.399399999999999977e+02
4.399599999999999795e+02
4.399800000000000182e+02
4.400000000000000000e+02
