1.954024834381979270e+00
1.953469631916533444e+00
1.952919719161160472e+00
1.952375367450992716e+00
1.951836845655035901e+00
1.951304420086159119e+00
1.950778354341970777e+00
1.950258909182931433e+00
1.949746342416771139e+00
1.949240908714937826e+00
1.948742859549427386e+00
1.948252443028096970e+00
1.947769903793040713e+00
1.947295482878732997e+00
1.946829417616185331e+00
1.946371941505020242e+00
1.945923284079874360e+00
1.945483670823815459e+00
1.945053323063646200e+00
1.944632457807383918e+00
1.944221287717223356e+00
1.943820020930064008e+00
1.943428861003131614e+00
1.943048006785854875e+00
1.942677652357974516e+00
1.942317986879213976e+00
1.941969194538648358e+00
1.941631454430593928e+00
1.941304940517300404e+00
1.940989821487310252e+00
1.940686260680292596e+00
1.940394416037761971e+00
1.940114439978547045e+00
1.939846479337075102e+00
1.939590675305135070e+00
1.939347163344835812e+00
1.939116073098042126e+00
1.938897528340379539e+00
1.938691646919186606e+00
1.938498540644969514e+00
1.938318315294266680e+00
1.938151070498207895e+00
1.937996899684120145e+00
1.937855890074196230e+00
1.937728122559176702e+00
1.937613671690595618e+00
1.937512605630473450e+00
1.937424986079283151e+00
1.937350868262860182e+00
1.937290300869497051e+00
1.937243326007318522e+00
1.937209979184847386e+00
1.937190289266528476e+00
1.937184278426616002e+00
1.937191962139404922e+00
1.937213349141488239e+00
1.937248441409959110e+00
1.937297234120636480e+00
1.937359715664707105e+00
1.937435867589792915e+00
1.937525664604372588e+00
1.937629074564938936e+00
1.937746058466725207e+00
1.937876570413119781e+00
1.938020557647867070e+00
1.938177960511634490e+00
1.938348712462944601e+00
1.938532740091765572e+00
1.938729963086234465e+00
1.938940294274094533e+00
1.939163639613080470e+00
1.939399898225145025e+00
1.939648962383453412e+00
1.939910717542479679e+00
1.940185042363348211e+00
1.940471808753180483e+00
1.940770881841168860e+00
1.941082120047684656e+00
1.941405375135999201e+00
1.941740492180815458e+00
1.942087309670564421e+00
1.942445659523868606e+00
1.942815367115591663e+00
1.943196251369934346e+00
1.943588124761781222e+00
1.943990793401892292e+00
1.944404057096666749e+00
1.944827709366172774e+00
1.945261537586644218e+00
1.945705322957544725e+00
1.946158840658950062e+00
1.946621859887492478e+00
1.947094143914034126e+00
1.947575450217771120e+00
1.948065530502425036e+00
1.948564130851690335e+00
1.949070991778132367e+00
1.949585848327639592e+00
1.950108430179290364e+00
1.950638461737079554e+00
1.951175662250520970e+00
1.951719745918288673e+00
1.952270422001488148e+00
1.952827394921775150e+00
1.953390364426621950e+00
1.953959025636147206e+00
1.954533069270548706e+00
1.955112181685633388e+00
1.955696045056169563e+00
1.956284337523088501e+00
1.956876733292479242e+00
1.957472902821385752e+00
1.958072512951221311e+00
1.958675227046019485e+00
1.959280705173717108e+00
1.959888604252564503e+00
1.960498578196974817e+00
1.961110278123927797e+00
1.961723352487366290e+00
1.962337447254935974e+00
1.962952206108964814e+00
1.963567270596977776e+00
1.964182280329023200e+00
1.964796873161883672e+00
1.965410685384616718e+00
1.966023351903805727e+00
1.966634506462622278e+00
1.967243781803078129e+00
1.967850809884557739e+00
1.968455222096855417e+00
1.969056649455697361e+00
1.969654722789572654e+00
1.970249072967469983e+00
1.970839331130445071e+00
1.971425128870657462e+00
1.972006098454089473e+00
1.972581873067231539e+00
1.973152086987548959e+00
1.973716375857780703e+00
1.974274376846884227e+00
1.974825728923591317e+00
1.975370073073164923e+00
1.975907052485520232e+00
1.976436312822184016e+00
1.976957502418259072e+00
1.977470272518116801e+00
1.977974277500379685e+00
1.978469175104501598e+00
1.978954626642203563e+00
1.979430297262481098e+00
1.979895856124254561e+00
1.980350976654240425e+00
1.980795336763429892e+00
1.981228619071248032e+00
1.981650511114769087e+00
1.982060705577190163e+00
1.982458900507974464e+00
1.982844799517234913e+00
1.983218112028243052e+00
1.983578553442225001e+00
1.983925845370765773e+00
1.984259715849566730e+00
1.984579899504541833e+00
1.984886137805199624e+00
1.985178179177655489e+00
1.985455779311717572e+00
1.985718701221157678e+00
1.985966715517284875e+00
1.986199600550556665e+00
1.986417142611042186e+00
1.986619136038392464e+00
1.986805383477544318e+00
1.986975695956360255e+00
1.987129893068245501e+00
1.987267803148876855e+00
1.987389263388843252e+00
1.987494119972223361e+00
1.987582228217186442e+00
1.987653452701620305e+00
1.987707667371587883e+00
1.987744755685315612e+00
1.987764610671909127e+00
1.987767135068823299e+00
1.987752241408783149e+00
1.987719852093406958e+00
1.987669899488773151e+00
1.987602325963423011e+00
1.987517084011348301e+00
1.987414136255395869e+00
1.987293455525662278e+00
1.987155024907592216e+00
1.986998837735817425e+00
1.986824897684880797e+00
1.986633218747700935e+00
1.986423825248005093e+00
1.986196751868162469e+00
1.985952043627708941e+00
1.985689755880503560e+00
1.985409954316172731e+00
1.985112714894402774e+00
1.984798123833960259e+00
1.984466277590645200e+00
1.984117282783369296e+00
1.983751256154146159e+00
1.983368324484072742e+00
1.982968624557142290e+00
1.982552303058827459e+00
1.982119516499592393e+00
1.981670431120575282e+00
1.981205222812385314e+00
1.980724076976620340e+00
1.980227188450879749e+00
1.979714761362735720e+00
1.979187009013369636e+00
1.978644153774645309e+00
1.978086426909055673e+00
1.977514068451083462e+00
1.976927327036509086e+00
1.976326459783801726e+00
1.975711732113208940e+00
1.975083417578553435e+00
1.974441797708349933e+00
1.973787161794436251e+00
1.973119806772973162e+00
1.972440036999626889e+00
1.971748164061155828e+00
1.971044506586030920e+00
1.970329390056792640e+00
1.969603146600806376e+00
1.968866114778687892e+00
1.968118639386437163e+00
1.967361071251976234e+00
1.966593766986064029e+00
1.965817088811369739e+00
1.965031404291893935e+00
1.964237086174277946e+00
1.963434512099617280e+00
1.962624064379221656e+00
1.961806129925391051e+00
1.960981099701016417e+00
1.960149368784810830e+00
1.959311336014356364e+00
1.958467403762653714e+00
1.957617977720042202e+00
1.956763466637518212e+00
1.955904282118767989e+00
1.955040838354111132e+00
1.954173551928281904e+00
1.953302841518596011e+00
1.952429127753052551e+00
1.951552832879988930e+00
1.950674380616446824e+00
1.949794195847324607e+00
1.948912704453411804e+00
1.948030333027670036e+00
1.947147508693489071e+00
1.946264658841055706e+00
1.945382210919786248e+00
1.944500592202665024e+00
1.943620229586612291e+00
1.942741549336260087e+00
1.941864976896367168e+00
1.940990936647918108e+00
1.940119851727842848e+00
1.939252143793609662e+00
1.938388232799457933e+00
1.937528536823429626e+00
1.936673471850067108e+00
1.935823451559055108e+00
1.934978887118407265e+00
1.934140187023356106e+00
1.933307756878083428e+00
1.932481999198992773e+00
1.931663313229039503e+00
1.930852094798993557e+00
1.930048736063865844e+00
1.929253625386055715e+00
1.928467147146933902e+00
1.927689681558419021e+00
1.926921604516109943e+00
1.926163287411257086e+00
1.925415096989981034e+00
1.924677395166649374e+00
1.923950538912134967e+00
1.923234880040567418e+00
1.922530765108223072e+00
1.921838535248973523e+00
1.921158526022971325e+00
1.920491067287368514e+00
1.919836483070291200e+00
1.919195091401209696e+00
1.918567204200539278e+00
1.917953127184627737e+00
1.917353159663371720e+00
1.916767594496655347e+00
1.916196717994299137e+00
1.915640809503791342e+00
1.915100141899597652e+00
1.914574980879010013e+00
1.914065585161125460e+00
1.913572206303399525e+00
1.913095088604456206e+00
1.912634469036509577e+00
1.912190577085487453e+00
1.911763634750194729e+00
1.911353856350734626e+00
1.910961448506445892e+00
1.910586610044852751e+00
1.910229531894817034e+00
1.909890397027479425e+00
1.909569380370746972e+00
1.909266648728150884e+00
1.908982360727077054e+00
1.908716666728123901e+00
1.908469708765822226e+00
1.908241620489786516e+00
1.908032527087448305e+00
1.907842545238474408e+00
1.907671783051942516e+00
1.907520339992873737e+00
1.907388306875930306e+00
1.907275765750604535e+00
1.907182789918165478e+00
1.907109443829318129e+00
1.907055783073586142e+00
1.907021854331795163e+00
1.907007695315321882e+00
1.907013334776249458e+00
1.907038792410389538e+00
1.907084078875045607e+00
1.907149195727813940e+00
1.907234135424034749e+00
1.907338881268025865e+00
1.907463407395817212e+00
1.907607678770258719e+00
1.907771651127551094e+00
1.907955270993783481e+00
1.908158475672168786e+00
1.908381193200397119e+00
1.908623342352819607e+00
1.908884832664500708e+00
1.909165564388459080e+00
1.909465428521889052e+00
1.909784306781244556e+00
1.910122071613753247e+00
1.910478586263726131e+00
1.910853704658179941e+00
1.911247271545788218e+00
1.911659122435383606e+00
1.912089083641779874e+00
1.912536972305898031e+00
1.913002596423853507e+00
1.913485754864700183e+00
1.913986237411907210e+00
1.914503824784185460e+00
1.915038288703967195e+00
1.915589391897388527e+00
1.916156888176610895e+00
1.916740522471379160e+00
1.917340030891632852e+00
1.917955140782636736e+00
1.918585570817925579e+00
1.919231030848949748e+00
1.919891222440605283e+00
1.920565838468274000e+00
1.921254563444598551e+00
1.921957073534507066e+00
1.922673036653502310e+00
1.923402112575545608e+00
1.924143952997867002e+00
1.924898201658638230e+00
1.925664494454545128e+00
1.926442459504860372e+00
1.927231717351495233e+00
1.928031880993319458e+00
1.928842556069107594e+00
1.929663340947257000e+00
1.930493826901814147e+00
1.931333598230414061e+00
1.932182232408776956e+00
1.933039300245946723e+00
1.933904366031163002e+00
1.934776987706445572e+00
1.935656717056454701e+00
1.936543099831771642e+00
1.937435675988313788e+00
1.938333979840074051e+00
1.939237540254553860e+00
1.940145880850394189e+00
1.941058520217118888e+00
1.941974972119639098e+00
1.942894745707067550e+00
1.943817345706109423e+00
1.944742272725215049e+00
1.945669023412208709e+00
1.946597090723956924e+00
1.947525964162116985e+00
1.948455130050940065e+00
1.949384071751844472e+00
1.950312269932143350e+00
1.951239202866446032e+00
1.952164346650609339e+00
1.953087175547562948e+00
1.954007162183889701e+00
1.954923777941903085e+00
1.955836493137929955e+00
1.956744777386872913e+00
1.957648099898910310e+00
1.958545929772476102e+00
1.959437736294260990e+00
1.960322989250310011e+00
1.961201159268757932e+00
1.962071718121416675e+00
1.962934139044922643e+00
1.963787897060235821e+00
1.964632469337276754e+00
1.965467335485528766e+00
1.966291977904952581e+00
1.967105882121661597e+00
1.967908537134629654e+00
1.968699435744995396e+00
1.969478074889604802e+00
1.970243956009520403e+00
1.970996585357781328e+00
1.971735474377391384e+00
1.972460140014870911e+00
1.973170105071077041e+00
1.973864898575015348e+00
1.974544056059028607e+00
1.975207119965634917e+00
1.975853639931399730e+00
1.976483173172616903e+00
1.977095284774576633e+00
1.977689548039618161e+00
1.978265544827149780e+00
1.978822865859909186e+00
1.979361111044229071e+00
1.979879889792355740e+00
1.980378821343985463e+00
1.980857535028087923e+00
1.981315670626356829e+00
1.981752878629485792e+00
1.982168820511127416e+00
1.982563169054385899e+00
1.982935608590066456e+00
1.983285835277709852e+00
1.983613557377448489e+00
1.983918495471689747e+00
1.984200382745280988e+00
1.984458965184601853e+00
1.984694001843764655e+00
1.984905265027423038e+00
1.985092540512167547e+00
1.985255627751881580e+00
1.985394340055242957e+00
1.985508504763215054e+00
1.985597963430922652e+00
1.985662571965400192e+00
1.985702200776556126e+00
1.985716734916634030e+00
1.985706074204418581e+00
1.985670133334417775e+00
1.985608841953314441e+00
1.985522144787092769e+00
1.985410001690961712e+00
1.985272387710241615e+00
1.985109293155264520e+00
1.984920723613091020e+00
1.984706699991714229e+00
1.984467258524641897e+00
1.984202450756103575e+00
1.983912343581961668e+00
1.983597019165874054e+00
1.983256574935295058e+00
1.982891123541512757e+00
1.982500792753256524e+00
1.982085725447758406e+00
1.981646079469556954e+00
1.981182027566323889e+00
1.980693757255497234e+00
1.980181470733450411e+00
1.979645384720486234e+00
1.979085730314873226e+00
1.978502752849309543e+00
1.977896711717411993e+00
1.977267880201337036e+00
1.976616545276326464e+00
1.975943007422391151e+00
1.975247580418094895e+00
1.974530591087337417e+00
1.973792379134511110e+00
1.973033296853885510e+00
1.972253708909072811e+00
1.971453992052963455e+00
1.970634534929739168e+00
1.969795737718048168e+00
1.968938011912489072e+00
1.968061780016490792e+00
1.967167475268893684e+00
1.966255541307541099e+00
1.965326431907028049e+00
1.964380610643874148e+00
1.963418550583863942e+00
1.962440733955912675e+00
1.961447651859859809e+00
1.960439803882769727e+00
1.959417697812808612e+00
1.958381849267584851e+00
1.957332781370834551e+00
1.956271024415897619e+00
1.955197115490470372e+00
1.954111598183509546e+00
1.953015022158104408e+00
1.951907942876049740e+00
1.950790921198327421e+00
1.949664523031006569e+00
1.948529319015316341e+00
1.947385884143797208e+00
1.946234797383097126e+00
1.945076641385707239e+00
1.943912002079553059e+00
1.942741468337241262e+00
1.941565631662220959e+00
1.940385085761315409e+00
1.939200426309180214e+00
1.938012250479652865e+00
1.936821156733497862e+00
1.935627744380137516e+00
1.934432613307013993e+00
1.933236363607593544e+00
1.932039595298257639e+00
1.930842907933035812e+00
1.929646900360155737e+00
1.928452170338087024e+00
1.927259314256122513e+00
1.926068926842682050e+00
1.924881600806305215e+00
1.923697926605542508e+00
1.922518492116032984e+00
1.921343882339410225e+00
1.920174679147162999e+00
1.919011460963539806e+00
1.917854802532586334e+00
1.916705274622765520e+00
1.915563443758449225e+00
1.914429871992976873e+00
1.913305116634197889e+00
1.912189729998288623e+00
1.911084259153748466e+00
1.909989245707094829e+00
1.908905225593620525e+00
1.907832728786319487e+00
1.906772279112417534e+00
1.905724394055383852e+00
1.904689584515658618e+00
1.903668354613782476e+00
1.902661201482471975e+00
1.901668615108499827e+00
1.900691078076646834e+00
1.899729065465301181e+00
1.898783044596857206e+00
1.897853474900079052e+00
1.896940807731763101e+00
1.896045486212750486e+00
1.895167945052240066e+00
1.894308610413817151e+00
1.893467899769784024e+00
1.892646221707124932e+00
1.891843975837962377e+00
1.891061552633267473e+00
1.890299333283214311e+00
1.889557689586145228e+00
1.888836983808768855e+00
1.888137568559052237e+00
1.887459786689822172e+00
1.886803971142438918e+00
1.886170444869112561e+00
1.885559520724154003e+00
1.884971501336804911e+00
1.884406678954011705e+00
1.883865335528020157e+00
1.883347742397117885e+00
1.882854160337906757e+00
1.882384839400809140e+00
1.881940018849541429e+00
1.881519927075615106e+00
1.881124781526060552e+00
1.880754788582355230e+00
1.880410143526022759e+00
1.880091030422370135e+00
1.879797622091576415e+00
1.879530080002252523e+00
1.879288554202160455e+00
1.879073183276518844e+00
1.878884094242322389e+00
1.878721402541019936e+00
1.878585211908317065e+00
1.878475614364067070e+00
1.878392690138279919e+00
1.878336507615596229e+00
1.878307123261010014e+00
1.878304581615335866e+00
1.878328915191317394e+00
1.878380144449396161e+00
1.878458277763634054e+00
1.878563311326489904e+00
1.878695229161019054e+00
1.878854003052433663e+00
1.879039592506970502e+00
1.879251944708981048e+00
1.879490994496909595e+00
1.879756664337023153e+00
1.880048864250677410e+00
1.880367491823093262e+00
1.880712432170631665e+00
1.881083557886583879e+00
1.881480729054436418e+00
1.881903793196893604e+00
1.882352585277958346e+00
1.882826927674163153e+00
1.883326630165201854e+00
1.883851489930173040e+00
1.884401291519115951e+00
1.884975806887313921e+00
1.885574795344267196e+00
1.886198003601885276e+00
1.886845165747238928e+00
1.887516003280836241e+00
1.888210225100120931e+00
1.888927527538616813e+00
1.889667594384618177e+00
1.890430096914873292e+00
1.891214693891110743e+00
1.892021031636972994e+00
1.892848744055572130e+00
1.893697452685037641e+00
1.894566766749798514e+00
1.895456283203012848e+00
1.896365586808768322e+00
1.897294250186164044e+00
1.898241833933270506e+00
1.899207886646297361e+00
1.900191945034718888e+00
1.901193534028495780e+00
1.902212166867005561e+00
1.903247345215935971e+00
1.904298559251906386e+00
1.905365287819477560e+00
1.906446998569676365e+00
1.907543148073474581e+00
1.908653181985233260e+00
1.909776535177408530e+00
1.910912631953986640e+00
1.912060886174902663e+00
1.913220701458436368e+00
1.914391471384856880e+00
1.915572579671902309e+00
1.916763400423636243e+00
1.917963298313933862e+00
1.919171628838503674e+00
1.920387738561549096e+00
1.921610965336757237e+00
1.922840638622011600e+00
1.924076079681489748e+00
1.925316601942172134e+00
1.926561511225104217e+00
1.927810106094134168e+00
1.929061678136394731e+00
1.930315512318873772e+00
1.931570887296471195e+00
1.932827075774987247e+00
1.934083344865665577e+00
1.935338956456726267e+00
1.936593167571501350e+00
1.937845230794777329e+00
1.939094394649086173e+00
1.940339903995369264e+00
1.941581000477984098e+00
1.942816922935787893e+00
1.944046907861966655e+00
1.945270189835700103e+00
1.946486001975451519e+00
1.947693576478142230e+00
1.948892144969564422e+00
1.950080939111731970e+00
1.951259191027931328e+00
1.952426133843476963e+00
1.953581002163006231e+00
1.954723032621947132e+00
1.955851464408379536e+00
1.956965539752274275e+00
1.958064504522138538e+00
1.959147608732490609e+00
1.960214107086224455e+00
1.961263259579324458e+00
1.962294331976666362e+00
1.963306596466678267e+00
1.964299332124370912e+00
1.965271825557856955e+00
1.966223371444249191e+00
1.967153273083390941e+00
1.968060842991878667e+00
1.968945403483526091e+00
1.969806287168392123e+00
1.970642837577881945e+00
1.971454409738158775e+00
1.972240370676398014e+00
1.973000100029205894e+00
1.973732990542352406e+00
1.974438448664893597e+00
1.975115895042003133e+00
1.975764765126559519e+00
1.976384509570943360e+00
1.976974594885831049e+00
1.977534503851059000e+00
1.978063736066039580e+00
1.978561808409490919e+00
1.979028255507284006e+00
1.979462630193389971e+00
1.979864504032906591e+00
1.980233467657784407e+00
1.980569131235857983e+00
1.980871124886135703e+00
1.981139099030306827e+00
1.981372724821823583e+00
1.981571694458013511e+00
1.981735721548099294e+00
1.981864541419516179e+00
1.981957911425754837e+00
1.982015611246878084e+00
1.982037443118298992e+00
1.982023232107753774e+00
1.981972826330868687e+00
1.981886097163759741e+00
1.981762939337071705e+00
1.981603271277009526e+00
1.981407035095944735e+00
1.981174196713282765e+00
1.980904746022662533e+00
1.980598696902977407e+00
1.980256087298287948e+00
1.979876979232341405e+00
1.979461458805295671e+00
1.979009636173896247e+00
1.978521645521023276e+00
1.977997644960119317e+00
1.977437816477939370e+00
1.976842365811662061e+00
1.976211522299681445e+00
1.975545538729556183e+00
1.974844691185297707e+00
1.974109278810730839e+00
1.973339623624631223e+00
1.972536070215376691e+00
1.971698985554327210e+00
1.970828758672177328e+00
1.969925800332964938e+00
1.968990542778117137e+00
1.968023439317770462e+00
1.967024963999084664e+00
1.965995611223948503e+00
1.964935895389039899e+00
1.963846350414611974e+00
1.962727529356950162e+00
1.961580003965528229e+00
1.960404364229687335e+00
1.959201217893087765e+00
1.957971189973593207e+00
1.956714922286883596e+00
1.955433072951525242e+00
1.954126315806367753e+00
1.952795339972239974e+00
1.951440849265199562e+00
1.950063561657235045e+00
1.948664208748548843e+00
1.947243535174243867e+00
1.945802298078583403e+00
1.944341266521891542e+00
1.942861220911521025e+00
1.941362952426722410e+00
1.939847262443393339e+00
1.938314961956285831e+00
1.936766870952867814e+00
1.935203817898220935e+00
1.933626639098432687e+00
1.932036178115699832e+00
1.930433285219283590e+00
1.928818816782787104e+00
1.927193634704619463e+00
1.925558605824693181e+00
1.923914601374715705e+00
1.922262496386748509e+00
1.920603169143041189e+00
1.918937500626533899e+00
1.917266373927050127e+00
1.915590673752269879e+00
1.913911285839952514e+00
1.912229096469158618e+00
1.910544991885306576e+00
1.908859857826026962e+00
1.907174578978599655e+00
1.905490038507007933e+00
1.903807117552137829e+00
1.902126694734153967e+00
1.900449645690341027e+00
1.898776842614688265e+00
1.897109153796771031e+00
1.895447443172520563e+00
1.893792569905908607e+00
1.892145387955578961e+00
1.890506745637019703e+00
1.888877485264777389e+00
1.887258442727867136e+00
1.885650447090935655e+00
1.884054320279036965e+00
1.882470876636719970e+00
1.880900922635998507e+00
1.879345256519488139e+00
1.877804667940752514e+00
1.876279937685440435e+00
1.874771837308071953e+00
1.873281128877111401e+00
1.871808564646825213e+00
1.870354886792536808e+00
1.868920827136716811e+00
1.867507106860948785e+00
1.866114436274241895e+00
1.864743514504671351e+00
1.863395029519517632e+00
1.862069657363198960e+00
1.860768062492521580e+00
1.859490897233325279e+00
1.858238801693072650e+00
1.857012403527714017e+00
1.855812317743378959e+00
1.854639146530457472e+00
1.853493479051399495e+00
1.852375891310786393e+00
1.851286945937437034e+00
1.850227192063080173e+00
1.849197165149065514e+00
1.848197386812802323e+00
1.847228364721236638e+00
1.846290592406717890e+00
1.845384549179591271e+00
1.844510699919644114e+00
1.843669495014330417e+00
1.842861370187188985e+00
1.842086746385462659e+00
1.841346029680245966e+00
1.840639611111212881e+00
1.839967866572975730e+00
1.839331156729446137e+00
1.838729826866637440e+00
1.838164206805197098e+00
1.837634610771594623e+00
1.837141337299805111e+00
1.836684669113703094e+00
1.836264873025776678e+00
1.835882199831875505e+00
1.835536884183610162e+00
1.835229144521396627e+00
1.834959182906774178e+00
1.834727184984192405e+00
1.834533319815597086e+00
1.834377739802258267e+00
1.834260580561828169e+00
1.834181960835899350e+00
1.834141982360834255e+00
1.834140729768263256e+00
1.834178270454375648e+00
1.834254654493989056e+00
1.834369914514846878e+00
1.834524065558923445e+00
1.834717105006765658e+00
1.834949012432477433e+00
1.835219749868350014e+00
1.835529259749979714e+00
1.835877468723432937e+00
1.836264283545052445e+00
1.836689593005353283e+00
1.837153267323160089e+00
1.837655158095663488e+00
1.838195098134779881e+00
1.838772901344610800e+00
1.839388362607605076e+00
1.840041257663877827e+00
1.840731342981886343e+00
1.841458355606262476e+00
1.842222013085987209e+00
1.843022013313688534e+00
1.843858034420454706e+00
1.844729734659217302e+00
1.845636752269153247e+00
1.846578705374955165e+00
1.847555191887913395e+00
1.848565789351287458e+00
1.849610054891993371e+00
1.850687525079882434e+00
1.851797715830804325e+00
1.852940122335158479e+00
1.854114218962799043e+00
1.855319459155860384e+00
1.856555275379377035e+00
1.857821079046404034e+00
1.859116260437402968e+00
1.860440188698264885e+00
1.861792211717887557e+00
1.863171656140002463e+00
1.864577826604543409e+00
1.866010009387133239e+00
1.867467465026525719e+00
1.868949435718316066e+00
1.870455141617984207e+00
1.871983781644991351e+00
1.873534533483659947e+00
1.875106553680598420e+00
1.876698977678451064e+00
1.878310919920996191e+00
1.879941473947662534e+00
1.881589712539529335e+00
1.883254687816231288e+00
1.884935431403695905e+00
1.886630954632278812e+00
1.888340248711448455e+00
1.890062284920689839e+00
1.891796014862094033e+00
1.893540370727470279e+00
1.895294265557721625e+00
1.897056593549502068e+00
1.898826230367466561e+00
1.900602033480858211e+00
1.902382842574874999e+00
1.904167479883183134e+00
1.905954750662113506e+00
1.907743443598076016e+00
1.909532331269448768e+00
1.911320170686401587e+00
1.913105703781020850e+00
1.914887657934610354e+00
1.916664746586656198e+00
1.918435669834968715e+00
1.920199115048076832e+00
1.921953757491704273e+00
1.923698261087013472e+00
1.925431279040066501e+00
1.927151454614714599e+00
1.928857421899851543e+00
1.930547806529929966e+00
1.932221226610997489e+00
1.933876293447835737e+00
1.935511612462070374e+00
1.937125784051983102e+00
1.938717404524304300e+00
1.940285066992353480e+00
1.941827362336331575e+00
1.943342880198415834e+00
1.944830209924405695e+00
1.946287941627462770e+00
1.947714667171043912e+00
1.949108981210951663e+00
1.950469482299693302e+00
1.951794773870544120e+00
1.953083465404412467e+00
1.954334173468774916e+00
1.955545522823550764e+00
1.956716147540121575e+00
1.957844692122516772e+00
1.958929812587016484e+00
1.959970177645332212e+00
1.960964469754534756e+00
1.961911386296960158e+00
1.962809640683045975e+00
1.963657963501483250e+00
1.964455103576853601e+00
1.965199829176477397e+00
1.965890929052897418e+00
1.966527213635367310e+00
1.967107516116809451e+00
1.967630693541447151e+00
1.968095628012723086e+00
1.968501227807268661e+00
1.968846428505911073e+00
1.969130194256199617e+00
1.969351518935436696e+00
1.969509427451068273e+00
1.969602977030730395e+00
1.969631258792796435e+00
1.969593399097882225e+00
1.969488561365506429e+00
1.969315947870854400e+00
1.969074801882632508e+00
1.968764410005254595e+00
1.968384105017085606e+00
1.967933269034474630e+00
1.967411337374273650e+00
1.966817803102483886e+00
1.966152222572088215e+00
1.965414222060175797e+00
1.964603506018486989e+00
1.963719867077721171e+00
1.962763198642953677e+00
1.961733510373114386e+00
1.960630947858266415e+00
1.959455817212899964e+00
1.958208616468118946e+00
1.956890075692138353e+00
1.955501208562717474e+00
1.954043379381353418e+00
1.952518390660235248e+00
1.950928598850966145e+00
1.949277068553937786e+00
1.947567780730631526e+00
1.945805916969902016e+00
1.943998253369042750e+00
1.942153714989722335e+00
1.940284170563307820e+00
1.938405594930518561e+00
1.936539809792528599e+00
1.934717161501144478e+00
1.932980770634054268e+00
1.931393526591717480e+00
1.930050107164237971e+00
1.929098725882554710e+00
1.928783020021001882e+00
1.929529205816886472e+00
1.932145878471855927e+00
1.938342227349220348e+00
1.952296652642219188e+00
1.986135154194573760e+00
2.065101695859024034e+00
1.948535175730259361e+00
1.842068679911939233e+00
1.833481918330911009e+00
1.832968186392018639e+00
1.831792880017636183e+00
1.829332995216608193e+00
1.825754676380445085e+00
1.821239353972051500e+00
1.815905268613997814e+00
1.809815133104623719e+00
1.802989685404949416e+00
1.795416938395898665e+00
1.787057134625699817e+00
1.777844457170368431e+00
1.767686235816944951e+00
1.756459993352296634e+00
1.744008368511577034e+00
1.730131720027427544e+00
1.714578053243334566e+00
1.697029854500487600e+00
1.677087621900401171e+00
1.654250753388019080e+00
1.627899026722818165e+00
1.597284745998772237e+00
1.561563026035426960e+00
1.519930753958978809e+00
1.472047447121149544e+00
1.419135169879822245e+00
1.366527213669983531e+00
1.328456912986846872e+00
1.332780080608746198e+00
1.412370777550160383e+00
1.568392798422189038e+00
1.747582887139810692e+00
1.890892608830986754e+00
1.980428333838703647e+00
2.027291697827152905e+00
2.047450012639834060e+00
2.052583869795169935e+00
2.049731386998593585e+00
2.042841414790396382e+00
2.034072460222736911e+00
2.024591682093214828e+00
2.015023388229212564e+00
2.005694123834476539e+00
1.996766357802378877e+00
1.988311983126966664e+00
1.980353159142028030e+00
1.972885220626463987e+00
1.965889594916912175e+00
1.959341066203428072e+00
1.953211790933356395e+00
1.947473412664769699e+00
1.942098035912147580e+00
1.937058482598965403e+00
1.932328054705106268e+00
1.927879900039877192e+00
1.923685986395918368e+00
1.919715609964042446e+00
1.915933277913325794e+00
1.912295695343145141e+00
1.908747432457891025e+00
1.905214624272880686e+00
1.901595731840450165e+00
1.897747949732814021e+00
1.893467308187940512e+00
1.888460101188667251e+00
1.882303722370574084e+00
1.874398465166671190e+00
1.863923664496524690e+00
1.849842421451536323e+00
1.831061643646818338e+00
1.806929360778461779e+00
1.778187797969444484e+00
1.747965333326443549e+00
1.721490657983375305e+00
1.703634247725963391e+00
1.696118588154239104e+00
1.697244111512600462e+00
1.703829357688362744e+00
1.713018156168422568e+00
1.722930230335498747e+00
1.732557236631703024e+00
1.741458977969142508e+00
1.749509057904051756e+00
1.756734533349545435e+00
1.763227538619611012e+00
1.769100599463193202e+00
1.774465796254568906e+00
1.779426157460750391e+00
1.784073018045688297e+00
1.788486118439725603e+00
1.792734840000429264e+00
1.796879808656023592e+00
1.800974518673100322e+00
1.805066835402923786e+00
1.809200340107896876e+00
1.813415515876174000e+00
1.817750805843679762e+00
1.822243572111828414e+00
1.826930990115473996e+00
1.831850912563204536e+00
1.837042736360608552e+00
1.842548307208155212e+00
1.848412898409180771e+00
1.854686304803267571e+00
1.861424097973328307e+00
1.868689097982338732e+00
1.876553127426407785e+00
1.885099127547134712e+00
1.894423732875214039e+00
1.904640417934652774e+00
1.915883345464669318e+00
1.928312049824874697e+00
1.942117064245751923e+00
1.957526505768445224e+00
1.974813383596111693e+00
1.994302820487438899e+00
2.016377114669158033e+00
2.041473889801983521e+00
2.070067015348624917e+00
2.102608703698573667e+00
2.139389240908706746e+00
2.180231424159983167e+00
2.223878876748339284e+00
2.266900541611448716e+00
2.302103821380370618e+00
2.317311284875530841e+00
2.297278913524972044e+00
2.232183940778264208e+00
2.128997733595167752e+00
2.011507191396920913e+00
1.904903114563876843e+00
1.822447431715405353e+00
1.765329443569451984e+00
1.728880967291623216e+00
1.707395830979059337e+00
1.696118978035380254e+00
1.691608775070394088e+00
1.691524719073479011e+00
1.694318255182091448e+00
1.698975544002925053e+00
1.704834425087969896e+00
1.711462052528203381e+00
1.718575151940987089e+00
1.725988474566863884e+00
1.733581456156065181e+00
1.741276540778983195e+00
1.749024987144977006e+00
1.756797502566675773e+00
1.764578017155214562e+00
1.772359520785326881e+00
1.780141268973512769e+00
1.787926907276241595e+00
1.795723219456599073e+00
1.803539304953748479e+00
1.811386056500012387e+00
1.819275852217211886e+00
1.827222405119550253e+00
1.835240733137875502e+00
1.843347226056105015e+00
1.851559796118576129e+00
1.859898106354703540e+00
1.868383876805113530e+00
1.877041274164092277e+00
1.885897395518518760e+00
1.894982862148766545e+00
1.904332545668805610e+00
1.913986455355022098e+00
1.923990824867060301e+00
1.934399446414927004e+00
1.945275313946135176e+00
1.956692652283425371e+00
1.968739427971539779e+00
1.981520457385353096e+00
1.995161248232522500e+00
2.009812721934453705e+00
2.025656955669814963e+00
2.042914020735834502e+00
2.061849816142188541e+00
2.082784378912911016e+00
2.106099244282436889e+00
2.132240556437062562e+00
2.161710904946335443e+00
2.195035743656194693e+00
2.232677417832623856e+00
2.274849025046684403e+00
2.321153972155901801e+00
2.369967327759639808e+00
2.417557472342862557e+00
2.457277365609430664e+00
2.479825055953240209e+00
2.475994244349028595e+00
2.441813675973431685e+00
2.382319691641600734e+00
2.309574907424588819e+00
2.236346794980740960e+00
2.171194236211605677e+00
2.117629075601505484e+00
2.075714656607593245e+00
2.043901072097272120e+00
2.020210847004064281e+00
2.002798478294255169e+00
1.990137501660774966e+00
1.981035375332675708e+00
1.974586051321690405e+00
1.970109749981203029e+00
1.967098519881181673e+00
1.965172533928593257e+00
1.964046854603409331e+00
1.963506827354525752e+00
1.963390100400600025e+00
1.963573568758418153e+00
1.963963926109516311e+00
1.964490853835356710e+00
1.965102150148935189e+00
1.965760309566410013e+00
1.966440218126702444e+00
1.967127746330286975e+00
1.967819114516130341e+00
1.968520983635886568e+00
1.969251299785628850e+00
1.970041001492329080e+00
1.970936796517996026e+00
1.972005341569765813e+00
1.973339328336172427e+00
1.975066207495441040e+00
1.977360570673726503e+00
1.980461519635802636e+00
1.984696514249790100e+00
1.990512674538663651e+00
1.998513876443154702e+00
2.009493618566619233e+00
2.024431554307120518e+00
2.044371775084975251e+00
2.070014099833138221e+00
2.100785518693005560e+00
2.133413161076227471e+00
2.161099228415479079e+00
2.175617365067408215e+00
2.172504890329784111e+00
2.154221349024633358e+00
2.127501157597821990e+00
2.098716064746807497e+00
2.071738557581565665e+00
2.048221247144880852e+00
2.028551754738783686e+00
2.012589465544917910e+00
2.000068849447069308e+00
1.990785411414919048e+00
1.984674400376101655e+00
1.981846970067712377e+00
1.982616197199196018e+00
1.987528296258926241e+00
1.997405910790144512e+00
2.013404726346096574e+00
2.037076778216872608e+00
2.070417081181607166e+00
2.115833682080251243e+00
2.175908904443401237e+00
2.252701573272009483e+00
2.346226972666958677e+00
2.451896144303303160e+00
2.557677186286911653e+00
2.643826331304116373e+00
2.688938361199094018e+00
2.681058224105604015e+00
2.624529635657979476e+00
2.535727095780218932e+00
2.433015750869859772e+00
2.329938005232327303e+00
2.233911703829882356e+00
2.147811293784782638e+00
2.071930678361413758e+00
2.005380024122591642e+00
1.946873199939455512e+00
1.895107728746558307e+00
1.848920045514373500e+00
1.807330770707332501e+00
1.769541770154270388e+00
1.734915369875773106e+00
1.702949555772117041e+00
1.673254863314085794e+00
1.645534888033770349e+00
1.619570703037680026e+00
1.595208825513922957e+00
1.572352176741090402e+00
1.550953467895317184e+00
1.531010492700164205e+00
1.512562867087604124e+00
1.495689799076463711e+00
1.480508493287119975e+00
1.467172789663018229e+00
1.455871609227292085e+00
1.446826734778696277e+00
1.440289399691396355e+00
1.436535110487062283e+00
1.435856107124904968e+00
1.438550899850764342e+00
1.444910449207490899e+00
1.455200812739555261e+00
1.469642500172875899e+00
1.488387362575988471e+00
1.511494556887391871e+00
1.538907874903678863e+00
1.570437346683613233e+00
1.605748308862201990e+00
1.644360866157684731e+00
1.685661742318107059e+00
1.728928956387243421e+00
1.773367815099896605e+00
1.818154802039537277e+00
1.862484547367960541e+00
1.905614556500699441e+00
1.946902890220037152e+00
1.985835371386240888e+00
2.022040750933001174e+00
2.055294139731179470e+00
2.085510505298441952e+00
2.112730926188844727e+00
2.137104565289543956e+00
2.158869084841488650e+00
2.178331664592015660e+00
2.195852086363634825e+00
2.211828644186615733e+00
2.226687000810597450e+00
2.240871547881958747e+00
2.254838287018559484e+00
2.269047672317695774e+00
2.283955127252842665e+00
2.299996002085849867e+00
2.317560551514958433e+00
2.336953275484757508e+00
2.358330316900276724e+00
2.381610020373204240e+00
2.406357875426116344e+00
2.431661416363105843e+00
2.456035166309511908e+00
2.477424700366547050e+00
2.493391247376258946e+00
2.501519350099877137e+00
2.499981051435530954e+00
2.488056532356518247e+00
2.466366230084957145e+00
2.436691912992896558e+00
2.401482746248342792e+00
2.363284968692715093e+00
2.324308740638938886e+00
2.286216706162722101e+00
2.250102234227626230e+00
2.216577423954364967e+00
2.185898620620809307e+00
2.158085513394312649e+00
2.133015497654125348e+00
2.110490578897686653e+00
2.090281035457901559e+00
2.072151849594904949e+00
2.055877371868372716e+00
2.041248415279031558e+00
2.028074715911999171e+00
2.016184695030419416e+00
2.005423738091825392e+00
1.995651723280175149e+00
1.986740220565234472e+00
1.978569589453972322e+00
1.971026088169538060e+00
1.963999044242332515e+00
1.957378107688763968e+00
1.951050605163130447e+00
1.944899031472602013e+00
1.938798754331518159e+00
1.932616069762790101e+00
1.926206835289206998e+00
1.919416022361977836e+00
1.912078673958491182e+00
1.904022904594813603e+00
1.895075716494735163e+00
1.885072453518212177e+00
1.873870589684639043e+00
1.861368108860555148e+00
1.847525858237894170e+00
1.832391888519530054e+00
1.816124076108577734e+00
1.799005705506000252e+00
1.781447960072785497e+00
1.763974324027793417e+00
1.747185218761824865e+00
1.731706303021358861e+00
1.718129065003538791e+00
1.706955390321283517e+00
1.698557110056136743e+00
1.693157260131352260e+00
1.690833774833678138e+00
1.691541044690266116e+00
1.695141909781267886e+00
1.701442531282570059e+00
1.710224369248694476e+00
1.721269984039279777e+00
1.734381627049426111e+00
1.749393122577587611e+00
1.766176327840778493e+00
1.784643662884632942e+00
1.804748058366003827e+00
1.826481364344682001e+00
1.849871917045694536e+00
1.874981629447906917e+00
1.901902668743883806e+00
1.930753495159729161e+00
1.961673731596746295e+00
1.994816977216307130e+00
2.030340227710324186e+00
2.068387989861656617e+00
2.109068467480166298e+00
2.152418409545785671e+00
2.198352553648510455e+00
2.246593561461777355e+00
2.296579907542325216e+00
2.347354007946687471e+00
2.397443211798999663e+00
2.444763993713302330e+00
2.486603451440066337e+00
2.519752570365144440e+00
2.540860931263019928e+00
2.547024388669279382e+00
2.536497431079268505e+00
2.509289762414027347e+00
2.467368891124888108e+00
2.414326887652361364e+00
2.354623128060901571e+00
2.292708668558682383e+00
2.232339801424640946e+00
2.176232664166676933e+00
2.126035199410949872e+00
2.082497902415151092e+00
2.045719103627727797e+00
2.015380855786979453e+00
1.990936638061365782e+00
1.971743179521276756e+00
1.957144072461258100e+00
1.946517539014269715e+00
1.939300031600154073e+00
1.934994768827520861e+00
1.933171577366857186e+00
1.933462183529441880e+00
1.935553494081204251e+00
1.939180333800277323e+00
1.944118429830261841e+00
1.950178021639063397e+00
1.957198238878768093e+00
1.965042258406330289e+00
1.973593186507506703e+00
1.982750582805062667e+00
1.992427534242993570e+00
2.002548189418133173e+00
2.013045670534213460e+00
2.023860288311453814e+00
2.034937993448868276e+00
2.046229004960766318e+00
2.057686560272364851e+00
2.069265735850255528e+00
2.080922286698553059e+00
2.092611452731432120e+00
2.104286675258326245e+00
2.115898161207421690e+00
2.127391223655372698e+00
2.138704317806420008e+00
2.149766681533561652e+00
2.160495482580429449e+00
2.170792379548863060e+00
2.180539428602994434e+00
2.189594339967419145e+00
2.197785240924305050e+00
2.204905397829580060e+00
2.210708875550937869e+00
2.214908983822672095e+00
2.217182678377882521e+00
2.217185840029389787e+00
2.214586174810253105e+00
2.209121217279021554e+00
2.200686208793012355e+00
2.189447039062589084e+00
2.175954688279183813e+00
2.161213806286041539e+00
2.146645371890516518e+00
2.133905764499905988e+00
2.124590446820289635e+00
2.119926076607045573e+00
2.120578117709798427e+00
2.126643493992856460e+00
2.137803163763651870e+00
2.153549231285121657e+00
2.173404224050409450e+00
2.197091638647841183e+00
2.224659322007476625e+00
2.256582757427038732e+00
2.293886211082583948e+00
2.338325824162382549e+00
2.392687937542400611e+00
2.461267999607380297e+00
2.550586090675502238e+00
2.670251995415035662e+00
2.833194323298642736e+00
3.051942060967078429e+00
3.321456023236017963e+00
3.578442247149161037e+00
3.684984439478165896e+00
3.558575706731688992e+00
3.295868518416205539e+00
3.035691183729385401e+00
2.835668606783448453e+00
2.696270454461354937e+00
2.602725211486755619e+00
2.541301243340397864e+00
2.502262856867121243e+00
2.479236598470140773e+00
2.468148648950429180e+00
2.466402175118595608e+00
2.472322289337620660e+00
2.484785479316017121e+00
2.502958140796672115e+00
2.526092762724012619e+00
2.553351169555928113e+00
2.583642248031956523e+00
2.615480104668997718e+00
2.646889067270125295e+00
2.675400728759922409e+00
2.698194276481210796e+00
2.712408579592417102e+00
2.715594037501301905e+00
2.706191262876628034e+00
2.683871498055426130e+00
2.649601530133931515e+00
2.605405339593629854e+00
2.553921372577574900e+00
2.497918949287191381e+00
2.439913313465045697e+00
2.381943018816892188e+00
2.325500894737737134e+00
2.271571319365564445e+00
2.220721305675677826e+00
2.173205718632470251e+00
2.129063671591420626e+00
2.088196466879752133e+00
2.050425605442374177e+00
2.015533330661325895e+00
1.983289462095606970e+00
1.953468202609667026e+00
1.925857984783966748e+00
1.900266691638165417e+00
1.876523933139850220e+00
1.854481542400877370e+00
1.834013073978352670e+00
1.815012818324865940e+00
1.797394664436930745e+00
1.781091023348098101e+00
1.766051950322426789e+00
1.752244559282008174e+00
1.739652800800935539e+00
1.728277667931451322e+00
1.718137900120935146e+00
1.709271271013570459e+00
1.701736572792546864e+00
1.695616447484795009e+00
1.691021267889204260e+00
1.688094340295851925e+00
1.687018793649905923e+00
1.688026640262307199e+00
1.691410648715329978e+00
1.697539862716276549e+00
1.706879825233044601e+00
1.720018797690646917e+00
1.737701413770517789e+00
1.760871070691255813e+00
1.790721461289197514e+00
1.828754953853230614e+00
1.876838886469013090e+00
1.937236014350731006e+00
2.012554714975640646e+00
2.105506735837014975e+00
2.218266401867526216e+00
2.351118737567700734e+00
2.500105630609449570e+00
2.653917742865015139e+00
2.791845296032442025e+00
2.886601566615834891e+00
2.914668556357166818e+00
2.869199780980457248e+00
2.764070442748773004e+00
2.625018955203745730e+00
2.476881419157388020e+00
2.336475589904707384e+00
2.212167066756441702e+00
2.106458970102058181e+00
2.018698417805371292e+00
1.946909883347804682e+00
1.888795239181538799e+00
1.842194564034777882e+00
1.805255872051547472e+00
1.776466472840207977e+00
1.754627130274465152e+00
1.738808196290951846e+00
1.728304961772987758e+00
1.722598840089582639e+00
1.721326193628092360e+00
1.724254634111130224e+00
1.731265951642937617e+00
1.742344715453723270e+00
1.757571688323267489e+00
1.777121343467247039e+00
1.801262882939726140e+00
1.830364173143465667e+00
1.864897875860452414e+00
1.905448665240693895e+00
1.952719633880736660e+00
2.007534563199214972e+00
2.070830311074906227e+00
2.143629695329991147e+00
2.226979485126839187e+00
2.321830484287988661e+00
2.428828822942918020e+00
2.547984982739959658e+00
2.678202584294265165e+00
2.816704486113301265e+00
2.958511146401027414e+00
3.096291028076140872e+00
3.221001750227848515e+00
3.323551380005921985e+00
3.397101325594136689e+00
3.438935081953785389e+00
3.450776884065733796e+00
3.437367057125394254e+00
3.404222360979987982e+00
3.355820741085903780e+00
3.294881009998229970e+00
3.222656625031480981e+00
3.139757141938875673e+00
3.046986290697603739e+00
2.945862427934776928e+00
2.838714138989457236e+00
2.728431900628986995e+00
2.618055178132650873e+00
2.510373374008727065e+00
2.407652117979266038e+00
2.311515402789483531e+00
2.222956899389154195e+00
2.142430974813333666e+00
2.069976623878694966e+00
2.005341632445341471e+00
1.948089395831604120e+00
1.897682136435286493e+00
1.853540991498854762e+00
1.815086563065279490e+00
1.781764391839955719e+00
1.753059526299551418e+00
1.728503610951575675e+00
1.707677093493904730e+00
1.690208421855727838e+00
1.675771522287685444e+00
1.664082418397052399e+00
1.654895543533391411e+00
1.648000087623644916e+00
1.643216578512358028e+00
1.640393806080873818e+00
1.639406140147746882e+00
1.640151258452828609e+00
1.642548281483876327e+00
1.646536300998916458e+00
1.652073285165628569e+00
1.659135342743310870e+00
1.667716329562404898e+00
1.677827782564773829e+00
1.689499165540243375e+00
1.702778409901502421e+00
1.717732726142762623e+00
1.734449648537792932e+00
1.753038252048432666e+00
1.773630440338540337e+00
1.796382141323012549e+00
1.821474148771903723e+00
1.849112201750217066e+00
1.879525676260128675e+00
1.912963950096711052e+00
1.949689064922768500e+00
1.989962724770359737e+00
2.034024938886465073e+00
2.082060803984405517e+00
2.134151227602916201e+00
2.190203274804894740e+00
2.249857138204268914e+00
2.312370868656131950e+00
2.376492737240283315e+00
2.440345777120694670e+00
2.501368578869590742e+00
2.556374004032669234e+00
2.601788290529420067e+00
2.634097794533718506e+00
2.650450942396755938e+00
2.649263258944199784e+00
2.630615440659255899e+00
2.596279267017574721e+00
2.549351028677478759e+00
2.493633380074274264e+00
2.432984352748485346e+00
2.370814981046701853e+00
2.309813905108914600e+00
2.251880832540570143e+00
2.198200752544042569e+00
2.149385772351508628e+00
2.105630432976487665e+00
2.066850065923233171e+00
2.032790272753350003e+00
2.003106719756366783e+00
1.977419605929417790e+00
1.955348655340040764e+00
1.936534141466190739e+00
1.920648417048294032e+00
1.907401290465501775e+00
1.896541611343395717e+00
1.887856668101890678e+00
1.881170451123212795e+00
1.876341453674091220e+00
1.873260427668256956e+00
1.871848346003132546e+00
1.872054718931164707e+00
1.873856349532979415e+00
1.877256577635904256e+00
1.882285044041518196e+00
1.888998000154286760e+00
1.897479188220520196e+00
1.907841321751573505e+00
1.920228199792436197e+00
1.934817492185906707e+00
1.951824230337068755e+00
1.971505025138660550e+00
1.994163002678164043e+00
2.020153386255351791e+00
2.049889541830362649e+00
2.083849113207961956e+00
2.122579559410062711e+00
2.166701906831851154e+00
2.216910755670377764e+00
2.273967427508801986e+00
2.338681500252782541e+00
2.411873802322800575e+00
2.494311389079214347e+00
2.586602762080646656e+00
2.689041273645854879e+00
2.801389595974904445e+00
2.922613632969120800e+00
3.050606357872164054e+00
3.181992237461263251e+00
3.312156842257806932e+00
3.435661414535813307e+00
3.547113747482846247e+00
3.642339077133766256e+00
3.719406260846321199e+00
3.778925852129265461e+00
3.823238708911306016e+00
3.854616338918364971e+00
3.873136798219458221e+00
3.875243521755633136e+00
3.854009780002454644e+00
3.801608955441519555e+00
3.713241350139812269e+00
3.590377768050116547e+00
3.441161788090306040e+00
3.277759424303799740e+00
3.112563837094890040e+00
2.955396477407110645e+00
2.812504542412399999e+00
2.686911012865639936e+00
2.579324230467481716e+00
2.489050564917207886e+00
2.414681622388453075e+00
2.354531555647858099e+00
2.306879084665137913e+00
2.270079733039065850e+00
2.242600306318350611e+00
2.223010927296834360e+00
2.209957072593093486e+00
2.202125956834819931e+00
2.198217241985423787e+00
2.196925992631262314e+00
2.196944692299029445e+00
2.196989737394295261e+00
2.195855082930648905e+00
2.192491052539710772e+00
2.186100057461858981e+00
2.176234616784245901e+00
2.162879134936714909e+00
2.146497854372711789e+00
2.128038194785462522e+00
2.108889640147765920e+00
2.090809462498430360e+00
2.075833392408465095e+00
2.066188955891671952e+00
2.064221226308551316e+00
2.072326575188314202e+00
2.092871188122249926e+00
2.128048481760153265e+00
2.179604943989547294e+00
2.248346144932830359e+00
2.333350882352299482e+00
2.430928082966973935e+00
2.533616662812503417e+00
2.629929935926255791e+00
2.705772316890176832e+00
2.747901432581999259e+00
2.748278175272080404e+00
2.706837580861078507e+00
2.630900988577315580e+00
2.531851488019114971e+00
2.421333326379948137e+00
2.308768497187561053e+00
2.200546634428195425e+00
2.100322138117391546e+00
2.009736182735339494e+00
1.929138470167092834e+00
1.858143477754107931e+00
1.796003392966259771e+00
1.741835376100520305e+00
1.694749051637997717e+00
1.653911460027227776e+00
1.618575254216623183e+00
1.588086527415102589e+00
1.561882119884170805e+00
1.539482071067553415e+00
1.520480343366908960e+00
1.504535456585963882e+00
1.491361826814244784e+00
1.480722139492943068e+00
1.472420841398903502e+00
1.466298716383212852e+00
1.462228458367890838e+00
1.460111141199701645e+00
1.459873489896794885e+00
1.461465873182388409e+00
1.464860956075104248e+00
1.470052973082449199e+00
1.477057605126018691e+00
1.485912467031444750e+00
1.496678237980350046e+00
1.509440495305643948e+00
1.524312343454767404e+00
1.541437965609259830e+00
1.560997266346182633e+00
1.583211818987789510e+00
1.608352379015826505e+00
1.636748268328649614e+00
1.668798959523013936e+00
1.704988164267391637e+00
1.745900595080421613e+00
1.792241210187954126e+00
1.844855954449676094e+00
1.904751390045094306e+00
1.973107502587813311e+00
2.051272275580418913e+00
2.140716734290932344e+00
2.242913193012706863e+00
2.359076741817874190e+00
2.489685795002902768e+00
2.633693727525824979e+00
2.787416030756676655e+00
2.943320001369132743e+00
3.089412611363863359e+00
3.210388575910471332e+00
3.291406860915665256e+00
3.323579564274788289e+00
3.307991461377179920e+00
3.255226144666998778e+00
3.180757230660557155e+00
3.099546660666758324e+00
3.022730454911541464e+00
2.956886177931552506e+00
2.904845650311921101e+00
2.866934415832892213e+00
2.842035903264480634e+00
2.828316975375258391e+00
2.823658454869176104e+00
2.825886668815583924e+00
2.832890786250537474e+00
2.842684767244535671e+00
2.853449771376210808e+00
2.863576237927894841e+00
2.871713374757470127e+00
2.876825824821001465e+00
2.878251873051587140e+00
2.875754520539579140e+00
2.869556278723789600e+00
2.860350680874951035e+00
2.849287794630803283e+00
2.837936299938249363e+00
2.828229371173944795e+00
2.822404062686146631e+00
2.822942914136584935e+00
2.832521275444885855e+00
2.853953679141087552e+00
2.890116198102958389e+00
2.943797074453816442e+00
3.017393594343191321e+00
3.112334546151720893e+00
3.228092289663225589e+00
3.360733565017434366e+00
3.501283249693567079e+00
3.634838143441952329e+00
3.742052582425747342e+00
3.804203905810682240e+00
3.810471160371413202e+00
3.762941217161422269e+00
3.675442549857041108e+00
3.567225880735100940e+00
3.456187940453590013e+00
3.355111706806543914e+00
3.271119679394243196e+00
3.206823753471746308e+00
3.161800313840227084e+00
3.133745873071890120e+00
3.119195835372376990e+00
3.113915419249821515e+00
3.113125435074419745e+00
3.111712747097731047e+00
3.104537741148942764e+00
3.086891922811852318e+00
3.055074152823770373e+00
3.006959638403688739e+00
2.942375658137247996e+00
2.863122012026642960e+00
2.772591737025885017e+00
2.675101425342210959e+00
2.575140820193795754e+00
2.476746559773123746e+00
2.383116840019732230e+00
2.296477301340610122e+00
2.218136690040652059e+00
2.148648336601024500e+00
2.088005852234528614e+00
2.035827169630112010e+00
1.991505172804037826e+00
1.954319703022769028e+00
1.923514609673804499e+00
1.898346946026312043e+00
1.878115742674851596e+00
1.862176731226288684e+00
1.849947931443947757e+00
1.840909637206470162e+00
1.834601219098640712e+00
1.830616326599555199e+00
1.828597483548146663e+00
1.828230671242459637e+00
1.829240231204575240e+00
1.831384253658908445e+00
1.834450515566545148e+00
1.838252971841275896e+00
1.842628770425263074e+00
1.847435745631820003e+00
1.852550337683689374e+00
1.857865886752302576e+00
1.863291252419636779e+00
1.868749715015355362e+00
1.874178120542901116e+00
1.879526237300340297e+00
1.884756298097812532e+00
1.889842707955125212e+00
1.894771903128932067e+00
1.899542352779951759e+00
1.904164700758447459e+00
1.908662050797951926e+00
1.913070404606402874e+00
1.917439269356346010e+00
1.921832458194733695e+00
