8.780751722590895980e+00
8.850056126430887460e+00
8.923320407715772618e+00
9.000229555658171066e+00
9.080399629177430043e+00
9.163383429121990886e+00
9.248676465042887429e+00
9.335723454204067906e+00
9.423925610773011385e+00
9.512648973071719638e+00
9.601233972613488987e+00
9.689006373693151986e+00
9.775289607504536349e+00
9.859418396925642369e+00
9.940753427623070237e+00
1.001869668235587341e+01
1.009270693660922547e+01
1.016231483425294968e+01
1.022713694149177677e+01
1.028688822378998324e+01
1.034139251648200464e+01
1.039059074693138385e+01
1.043454690488786341e+01
1.047345200923540354e+01
1.050762655097691756e+01
1.053752204930767356e+01
1.056372239748544217e+01
1.058694553107930680e+01
1.060804555311375630e+01
1.062801469500851859e+01
1.064798323552201964e+01
1.066921354668017585e+01
1.069308156001845056e+01
1.072103498683616785e+01
1.075451274693967996e+01
1.079480530483322909e+01
1.084283385919470710e+01
1.089883346358934979e+01
1.096195037095374047e+01
1.102981636263119647e+01
1.109824073165779446e+01
1.116123264775843360e+01
1.121156194665910277e+01
1.124190814986732434e+01
1.124634627572861412e+01
1.122164548835299946e+01
1.116785337195799066e+01
1.108796835234207201e+01
1.098693879015151253e+01
1.087046249202590964e+01
1.074399615526145979e+01
1.061215842483624705e+01
1.047850641817811557e+01
1.034556747727215509e+01
1.021500046125301608e+01
1.008779565106149079e+01
9.964462477253047012e+00
9.845184006750747230e+00
9.729934372686447119e+00
9.618563332581222980e+00
9.510854707294420507e+00
9.406565367655163712e+00
9.305450332853615336e+00
9.207278241117883510e+00
9.111840291604991648e+00
9.018954837234103294e+00
8.928469127373224623e+00
8.840259214615594274e+00
8.754228704663429284e+00
8.670306800415263027e+00
8.588445938996915885e+00
8.508619219332819839e+00
8.430817751472355681e+00
8.355048015352542379e+00
8.281329287978220322e+00
8.209691179270409478e+00
8.140171303742521403e+00
8.072813106770928115e+00
8.007663857232365956e+00
7.944772813908871356e+00
7.884189568920909608e+00
7.825962568455097745e+00
7.770137808562440185e+00
7.716757701607025233e+00
7.665860107558284398e+00
7.617477523021593200e+00
7.571636420317431337e+00
7.528356728724012292e+00
7.487651450069222392e+00
7.449526401672543763e+00
7.413980080587621480e+00
7.381003644532851737e+00
7.350581006885048119e+00
7.322689045183797596e+00
7.297297925524374840e+00
7.274371548257496656e+00
7.253868124405408402e+00
7.235740896815791245e+00
7.219939025743727257e+00
7.206408666381347139e+00
7.195094274015144897e+00
7.185940186347610670e+00
7.178892547894750287e+00
7.173901664442013271e+00
7.170924906683936229e+00
7.169930325914348757e+00
7.170901206753700130e+00
7.173841870911402907e+00
7.178785174951483938e+00
7.185802333819499843e+00
7.195015981031519736e+00
7.206617793109785453e+00
7.220892633149429862e+00
7.238252119557800235e+00
7.259281972906957314e+00
7.284809683545163672e+00
7.316002313014975833e+00
7.354508889677275896e+00
7.402667762248642980e+00
7.463804266087411321e+00
7.542638977410186740e+00
7.645780360081389837e+00
7.782092191059112984e+00
7.962148732062816592e+00
8.194496317218479930e+00
8.473862042749463086e+00
8.757478694181235923e+00
8.948281291936226012e+00
8.943605579792450300e+00
8.740463715408589351e+00
8.440164542498946432e+00
8.143278429366901605e+00
7.895198849020345300e+00
7.701674171308467542e+00
7.553677733560530960e+00
7.440047046178674073e+00
7.351487658704190409e+00
7.281136133898059803e+00
7.224151199470862927e+00
7.177180413153406491e+00
7.137923542533183507e+00
7.104817286317602232e+00
7.076817521141432366e+00
7.053250843312912188e+00
7.033713080070830515e+00
7.017998999691828388e+00
7.006052489092544633e+00
6.997929920677894877e+00
6.993771674717936371e+00
6.993778189397037437e+00
6.998187759387801243e+00
7.007253791228021278e+00
7.021219495145584411e+00
7.040288170427185577e+00
7.064587449216641168e+00
7.094126251409788253e+00
7.128743957814197785e+00
7.168052651578490142e+00
7.211375428996159798e+00
7.257686866622138133e+00
7.305565618253814009e+00
7.353173174413161206e+00
7.398275710884495204e+00
7.438325619039966696e+00
7.470613440442190445e+00
7.492488124370340508e+00
7.501624932008048141e+00
7.496300771769123905e+00
7.475624129379597527e+00
7.439668628338692358e+00
7.389478227076846650e+00
7.326942879685207188e+00
7.254574785103241830e+00
7.175235492509784763e+00
7.091867275603373599e+00
7.007270405357452603e+00
6.923948621536705872e+00
6.844026240131232619e+00
6.769227089486880899e+00
6.700899258194719543e+00
6.640069216977764199e+00
6.587511994324155573e+00
6.543828706772442771e+00
6.509527609282986127e+00
6.485109503789399987e+00
6.471163091468079109e+00
6.468481549205599812e+00
6.478219815081333266e+00
6.502125314467278372e+00
6.542896937386033507e+00
6.604761957904695890e+00
6.694403278506639410e+00
6.822358780064237571e+00
7.004624684337414919e+00
7.262046514319521862e+00
7.606935748834506406e+00
7.990913078436586048e+00
8.231528119413944466e+00
8.144830270880932588e+00
7.837557347605102365e+00
7.535798619265924536e+00
7.329092190396814921e+00
7.210938704908671504e+00
7.155231199388844665e+00
7.140719726655947674e+00
7.153306550353507376e+00
7.184005040369352280e+00
7.227010551669191152e+00
7.278439539583970941e+00
7.335573214020122634e+00
7.396411778561065908e+00
7.459410543951978667e+00
7.523322113554618440e+00
7.587101233851016424e+00
7.649847350570103011e+00
7.710770249625605643e+00
7.769169991626739602e+00
7.824425692401085541e+00
7.875989669827807127e+00
7.923384675375796604e+00
7.966202691503254663e+00
8.004104287714737254e+00
8.036817889814155791e+00
8.064138583332306709e+00
8.085926272853873442e+00
8.102103168703482794e+00
8.112650680730006059e+00
8.117605872578970150e+00
8.117057675658918114e+00
8.111143089189262412e+00
8.100043610901247249e+00
8.083982165861174352e+00
8.063220843994427511e+00
8.038059843800681392e+00
8.008838183940651945e+00
7.975937044647546159e+00
7.939787140879357885e+00
7.900882506252719040e+00
7.859804869870031574e+00
7.817266233169182676e+00
7.774183994929313002e+00
7.731816790409209439e+00
7.692018820293673009e+00
7.657736918656937952e+00
7.634030553133508867e+00
7.630271110686202007e+00
7.665052525006823991e+00
7.776769857249286488e+00
8.038434193533049665e+00
8.508496898217622117e+00
8.881018294840721694e+00
8.638349268116300550e+00
8.152786740345453254e+00
7.783245550749444241e+00
7.539028932423585516e+00
7.372386871760125082e+00
7.251405535705818473e+00
7.158535029277016015e+00
7.084158398189864592e+00
7.022802694918147459e+00
6.971202805781088863e+00
6.927311995351636220e+00
6.889778950628485887e+00
6.857659756800933870e+00
6.830252722149458222e+00
6.807000175227032379e+00
6.787428367671278551e+00
6.771110045100884101e+00
6.757641176258818660e+00
6.746627034514474097e+00
6.737674872972815976e+00
6.730391601707212068e+00
6.724385566793559477e+00
6.719271975110989281e+00
6.714681862206253626e+00
6.710274917335536493e+00
6.705757193356208568e+00
6.700906206053100611e+00
6.695609260632695126e+00
6.689928874933719349e+00
6.684230071873407120e+00
6.679464396502483581e+00
6.677901828019383146e+00
6.685359926204740511e+00
6.719638194257685271e+00
6.853462924065036432e+00
7.478256460773297754e+00
7.772142980907376320e+00
6.933511743778216108e+00
6.703080986180993683e+00
6.616683889770359706e+00
6.571543520010193262e+00
6.543291948994464313e+00
6.524340890810199411e+00
6.511946280219142125e+00
6.505092463664422731e+00
6.503475145379995936e+00
6.507110543317839557e+00
6.516165218194228892e+00
6.530873877358976287e+00
6.551495342360596830e+00
6.578285574353255782e+00
6.611477708225721450e+00
6.651264167728685450e+00
6.697781438420197908e+00
6.751119723957438090e+00
6.811523787224095905e+00
6.881402937370440398e+00
7.006679905373384365e+00
7.737928035868957721e+00
7.220145579676794156e+00
7.267355009972798818e+00
7.348812461462945755e+00
7.438653996382386779e+00
7.529805090763162845e+00
7.617881711456903737e+00
7.699015936126174076e+00
7.769514305908796992e+00
7.825976677384534952e+00
7.865576010288322983e+00
7.886367427149044929e+00
7.887528387798139029e+00
7.869456701709153457e+00
7.833693917594372280e+00
7.782691727475934407e+00
7.719480167827872386e+00
7.647313614578038710e+00
7.569361329986982412e+00
7.488483033178874315e+00
7.407100409414439923e+00
7.327153074011914846e+00
7.250116134798008538e+00
7.177054698424125689e+00
7.108694670254010362e+00
7.045495366447789287e+00
6.987715391605035187e+00
6.935467830933760958e+00
6.888763852753310601e+00
6.847545551740290115e+00
6.811709662878737248e+00
6.781123989573072386e+00
6.755638283228532437e+00
6.735091060121391138e+00
6.719313550734129947e+00
6.708131701363011068e+00
6.701366911527440351e+00
6.698836001369327775e+00
6.700350757082413899e+00
6.705717294073555657e+00
6.714735399379038405e+00
6.727197959723957510e+00
6.742890543998087516e+00
6.761591183152182438e+00
6.783070373923051122e+00
6.807091321138925899e+00
6.833410425829772983e+00
6.861778020413345835e+00
6.891939347725318576e+00
6.923635775978811857e+00
6.956606237765864620e+00
6.990588876494951975e+00
7.025322879346369120e+00
7.060550471296190622e+00
7.096019040612850048e+00
7.131483362663308512e+00
7.166707885535711142e+00
7.201469039069703371e+00
7.235557527334782968e+00
7.268780564099373009e+00
7.300964010973621576e+00
7.331954378857888699e+00
7.361620654330395475e+00
7.389855913959321398e+00
7.416578690894918502e+00
7.441734059455257011e+00
7.465294404305391041e+00
7.487259842324553993e+00
7.507658266458452800e+00
7.526544982833277331e+00
7.544001914851306445e+00
7.560136351873685712e+00
7.575079224725574711e+00
7.588982896463529748e+00
7.602018464452831026e+00
7.614372578327307295e+00
7.626243788327955464e+00
7.637838449006735253e+00
7.649366214795533914e+00
7.661035175816309994e+00
7.673046695320602240e+00
7.685590023923592362e+00
7.698836781037209143e+00
7.712935410999343766e+00
7.728005740575849991e+00
7.744133785795497715e+00
7.761366979313937264e+00
7.779710013139960800e+00
7.799121514108129816e+00
7.819511787338394804e+00
7.840741872320708516e+00
7.862624151949757056e+00
7.884924731543375032e+00
7.907367757178007217e+00
7.929641767472339176e+00
7.951408068418239772e+00
7.972310990882712112e+00
7.991989741793778634e+00
8.010091406723331531e+00
8.026284520016666590e+00
8.040272509657615529e+00
8.051806265814283492e+00
8.060695091243838206e+00
8.066815373576577741e+00
8.070116473542194413e+00
8.070623533148252093e+00
8.068437151826401532e+00
8.063730126843193347e+00
8.056741676687632747e+00
8.047769737998891060e+00
8.037162029485152459e+00
8.025306605033842189e+00
8.012622575916539702e+00
7.999551581699951619e+00
7.986550448008170378e+00
7.974085306030814557e+00
7.962627278786825080e+00
7.952649675786555683e+00
7.944626485092810775e+00
7.939031809779291571e+00
7.936339757547398399e+00
7.937024145283460896e+00
7.941557209699490194e+00
7.950406302977582662e+00
7.964027283413765979e+00
7.982852978539107802e+00
8.007274714294881690e+00
8.037614519507629396e+00
8.074085352856744890e+00
8.116736790065658624e+00
8.165384447100745291e+00
8.219523577605869491e+00
8.278231478647706254e+00
8.340070163980460194e+00
8.403010135555479820e+00
8.464406317530949408e+00
8.521064041212516926e+00
8.569429433620319614e+00
8.605917363034373935e+00
8.627349181592357752e+00
8.631421807096980814e+00
8.617092503373180890e+00
8.584766303745292149e+00
8.536225136457545659e+00
8.474319796170895813e+00
8.402518183553091546e+00
8.324432340939058150e+00
8.243426942320253303e+00
8.162363258177089520e+00
8.083482923532258724e+00
8.008403195463356994e+00
7.938183482868438112e+00
7.873426026273773637e+00
7.814383633157126141e+00
7.761058254201530282e+00
7.713282868181137175e+00
7.670784862493804646e+00
7.633232264794977517e+00
7.600265572156295057e+00
7.571518253311665170e+00
7.546628788137799582e+00
7.525246678846715831e+00
7.507034397309383600e+00
7.491666803434039679e+00
7.478829208308919618e+00
7.468214962858922057e+00
7.459523216293162839e+00
7.452457293174202135e+00
7.446723970961650174e+00
7.442033790344665611e+00
7.438102392883633840e+00
7.434652753329285879e+00
7.431418058488646672e+00
7.428144888500368914e+00
7.424596286044961246e+00
7.420554264394437993e+00
7.415821314868063396e+00
7.410220532798347470e+00
7.403594090911143510e+00
7.395799945720614055e+00
7.386706856820656419e+00
7.376188014835156181e+00
7.364113792489266785e+00
7.350344330508526092e+00
7.334722822070523840e+00
7.317070441946901482e+00
7.297183857539906171e+00
7.274836142521892590e+00
7.249781681932769395e+00
7.221765314634957633e+00
7.190535525609591083e+00
7.155861015946533676e+00
7.117549499382968214e+00
7.075467171447540338e+00
7.029557041925895255e+00
6.979854274786965185e+00
6.926496871319510085e+00
6.869730455265168345e+00
6.809906518915366469e+00
6.747474178936399447e+00
6.682966162081178219e+00
6.616980292386133833e+00
6.550158106796684976e+00
6.483162351797740364e+00
6.416655018175783098e+00
6.351277301155536570e+00
6.287632494793600202e+00
6.226272414557608492e+00
6.167687551342222463e+00
6.112300837035203216e+00
6.060464668630848983e+00
6.012460698128386127e+00
5.968501840045790985e+00
5.928735958692507246e+00
5.893250755290835308e+00
5.862079458840899981e+00
5.835207021400557359e+00
5.812576613715141782e+00
5.794096304575868217e+00
5.779645880924289436e+00
5.769083823821103074e+00
5.762254496422289485e+00
5.758995624503713273e+00
5.759146157702137003e+00
5.762554590742340999e+00
5.769087798010948731e+00
5.778640390004776251e+00
5.791144533787519144e+00
5.806580084882429382e+00
5.824984745828413857e+00
5.846463780994208825e+00
5.871198554754858634e+00
5.899452788259250013e+00
5.931574905792997399e+00
5.967994117787656982e+00
6.009206925140312627e+00
6.055749536462159632e+00
6.108150389013859538e+00
6.166855923747328383e+00
6.232122784844382757e+00
6.303872142342648033e+00
6.381509035604357116e+00
6.463723920984741689e+00
6.548316006930421374e+00
6.632104838342043784e+00
6.711015684514253010e+00
6.780414156548139282e+00
6.835705276347356474e+00
6.873103925261152547e+00
6.890372055823794639e+00
6.887278385990453167e+00
6.865617696042886742e+00
6.828797468503712942e+00
6.781159531040751531e+00
6.727265628775576545e+00
6.671327698545463925e+00
6.616861912684618652e+00
6.566554834992912149e+00
6.522281954121976533e+00
6.485210763429204661e+00
6.455934742496045153e+00
6.434604764807843935e+00
6.421041622963596929e+00
6.414824800583254216e+00
6.415358901081956944e+00
6.421921863537566111e+00
6.433699745176499007e+00
6.449812469796294856e+00
6.469334144332675507e+00
6.491310645244883659e+00
6.514776309642513752e+00
6.538770784478011855e+00
6.562356408894403970e+00
6.584635943325142016e+00
6.604770032433197713e+00
6.621993519067833844e+00
6.635629630662365663e+00
6.645101140734617218e+00
6.649937848185022204e+00
6.649780071976359785e+00
6.644378266381244735e+00
6.633589249676699495e+00
6.617369842084762865e+00
6.595768880971609072e+00
6.568918608179714624e+00
6.537026324193483617e+00
6.500367025729465453e+00
6.459277562015700802e+00
6.414152756437717429e+00
6.365444082641812606e+00
6.313662091059823567e+00
6.259385376483966645e+00
6.203282837239644465e+00
6.146166473276174713e+00
6.089123506286684417e+00
6.033889651949416510e+00
5.984146646622682475e+00
5.952030500280375946e+00
6.033071268944172338e+00
5.842421464556074362e+00
5.649207256577800429e+00
5.610127093278150845e+00
5.566466753313968674e+00
5.522309812983018595e+00
5.479784461948039365e+00
5.440013154952253238e+00
5.403692933005634913e+00
5.371315262594937856e+00
5.343259185792926580e+00
5.319836674486446704e+00
5.301318151494744058e+00
5.287949178271975192e+00
5.279963101586079510e+00
5.277591982438002205e+00
5.281077095640445584e+00
5.290679861094342407e+00
5.306693931249719220e+00
5.329459197119570391e+00
5.359378667341199609e+00
5.396939584905767973e+00
5.442740972369612074e+00
5.497531551542661710e+00
5.562266018721375715e+00
5.638197767170494146e+00
5.727054000327981953e+00
5.831425154212742434e+00
5.955808792142231134e+00
6.110114339357144431e+00
6.325784027515919838e+00
6.777193709223844564e+00
7.183650739704149579e+00
6.582737704463684558e+00
6.741123751407272380e+00
6.937144692725981443e+00
7.127065343059673097e+00
7.297252087229740170e+00
7.436695994839521262e+00
7.537260248220630565e+00
7.595743589093220116e+00
7.614676267451504721e+00
7.601246203374032007e+00
7.565019092961865255e+00
7.515605514269476650e+00
7.461090282798774176e+00
7.407401966893532475e+00
7.358373421177216933e+00
7.316143495686395326e+00
7.281637784492460241e+00
7.254991509904586522e+00
7.235869194579766628e+00
7.223683861190687061e+00
7.217736420719363721e+00
7.217298263112061463e+00
7.221656340970329602e+00
7.230134994531194792e+00
7.242104319994898454e+00
7.256981467960875065e+00
7.274228861677413782e+00
7.293351664291299663e+00
7.313895701643229330e+00
7.335446274922083454e+00
7.357627758066767498e+00
7.380103495412443593e+00
7.402575259450726364e+00
7.424781389556874167e+00
7.446492731417114541e+00
7.467505688958710586e+00
7.487632204026677840e+00
7.506687526153458023e+00
7.524478701169424077e+00
7.540800753674522738e+00
7.555455510356553717e+00
7.568323730512972247e+00
7.579551644409650457e+00
7.589968316638326051e+00
7.601933725890815730e+00
7.620869655982768442e+00
7.657427079057359975e+00
7.728652909641569480e+00
7.852831775343037002e+00
8.032479338578298211e+00
8.238233134183461814e+00
8.423619927706617716e+00
8.559754950425046971e+00
8.645626586007248093e+00
8.694247156398343890e+00
8.719977600624433833e+00
8.734311155339028687e+00
8.746066882990092495e+00
8.762562769478803304e+00
8.790509410666063062e+00
8.836186881972432516e+00
8.904268723376464578e+00
8.993791721967371089e+00
9.089076172212832816e+00
9.147414276050401583e+00
9.103109045854672843e+00
8.919649640286197112e+00
8.653709769909641025e+00
8.434070008881233704e+00
8.389061791266453127e+00
8.577590719242934370e+00
8.883047506874330423e+00
9.080917831766559090e+00
9.105410156389702081e+00
9.031416031892986140e+00
8.927941830649571031e+00
8.825903798058048366e+00
8.734537665599329870e+00
8.654675926633546013e+00
8.584619336182198523e+00
8.522287877572528814e+00
8.465907997390790030e+00
8.414173233818205588e+00
8.366228810556554762e+00
8.321606468038364568e+00
8.280153957541061871e+00
8.241974669839171597e+00
8.207383437536583060e+00
8.176882584441969470e+00
8.151163690870113498e+00
8.131144297619398387e+00
8.118055246971277228e+00
8.113604445202112103e+00
8.120256320120249782e+00
8.141675477762335689e+00
8.183348719393091386e+00
8.253168168325514031e+00
8.360839589500958624e+00
8.512354767422408486e+00
8.692404496639575484e+00
8.839611940839656512e+00
8.868186452177504009e+00
8.759625965738155884e+00
8.579231800455815460e+00
8.391736255580994452e+00
8.222753356207604725e+00
8.073357297706730051e+00
7.936818226163516954e+00
7.805761371425245621e+00
7.674086839909052493e+00
7.537127290086981013e+00
7.391407756285467201e+00
7.234438791210764386e+00
7.064705661012981253e+00
6.882027150680697147e+00
6.688633745906840566e+00
6.491635451818573266e+00
6.307751274816209452e+00
6.169672738743326335e+00
6.125682779494724173e+00
6.210844692236332953e+00
6.390804768027391169e+00
6.562943653118287202e+00
6.647454772588380578e+00
6.635355291407994294e+00
6.555279722897060068e+00
6.437523808757563692e+00
6.302948500824905764e+00
6.164029280664632182e+00
6.028024335659257993e+00
5.899415608210523132e+00
5.781472884984142802e+00
5.677306640167067542e+00
5.590754771847300297e+00
5.527378241564826489e+00
5.495763200994182363e+00
5.509005715108171941e+00
5.584789221952823901e+00
5.737613178217788601e+00
5.949265258143738855e+00
6.125421381066088244e+00
6.138110376148446790e+00
5.975111606169119405e+00
5.737747374059532390e+00
5.510400538174867968e+00
5.322976391800812834e+00
5.176638920969273805e+00
5.064456105659552954e+00
4.979153808315967211e+00
4.914967724345706834e+00
4.867675219569878919e+00
4.834239611330620967e+00
4.812462620942666192e+00
4.800721227105438693e+00
4.797782563875870210e+00
4.802676274946326984e+00
4.814606416162280134e+00
4.832890326745635790e+00
4.856916581086450080e+00
4.886117995017344562e+00
4.919959489958277032e+00
4.957946110121631556e+00
4.999667636119857761e+00
5.044924220783259194e+00
5.094057908879773500e+00
5.148876068311733611e+00
5.215524740150240035e+00
5.314900826948260715e+00
5.527057999399554333e+00
6.151033294458067679e+00
6.945554139339890298e+00
6.476316235300618729e+00
6.114836665564229889e+00
5.969547299626416503e+00
5.913326094698085456e+00
5.895382754866971275e+00
5.896048184262027370e+00
5.907973575690684598e+00
5.931694752189204500e+00
5.980934118418939072e+00
6.112397316050500962e+00
6.519195897226384595e+00
7.121507740680171672e+00
6.925950858164497070e+00
6.623173883077834390e+00
6.457912178679320547e+00
6.363387245912421442e+00
6.299443073154489703e+00
6.247940926839304687e+00
6.200326896520949482e+00
6.152479985908594351e+00
6.102630049969177684e+00
6.050427122266889945e+00
5.996454387262111219e+00
5.941920749210011898e+00
5.888435833140063913e+00
5.837836635683777864e+00
5.792061594928807899e+00
5.753077708715681915e+00
5.722869973335354743e+00
5.703505375228619556e+00
5.697289155512475389e+00
5.707043162047119367e+00
5.736578575216316978e+00
5.791670600011028291e+00
5.883229965086294477e+00
6.041570961371010462e+00
6.375624841472113502e+00
7.077630858251587220e+00
7.173054156021673400e+00
6.538052492693783968e+00
6.158340731178198801e+00
5.962203797929793936e+00
5.849511887960098022e+00
5.776954074823722252e+00
5.724794483377353416e+00
5.683122105171815264e+00
5.646677861833907741e+00
5.612676046400481233e+00
5.579770382683117091e+00
5.547509995658398196e+00
5.516028942070962948e+00
5.485861654063232784e+00
5.457839500568473667e+00
5.433055753060013870e+00
5.412911032432157654e+00
5.399286637621186991e+00
5.394969449469876999e+00
5.404650335232322078e+00
5.437390954053515024e+00
5.513233201721802423e+00
5.681812330892374696e+00
6.060249263439934531e+00
6.642741720721657472e+00
6.489775676942494798e+00
5.963802846252785450e+00
5.704444669788426125e+00
5.604347160358222446e+00
5.575131387650263726e+00
5.581166699709663170e+00
5.607592993069199672e+00
5.647522231458109943e+00
5.697422364075824142e+00
5.755334668393281561e+00
5.820134794321854876e+00
5.891220719178395626e+00
5.968401180313696486e+00
6.051901879741747869e+00
6.142470843460683838e+00
6.241607166430000575e+00
6.351986906296802182e+00
6.478235949828000884e+00
6.628291220505868608e+00
6.815406620461531340e+00
7.058085612799043673e+00
7.356158342460136446e+00
7.562947797513788650e+00
7.358552274004938276e+00
6.985495989376640402e+00
6.809630152601247488e+00
6.786406395316400442e+00
6.831267042915739829e+00
6.904949083459186454e+00
6.991558686321519112e+00
7.084375514513595817e+00
7.180238000548644806e+00
7.277396724262529482e+00
7.374666565323239276e+00
7.471090807227625419e+00
7.565830648209965759e+00
7.658178405317496384e+00
7.747676625691902963e+00
7.834401912397756185e+00
7.919653388585093268e+00
8.007997401594250775e+00
8.115618326949151751e+00
8.323857566701750699e+00
7.569305272192489831e+00
7.894349882802532470e+00
7.997180580474551270e+00
8.043809267708454058e+00
8.066433635641251598e+00
8.073285215054530894e+00
8.066954348290463983e+00
8.048013905270009261e+00
8.016150695685434258e+00
7.970743182540531713e+00
7.911324075147152968e+00
7.838014815737062158e+00
7.751892785445612333e+00
7.655197800717511214e+00
7.551278462478702380e+00
7.444214031663701547e+00
7.338102828639173403e+00
7.236044877215402238e+00
7.138812141618292806e+00
7.043013543373080054e+00
6.938077568597782907e+00
6.800876008228383895e+00
6.595470484403100464e+00
6.371148487444259878e+00
6.413965403903088891e+00
6.562335422852241251e+00
6.589309260733718254e+00
6.532570789674101874e+00
6.435829878616035060e+00
6.322516647641844401e+00
6.206921710383062951e+00
6.099075652640334688e+00
6.006358951618639530e+00
5.934115473491987203e+00
5.885987188039561779e+00
5.864126340040555441e+00
5.869285731055860822e+00
5.900775115700723994e+00
5.956315803885672722e+00
6.031901061455683610e+00
6.121854424263578842e+00
6.219315452567984792e+00
6.317280229964445049e+00
6.410022811677002608e+00
6.494323794947669093e+00
6.569723127790030759e+00
6.637263774342410549e+00
6.696870933498243694e+00
6.744334297015870838e+00
6.769540639559051165e+00
6.757728948303411975e+00
6.694329195742752425e+00
6.571259004094962108e+00
6.390635024982997514e+00
6.163649597955905612e+00
5.906784816617044243e+00
5.640453820129177842e+00
5.395666222923967581e+00
5.232805238213471988e+00
5.254092723975150037e+00
5.511833993310139235e+00
5.828023888194219460e+00
5.975113189384763324e+00
5.947871008087639133e+00
5.835923038402150098e+00
5.699993664538408389e+00
5.566761868162299898e+00
5.445961480131974675e+00
5.340498676734528161e+00
5.250777905939587598e+00
5.176388704674180552e+00
5.116733129761532162e+00
5.071240051512480917e+00
5.039418881622063751e+00
5.020850780007878100e+00
5.015155160933563394e+00
5.021945737940094467e+00
5.040781338259272992e+00
5.071113840639344339e+00
5.112235604996759442e+00
5.163230421028120354e+00
5.222934724814565222e+00
5.289919094354739393e+00
5.362502981325781626e+00
5.438816873471076896e+00
5.516923702246590011e+00
5.595003318931082603e+00
5.671589055264491641e+00
5.745824410405970362e+00
5.817683809683300566e+00
5.888078917620759967e+00
5.958756039324352827e+00
6.031885831934177489e+00
6.109265636466838068e+00
6.191130293158852105e+00
6.274762780638889481e+00
6.353459300720646574e+00
6.416799091377909825e+00
6.453082587301486761e+00
6.453626111749346528e+00
6.416772885880163813e+00
6.348961860872821994e+00
6.262188228660730438e+00
6.169794489917943103e+00
6.083079897400947011e+00
6.009810244510441990e+00
5.954272565389158167e+00
5.918052022023614356e+00
5.900916239720215728e+00
5.901531097624883593e+00
5.917953859765784586e+00
5.947942282565401584e+00
5.989137312705644867e+00
6.039167131175780412e+00
6.095704351467131410e+00
6.156494684148953844e+00
6.219366514100252097e+00
6.282226587041414234e+00
6.343046690470418802e+00
6.399848794940210972e+00
6.450700039339468006e+00
6.493732044850018426e+00
6.527198823148449236e+00
6.549581855401300778e+00
6.559739123822631690e+00
6.557079039933396913e+00
6.541725502561257954e+00
6.514633724923708513e+00
6.477623623149786347e+00
6.433318989569102087e+00
6.385010106751993320e+00
6.336483961075463078e+00
6.291879434928698167e+00
6.255619800490532789e+00
6.232452714676546712e+00
6.227591996465818625e+00
6.246903361689163603e+00
6.296990815764194060e+00
6.384884101291131486e+00
6.516764680253825048e+00
6.694895836968326464e+00
6.912252796634739127e+00
7.146744037494612733e+00
7.361780840576330753e+00
7.520550726657833529e+00
7.607283961874159672e+00
7.634204619981756146e+00
7.627399176318373719e+00
7.608863437610923874e+00
7.588919651198497540e+00
7.567752375706963797e+00
7.539880500414926523e+00
7.498162049035332899e+00
7.436600767374089038e+00
7.352041776138933393e+00
7.244806081846843604e+00
7.118317387692647102e+00
6.978006727301569789e+00
6.829977533109978793e+00
6.679868411981326304e+00
6.532131327050595182e+00
6.389729111882925139e+00
6.254145619185421445e+00
6.125585226700600572e+00
6.003267115598652559e+00
5.885754958747952514e+00
5.771287143767269257e+00
5.658084154552849299e+00
5.544612853347771875e+00
5.429788372923448847e+00
5.313098074219602118e+00
5.194640587152452582e+00
5.075085096213427960e+00
4.955568208161232668e+00
4.837554039760858515e+00
4.722685260032306154e+00
4.612648863962098389e+00
4.509072618221391160e+00
4.413459316342004612e+00
4.327158609583476867e+00
4.251371480360445432e+00
4.187180507137600927e+00
4.135599338023543403e+00
4.097636394709424756e+00
4.074369977197408232e+00
4.067033969236486968e+00
4.077114569146211842e+00
4.106457766006726295e+00
4.157382182492195710e+00
4.232776764427178762e+00
4.336125069016167011e+00
4.471311865428381438e+00
4.641889080925894362e+00
4.849165409606436938e+00
5.088152635287511494e+00
5.340858554135377467e+00
5.569952092065499905e+00
5.723928451192106692e+00
5.766232789173288964e+00
5.711659645504442828e+00
5.622687296866345719e+00
5.560016721392135430e+00
5.538399003534932419e+00
5.527073560060632218e+00
5.495456335491304856e+00
5.449100197467827478e+00
5.412359967840528974e+00
5.401284586025629331e+00
5.419620992940395787e+00
5.465016420006499231e+00
5.533086667239217604e+00
5.616861695428077006e+00
5.700613782590958856e+00
5.747087328586584221e+00
5.699403714444947866e+00
5.577237811944073087e+00
5.530832025639086602e+00
5.589330434664342206e+00
5.657283091041529488e+00
5.673626746581653890e+00
5.628420419773686234e+00
5.539530446653925466e+00
5.435255034818482933e+00
5.343433749077776795e+00
5.285734114474763601e+00
5.274772688171126767e+00
5.310617999436019865e+00
5.374620147642149348e+00
5.425193138547875549e+00
5.410981885798218372e+00
5.308376419555697723e+00
5.146688823414212521e+00
4.983533336057577756e+00
4.864035501400709727e+00
4.807420365506000159e+00
4.815090799243752606e+00
4.880669608263795034e+00
4.995243924174086025e+00
5.148798910478049606e+00
5.329812462192029088e+00
5.524287318558104509e+00
5.715054104769915710e+00
5.882116021288252838e+00
6.004779951158504936e+00
6.065833685435462641e+00
6.056769081596994120e+00
5.981618167522571916e+00
5.856991728030472188e+00
5.708188019855860773e+00
5.563947586677041812e+00
5.452987372803379529e+00
5.403612215384939077e+00
5.444461707056299282e+00
5.597618361504380857e+00
5.840402714003118056e+00
6.028689267759483883e+00
5.955107288257138975e+00
5.643988714076130897e+00
5.307014401377307067e+00
5.061005258773767501e+00
4.914830171229312761e+00
4.846165642341949464e+00
4.833734065568214611e+00
4.862799092896835873e+00
4.924009725660796200e+00
5.011610914264482908e+00
5.122053941234550045e+00
5.252935164006377278e+00
5.402063304694704193e+00
5.566532767366496159e+00
5.741821537506690554e+00
5.921123396046611198e+00
6.095316993845874443e+00
6.254007415491831701e+00
6.387717419645032813e+00
6.490529097316549034e+00
6.561791971305385829e+00
6.605727330853430779e+00
6.629010410490693062e+00
6.637718546064802716e+00
6.635299641136545468e+00
6.622394443659220364e+00
6.598220203625259295e+00
6.562497650525074278e+00
6.516835407735061203e+00
6.464973711988192484e+00
6.411980155861955133e+00
6.362965736366430036e+00
6.321947828295940042e+00
6.291241522519100293e+00
6.271457003223610549e+00
6.261974092654583934e+00
6.261672988191503642e+00
6.269679106392430867e+00
6.285899878378995886e+00
6.311189181931777803e+00
6.347068462943329159e+00
6.395040120764046598e+00
6.455617090378108713e+00
6.527255193062802441e+00
6.605445190389986898e+00
6.682338216893502825e+00
6.747388325580753410e+00
6.789372194041054520e+00
6.799524000058628559e+00
6.774559591299975203e+00
6.717890117399288208e+00
6.638090324110348384e+00
6.545238998479305792e+00
6.446810166471899528e+00
6.344805042329633160e+00
6.235276552106591375e+00
6.110734253086225642e+00
5.964902843032100499e+00
5.798004607565840018e+00
5.620452988229666325e+00
5.455029574601870657e+00
5.341818951888051004e+00
5.352579517527305875e+00
5.589242004972490463e+00
5.948499119768631438e+00
5.890524320600706965e+00
5.500301289806955651e+00
5.168222973702793155e+00
4.961010630510098274e+00
4.847267696293316774e+00
4.798118779521969302e+00
4.795128505938042629e+00
4.826202827184978617e+00
4.882274189105492823e+00
4.955043542581028859e+00
5.034871675713396222e+00
5.108400906021679511e+00
5.157581036425670007e+00
5.165034340105547628e+00
5.126488932762790718e+00
5.055861274393409488e+00
4.973694178761914664e+00
4.895015715840192350e+00
4.828157768233566571e+00
4.778777722181266618e+00
4.753493623199560147e+00
4.763308530301113564e+00
4.829915890713525783e+00
4.998960140529615792e+00
5.337836793572283689e+00
5.682720028330280115e+00
5.474808631202720655e+00
5.104951285346191803e+00
4.918222869669624409e+00
4.860729273155811825e+00
4.879710044175644690e+00
4.957821172595215486e+00
5.094269028202833560e+00
5.289560256411641959e+00
5.527866719406478779e+00
5.758534703737580251e+00
5.903855781817766157e+00
5.918469856729897671e+00
5.833969743343247139e+00
5.708245557038493345e+00
5.558354659238035289e+00
5.366796332015002946e+00
5.128093227277198629e+00
4.869332687573362684e+00
4.631589335272844998e+00
4.446019029776985043e+00
4.326422721065173782e+00
4.272824352016650451e+00
4.275929664380598183e+00
4.318942002091535670e+00
4.378343830360109656e+00
4.427626801089100894e+00
4.446957547738674243e+00
4.435227281265378352e+00
4.413964617840953508e+00
4.417489396611321339e+00
4.476993705017158653e+00
4.608859094228114017e+00
4.808834060336359961e+00
5.049587764488029151e+00
5.284330827719246670e+00
5.462255741343458482e+00
5.548631210374709077e+00
5.530426997273912626e+00
5.410507554273065622e+00
5.209791663823907903e+00
4.968568300117628844e+00
4.729857183087624151e+00
4.516728201921377917e+00
4.325494520725475134e+00
4.141861649610846463e+00
3.966104973765023356e+00
3.820405625399733829e+00
3.733422320102961045e+00
3.725168851945660276e+00
3.804579073002831713e+00
3.972590354586922334e+00
4.221263599574319514e+00
4.522824175064119601e+00
4.810026544141507543e+00
4.982968842643020757e+00
4.991326644267511270e+00
4.890337937373117505e+00
4.762480025480098078e+00
4.656509720073610303e+00
4.603065664759655284e+00
4.632351655387730638e+00
4.765186787981513739e+00
4.974592953292856556e+00
5.148197455537042444e+00
5.173598611508836598e+00
5.089554544702566297e+00
5.004058352781092900e+00
4.957293818569011634e+00
4.939572049971831191e+00
4.945560352342409871e+00
4.985554020371368189e+00
5.065512761958482102e+00
5.169336996599912304e+00
5.265775254100046432e+00
5.337937354354075126e+00
5.405469310929691851e+00
5.509165031124698686e+00
5.656186891577465126e+00
5.754382395246877557e+00
5.662285297767965631e+00
5.412506622981936744e+00
5.192309973282062785e+00
5.102901910256233187e+00
5.118993801884356820e+00
5.147197693697830090e+00
5.087249005369324450e+00
4.908671500930721798e+00
4.658049119142186001e+00
4.391753831994903656e+00
4.140758438820304477e+00
3.917404557246469743e+00
3.726633793910177239e+00
3.570977639980109419e+00
3.452053485296593838e+00
3.371081213127840481e+00
3.329254462076893795e+00
3.328085981135105786e+00
3.369671883508524424e+00
3.456785273421441929e+00
3.592663793103163972e+00
3.780261258809640257e+00
4.020617320253212057e+00
4.309998591376049681e+00
4.635927318905689098e+00
4.973596666355154738e+00
5.286158502670210702e+00
5.532466910932167359e+00
5.681132529581844892e+00
5.723253991997713008e+00
5.675613423539372704e+00
5.572007177014254076e+00
5.447876293646735313e+00
5.327997476786479503e+00
5.223752304832513182e+00
5.138393139053072822e+00
5.073722756865965522e+00
5.031711261306190508e+00
5.008178525961330507e+00
4.982527318702032026e+00
4.916573987290104419e+00
4.775114063339541026e+00
4.555121497254224217e+00
4.289522392484562019e+00
4.022462590191266507e+00
3.786705720677214337e+00
3.598565891799151206e+00
3.462949032719932152e+00
3.379367100819808734e+00
3.345791261625354895e+00
3.360487501767484453e+00
3.422559164750253569e+00
3.531612456202716910e+00
3.686570553377715775e+00
3.883431132022235666e+00
4.111955887586368874e+00
4.352411826224565239e+00
4.575695890684860601e+00
4.751182905186579042e+00
4.861460502335528844e+00
4.913116718496538304e+00
4.932607231239065193e+00
4.951048714542078066e+00
4.991105337929839791e+00
5.062190536368424532e+00
5.161005777266771233e+00
5.272903378981725453e+00
5.372930864916704685e+00
5.429457386391267626e+00
5.414495822791496771e+00
5.318662409392485912e+00
5.158723302569423907e+00
4.968517862622464420e+00
4.781074092388754693e+00
4.616441216124995250e+00
4.479765372916683752e+00
4.365440513096385367e+00
4.262968930988606964e+00
4.162497470445456038e+00
4.058848266310574715e+00
3.952977045175701587e+00
3.850691761441353389e+00
3.759850539727489505e+00
3.687747060945339772e+00
3.639659184621233390e+00
3.618527977870073187e+00
3.625240843980551908e+00
3.659021342161201673e+00
3.717651698742527877e+00
3.797457031058250276e+00
3.893123215317519925e+00
3.997535084504003411e+00
4.101920019716661869e+00
4.196606410907143925e+00
4.272539808875841061e+00
4.323282278993133332e+00
4.346737725980689859e+00
4.345727737397060864e+00
4.327056310306298670e+00
4.299524062437379612e+00
4.271814548098172182e+00
4.250985382773160737e+00
4.241767246821881443e+00
4.246460322544292509e+00
4.265100035940779577e+00
4.295662074550015141e+00
4.334252618071202434e+00
4.375394161485555600e+00
4.412616787506192573e+00
4.439544525333745106e+00
4.451485170599140950e+00
4.447239870490751201e+00
4.430639922972203770e+00
4.411414080276147232e+00
4.405364803861764322e+00
4.434007060984676230e+00
4.522728950171015505e+00
4.692083186793325034e+00
4.928212955632999659e+00
5.130625396544322037e+00
5.138276744771621551e+00
4.928210295910436578e+00
4.658593489812028032e+00
4.459920164743023108e+00
4.357853428300293430e+00
4.320753512558040299e+00
4.299315354328324901e+00
4.248306551158133715e+00
4.143676980784164243e+00
3.990192101798534452e+00
3.813044851971425064e+00
3.641411560706824702e+00
3.496916021387412421e+00
3.390780041742078588e+00
3.325819076280335018e+00
3.299183312929024670e+00
3.304196025787570434e+00
3.331362700021132994e+00
3.369266038267457297e+00
3.406042108491914355e+00
3.431635834350635683e+00
3.440245323764078655e+00
3.431827146860961353e+00
3.411837636843197519e+00
3.389384863728532427e+00
3.374764309903829140e+00
3.377311661736324577e+00
3.403875940188824778e+00
3.457638022130336886e+00
3.536892688946922103e+00
3.633976778180022738e+00
3.735882469229647285e+00
3.829507144574957334e+00
3.912503135260620546e+00
4.000278031272805457e+00
4.104852134530039720e+00
4.172284506798276560e+00
4.066117778502142066e+00
3.744245737298390164e+00
3.367331375653643377e+00
3.095288078614958138e+00
2.968844470961339521e+00
2.959412732541860436e+00
3.019670272167218616e+00
3.104782224703577675e+00
3.184178110217924296e+00
3.249722863157190833e+00
3.315828721898902209e+00
3.406411327810257905e+00
3.523113151987799618e+00
3.604219052367529930e+00
3.550268024455523808e+00
3.346453152251013918e+00
3.079044882894248936e+00
2.827330965533810136e+00
2.621948617485954980e+00
2.465215621735440177e+00
2.350904467635356099e+00
2.272338976424738810e+00
2.224593153633398934e+00
2.204781452563004063e+00
2.211946542241238767e+00
2.247006231383615216e+00
2.312888408653153594e+00
2.414882336417770947e+00
2.561146403164184182e+00
2.763032029017116642e+00
3.033986604245054508e+00
3.383530674553887785e+00
3.799775998910808195e+00
4.221061912232697111e+00
4.538204606139262687e+00
4.683216396355016187e+00
4.700908018116982667e+00
4.672670603381154031e+00
4.631136299846438042e+00
4.570131687580631485e+00
4.485208806593218966e+00
4.389708951812262505e+00
4.305698840022893492e+00
4.250107826126096278e+00
4.228623525200451816e+00
4.236862252322740829e+00
4.264345125067632303e+00
4.298608644718303395e+00
4.328547593392286785e+00
4.346610847585880677e+00
4.349737697618262011e+00
4.339435053567229694e+00
4.321581638695340288e+00
4.305967839520528528e+00
4.304787944312184145e+00
4.328712847191428459e+00
4.378530346507121251e+00
4.431648110393251017e+00
4.433876599699572374e+00
4.325125488226976067e+00
4.098239235504135713e+00
3.812838551936965636e+00
3.539165030815342838e+00
3.315508097201706139e+00
3.150872726074223529e+00
3.041207867815253429e+00
2.979804772233209498e+00
2.961329095160181168e+00
2.982737718073336985e+00
3.042978973187356662e+00
3.142036638136538773e+00
3.279143400428840671e+00
3.449704314295547025e+00
3.640936867681651368e+00
3.828249582672052842e+00
3.977540571854938811e+00
4.057827621565841092e+00
4.058124258853717414e+00
3.992856479411373005e+00
3.890544614148048641e+00
3.778332660695135292e+00
3.674313401068987517e+00
3.587895173220732481e+00
3.523278719829585182e+00
3.482701574249815302e+00
3.468502848334925837e+00
3.484158167192210165e+00
3.534635607913271027e+00
3.626294360302604769e+00
3.766293041429612742e+00
3.961049610451003122e+00
4.212497286802702412e+00
4.509626043195068767e+00
4.813177695555353353e+00
5.043110354751464186e+00
5.105678575795188578e+00
4.970742719142751120e+00
4.700397095393988423e+00
4.384024047841311500e+00
4.082430629814812306e+00
3.823410554873996947e+00
3.615176799545285036e+00
3.457026690001035796e+00
3.345186336571094543e+00
3.275716299409387133e+00
3.245858261968942227e+00
3.254396517855285165e+00
3.300790720636261000e+00
3.381664834356256755e+00
3.482243135414275770e+00
3.564706137326678181e+00
3.574104652882856836e+00
3.484681473744428271e+00
3.333105255852018001e+00
3.176959139198421322e+00
3.047922762810594488e+00
2.951306474455329010e+00
2.881592481556050966e+00
2.831747944064273437e+00
2.796233122053509490e+00
2.771399727048036610e+00
2.755200212623405420e+00
2.746846773023994714e+00
2.746567012510653161e+00
2.755453495652482321e+00
2.775356083058717171e+00
2.808724374302622451e+00
2.858231316112922471e+00
2.925888483919888206e+00
3.011284517927573567e+00
3.108894370340209434e+00
3.205776834174193457e+00
3.283185716114188857e+00
3.324973772334151700e+00
3.328159052285144526e+00
3.305081962896559755e+00
3.275007546808727632e+00
3.254293360634525012e+00
3.251906842311935719e+00
3.269389429016716253e+00
3.302197488294454697e+00
3.341098824225349428e+00
3.373961265077623395e+00
3.388593997336203589e+00
3.376406522902555718e+00
3.335366413242347949e+00
3.270525890205020048e+00
3.191862807634259447e+00
3.110945209956500257e+00
3.038254467361467093e+00
2.981996958851736768e+00
2.948186869124892695e+00
2.941405117702132088e+00
2.965760891033039304e+00
3.025798152863875767e+00
3.127130121897487403e+00
3.276233439678591264e+00
3.477741476946222932e+00
3.725633441284702307e+00
3.985144986380717125e+00
4.177809917423919828e+00
4.213339615526228599e+00
4.072940151226141836e+00
3.828965554709979902e+00
3.567302606720350600e+00
3.333452892578545157e+00
3.138195588654926649e+00
2.977601188286402412e+00
2.844708503326101923e+00
2.733641619540176926e+00
2.640388970180101325e+00
2.562560540302832202e+00
2.498992412579796873e+00
2.449450377566904535e+00
2.414475703167654252e+00
2.395361337587003536e+00
2.394241033493182069e+00
2.414277567619820708e+00
2.459929707233683871e+00
2.537238148920533121e+00
2.653955822371639073e+00
2.819086536258706310e+00
3.040935311842929423e+00
3.322329590147756750e+00
3.652257824082925097e+00
3.996314350229565715e+00
4.292722497722302855e+00
4.463211927601604678e+00
4.452960991380598088e+00
4.288985947065747872e+00
4.075086794225697417e+00
3.911010325554906242e+00
3.840715850881464277e+00
3.851270138411853061e+00
3.881911217091749133e+00
3.848311295605158389e+00
3.700337975166515747e+00
3.461091983721190868e+00
3.193064433267269742e+00
2.945474393336576568e+00
2.739162889906531007e+00
2.576396151329730433e+00
2.452019075855444541e+00
2.359435219349599766e+00
2.292870365715037551e+00
2.247937938117453349e+00
2.221604136115308936e+00
2.212006742861967190e+00
2.218282366754435131e+00
2.240434691084315144e+00
2.279219942424450807e+00
2.335976518905952481e+00
2.412245849780585427e+00
2.508895139287291354e+00
2.624290856519744253e+00
2.751150237219045280e+00
2.872819883206893632e+00
2.962791637910126230e+00
2.993726507057610231e+00
2.955171934026814995e+00
2.863582271613929642e+00
2.751661261513268286e+00
2.649441562889265800e+00
2.575137843283463290e+00
2.536943670016840624e+00
2.538275736447519471e+00
2.581884929620696933e+00
2.671860730859084043e+00
2.813231276743187959e+00
3.007471805287101674e+00
3.240480354065677915e+00
3.463799579001865858e+00
3.592591212419866675e+00
3.559905318817039532e+00
3.386286378595588342e+00
3.156585292958771660e+00
2.942577499460213186e+00
2.774669548442202593e+00
2.656311853871522910e+00
2.581159930187896911e+00
2.541525883257938823e+00
2.530966341996288449e+00
2.544365668527246438e+00
2.577109510976375084e+00
2.623966839756846969e+00
2.678081305461589956e+00
2.730640985459027448e+00
2.771885802901586260e+00
2.793556760714285048e+00
2.791663741388387354e+00
2.767733924580367155e+00
2.727698490119867092e+00
2.679404892298168583e+00
2.630421091101024622e+00
2.587021781768501949e+00
2.554267854197836751e+00
2.536724107839629649e+00
2.539479161077131675e+00
2.569347583973279114e+00
2.636167592564256257e+00
2.753564881269281450e+00
2.936327881178805832e+00
3.185954000834932298e+00
3.454271379296522948e+00
3.620920646172238300e+00
3.592302316416333685e+00
3.428057604555354576e+00
3.254610886579741624e+00
3.141985966966178712e+00
3.100865534950463687e+00
3.112776866915327290e+00
3.145511185590954106e+00
3.163903794137062686e+00
3.145281464928891602e+00
3.090379293550523876e+00
3.018503283230250300e+00
2.954020912789213416e+00
2.917752414318109722e+00
2.925995195938653204e+00
2.991776428982880098e+00
3.120790788913854197e+00
3.292188543098251596e+00
3.425423863085747200e+00
3.398378822664681387e+00
3.180830403318379851e+00
2.881799037336907343e+00
2.610093402711462396e+00
2.402671830221196458e+00
2.255142115679924952e+00
2.153569494560109820e+00
2.085939941969269018e+00
2.044073317589664818e+00
2.023030267131247673e+00
2.020277246901263535e+00
2.035088084425531019e+00
2.068176952480800246e+00
2.121433347926422464e+00
2.197538935684446582e+00
2.299071156027285401e+00
2.426431095829839624e+00
2.573883473407809763e+00
2.724300545622658110e+00
2.847361828893417268e+00
2.909671206294550228e+00
2.895976727868939005e+00
2.820848699075184207e+00
2.716359235515255932e+00
2.611653757552589106e+00
2.523558058266230475e+00
2.458084867667322815e+00
2.414994969480428022e+00
2.391205888314408501e+00
2.382509089297357718e+00
2.384208847550598698e+00
2.391294143961800955e+00
2.398553652874721998e+00
2.400883761859441634e+00
2.393891714337045062e+00
2.374708372326563399e+00
2.342731228282329603e+00
2.299949475663082055e+00
2.250668662060246294e+00
2.200778111090651468e+00
2.156950516129955808e+00
2.126153931169243450e+00
2.115625076173941910e+00
2.133113267396930635e+00
2.186720245541291519e+00
2.282822383021859469e+00
2.419676168935704474e+00
2.576489628963777978e+00
2.708871581261091066e+00
2.770546593165748472e+00
2.749946923864967196e+00
2.674404945509355702e+00
2.580938694659429267e+00
2.494914367549055711e+00
2.428344785633956171e+00
2.385659632778895922e+00
2.368827425103925410e+00
2.380620913283965301e+00
2.427057108732007862e+00
2.520114872145362117e+00
2.680889903577471589e+00
2.938130868684617703e+00
3.295177596157279343e+00
3.617308896833657528e+00
3.631311667873586391e+00
3.355144941545885384e+00
3.059806837422367032e+00
2.861550527121128784e+00
2.750572461122623658e+00
2.693940129810107553e+00
2.663001818292982215e+00
2.635393411996473034e+00
2.596364303911804061e+00
2.541803385153572403e+00
2.477760415499981494e+00
2.414461137378073552e+00
2.359901166068365086e+00
2.317547755698134981e+00
2.287379697443864046e+00
2.267683871991402533e+00
2.256302558652047097e+00
2.251223684668938407e+00
2.250767942942914157e+00
2.253591073191489436e+00
2.258619921824924326e+00
2.264972911029703440e+00
2.271881239876893055e+00
2.278612719609136583e+00
2.284396579551979389e+00
2.288352854480996790e+00
2.289448603660820591e+00
2.286543415006982549e+00
2.278642331400758003e+00
2.265470374985839808e+00
2.248231075371156962e+00
2.229868310445673796e+00
2.214054126593732796e+00
2.203361192167134774e+00
2.198262615644332119e+00
2.197641212278427680e+00
2.199896303180953083e+00
2.203703888082413354e+00
2.208272124615500598e+00
2.213324577514300451e+00
2.219017072482440955e+00
2.225879793749725000e+00
2.234806509750887571e+00
2.247085562574567597e+00
2.264459148449576187e+00
2.289196720421259990e+00
2.324172635291826605e+00
2.372931643081141129e+00
2.439599283278296227e+00
2.527816301645623653e+00
2.635580964940524407e+00
2.739602089010589658e+00
2.778063508923385161e+00
2.699082649357432473e+00
2.551414212768563061e+00
2.417815452297863654e+00
2.325470475165819284e+00
2.266720131396124494e+00
2.229449840969685681e+00
2.205279924987251228e+00
2.189388270627544930e+00
2.179220342427117263e+00
2.173574783860554582e+00
2.172102385375937139e+00
2.175077131984982426e+00
2.183339408732243747e+00
2.198353028642174412e+00
2.222307423429393580e+00
2.258041670483485142e+00
2.307963706910791668e+00
2.369448857811844444e+00
2.422683672970181945e+00
2.421087709625640016e+00
2.333413233871912684e+00
2.204062250653299859e+00
2.094267461266286379e+00
2.020909409546154389e+00
1.976040545642626212e+00
1.949489013849016406e+00
1.934449298212629120e+00
1.927085481462267991e+00
1.925473970032180793e+00
1.928921855114955619e+00
1.937675119111522015e+00
1.952949139713404669e+00
1.977319652206394496e+00
2.015694122572381453e+00
2.077360352724578085e+00
2.179542745560230976e+00
2.347281033362176306e+00
2.562150676786154602e+00
2.592710388611692451e+00
2.324094792213987404e+00
2.082422344135150816e+00
1.955814373254425309e+00
1.895248993684428118e+00
1.866469449305005579e+00
1.853680062687380614e+00
1.849810382467764303e+00
1.851656792877844016e+00
1.857872733662266018e+00
1.868180254615929625e+00
1.883153373035736378e+00
1.904395650727502831e+00
1.935238253090695526e+00
1.982541855124928309e+00
2.061352705573128663e+00
2.207007195031924773e+00
2.493376728402743048e+00
2.856734710672931943e+00
2.590503616353305283e+00
2.157602714098026286e+00
1.973402541733072724e+00
1.903485921889392252e+00
1.876188272349716968e+00
1.866521365876902872e+00
1.865138328761333675e+00
1.868160458327414508e+00
1.873862928088683377e+00
1.881490344906340706e+00
1.890808109155578398e+00
1.901953265546486138e+00
1.915450847661300138e+00
1.932377998104743533e+00
1.954673085371422259e+00
1.985037761653960953e+00
2.020535899112225753e+00
2.013069652619147831e+00
1.916898465990983569e+00
1.865014582453388581e+00
1.860082364153255563e+00
1.867126793669812157e+00
1.875852586328403016e+00
1.883923549591900670e+00
1.890830467983019458e+00
1.896439196745524081e+00
1.900614678849279038e+00
1.903068940397520947e+00
1.903195874884813454e+00
1.899732067578122185e+00
1.889964252531562305e+00
1.868583687342418864e+00
1.842888533675266505e+00
1.927354457866030879e+00
1.997267365112325166e+00
2.004152373321982150e+00
2.002254402938680844e+00
2.000265681022397768e+00
1.998988670929873424e+00
1.998266237393234501e+00
1.997884045202114933e+00
1.997680328418854234e+00
1.997543528120812928e+00
1.997398027043546076e+00
