2.573883473406983757e+00
2.847361828898829383e+00
2.895976727869580269e+00
2.716359235512674886e+00
2.523558058266929471e+00
2.414994969479909326e+00
2.382509089297909277e+00
2.391294143961219199e+00
2.400883761859519794e+00
2.374708372328071082e+00
2.299949475664157639e+00
2.200778111090682998e+00
2.126153931169261657e+00
2.133113267398067947e+00
2.282822383022001134e+00
2.576489628963428924e+00
2.770546593167376059e+00
2.674404945510837628e+00
2.494914367548955347e+00
2.385659632779552286e+00
2.380620913283377771e+00
2.520114872145430507e+00
2.938130868684210917e+00
3.617308896836812782e+00
3.355144941544538906e+00
2.861550527121540011e+00
2.693940129810593831e+00
2.635393411997502877e+00
2.541803385153031503e+00
2.414461137380792266e+00
2.317547755694954414e+00
2.267683871991605482e+00
2.251223684667249092e+00
2.253591073191742566e+00
2.264972911030869618e+00
2.278612719609204085e+00
2.288352854481485288e+00
2.286543415004158142e+00
2.265470374986264801e+00
2.229868310446185387e+00
2.203361192166356730e+00
2.197641212278210077e+00
2.203703888081999018e+00
2.213324577488940736e+00
2.225879793751754043e+00
2.247085562575150686e+00
2.289196720409706565e+00
2.372931643078629804e+00
2.527816301644552510e+00
2.739602089011615504e+00
2.699082649357285923e+00
2.417815452300143164e+00
2.266720131397597982e+00
2.205279924986816020e+00
2.179220342427422352e+00
2.172102385375445088e+00
2.183339408732726916e+00
2.222307423429990880e+00
2.307963706912397939e+00
2.422683672968004576e+00
2.333413233872647208e+00
2.094267461267414809e+00
1.976040545641347679e+00
1.934449298211868173e+00
1.925473970032171689e+00
1.937675119109406596e+00
1.977319652206076084e+00
2.077360352724294756e+00
2.347281033365025138e+00
2.592710388624426709e+00
2.082422344136094949e+00
1.895248993684726546e+00
1.853680062688058294e+00
1.851656792878468183e+00
1.868180254615827485e+00
1.904395650726620204e+00
1.982541855109327456e+00
2.207007195030828317e+00
2.856734710669872168e+00
2.157602714096602980e+00
1.903485921888878663e+00
1.866521365876574690e+00
1.868160458326732831e+00
1.881490344905364820e+00
1.901953265545418548e+00
1.932377998103970151e+00
1.985037761654086186e+00
2.013069652616979344e+00
1.865014582453947911e+00
1.867126793669020790e+00
1.883923549590761359e+00
1.896439196744813982e+00
1.903068940397391717e+00
1.899732067579304573e+00
1.868583687343347677e+00
1.927354457875349647e+00
2.004152373318108360e+00
2.000265681023842834e+00
1.998266237393076405e+00
1.997680328386318260e+00
1.997398027043770785e+00
1.996892956615057058e+00
1.995926822942672985e+00
1.994401188982025452e+00
1.992291413293321378e+00
1.989615075472705108e+00
1.986415432532737446e+00
1.982751901850213549e+00
1.978694076242836664e+00
1.974317648904900802e+00
1.969701453701241833e+00
1.964925211705068175e+00
1.960067763393420037e+00
1.955205660657199696e+00
1.950412042331898022e+00
1.945755742564473811e+00
1.941300595452050581e+00
1.937104907250326580e+00
1.933221071675391922e+00
1.929695307225402168e+00
1.926567497386334038e+00
1.923871117040805379e+00
1.921633229981171143e+00
1.919874544773857217e+00
1.918609517956743504e+00
1.917846495726027278e+00
1.917587887105246969e+00
1.917830363401634486e+00
1.918565080502205644e+00
1.919777922032171347e+00
1.921449762658903548e+00
1.923556751986227331e+00
1.926070620103552677e+00
1.928959006719001001e+00
1.932185815684122288e+00
1.935711597012445662e+00
1.939493958070927615e+00
1.943488005107364192e+00
1.947646815317796154e+00
1.951921939047113641e+00
1.956263929778119026e+00
1.960622899013701792e+00
1.964949091059534858e+00
1.969193471596007106e+00
1.973308322520723745e+00
1.977247833987088255e+00
1.980968684063947771e+00
1.984430595138411357e+00
1.987596856133422962e+00
1.990434799549872791e+00
1.992916222768515766e+00
1.995017743976641444e+00
1.996721084306234850e+00
1.998013269670387171e+00
1.998886747442924383e+00
1.999339415690043920e+00
1.999374564729558212e+00
1.999000733319797440e+00
1.998231483813194709e+00
1.997085102913892962e+00
1.995584236053851823e+00
1.993755465486273470e+00
1.991628842032635571e+00
1.989237382351237926e+00
1.986616542688969256e+00
1.983803680404102598e+00
1.980837513733629374e+00
1.977757589481130118e+00
1.974603767165895363e+00
1.971415726936721846e+00
1.968232507233730999e+00
1.965092076742819938e+00
1.962030944002790100e+00
1.959083806614999590e+00
1.956283241135783557e+00
1.953659433502152432e+00
1.951239949317492783e+00
1.949049542566358095e+00
1.947110000812746877e+00
1.945440024886152530e+00
1.944055140704417539e+00
1.942967640911843930e+00
1.942186554221896122e+00
1.941717640381653842e+00
1.941563408986798356e+00
1.941723160702060413e+00
1.942193049536546479e+00
1.942966165581997195e+00
1.944032636972189199e+00
1.945379751559852766e+00
1.946992097294340196e+00
1.948851721673067194e+00
1.950938310207668946e+00
1.953229383863556601e+00
1.955700515319415578e+00
1.958325563882530318e+00
1.961076928421434218e+00
1.963925817467660373e+00
1.966842535243578327e+00
1.969796781809501018e+00
1.972757965222274867e+00
1.975695522834841400e+00
1.978579248603093088e+00
1.981379622632106541e+00
1.984068138814322424e+00
1.986617626047076035e+00
1.989002558238702534e+00
1.991199348320278784e+00
1.993186621221348709e+00
1.994945461100462003e+00
1.996459628515685703e+00
1.997715743192762350e+00
1.998703429390875419e+00
1.999415420753676953e+00
1.999847622975344130e+00
1.999999133074872093e+00
1.999872215344181248e+00
1.999472234462249531e+00
1.998807547809894558e+00
1.997889359245760055e+00
1.996731537679971913e+00
1.995350404398831268e+00
1.993764493469806665e+00
1.991994290001536827e+00
1.990061951151681496e+00
1.987991015008656825e+00
1.985806102213120150e+00
1.983532615043669178e+00
1.981196438462874188e+00
1.978823647069384073e+00
1.976440221664231833e+00
1.974071778386184750e+00
1.971743313055328350e+00
1.969478962710760506e+00
1.967301786031830702e+00
1.965233563486090906e+00
1.963294618097908506e+00
1.961503657000353451e+00
1.959877633746201164e+00
1.958431631174614829e+00
1.957178764297369700e+00
1.956130102672727800e+00
1.955294611516072978e+00
1.954679110896671679e+00
1.954288252310499407e+00
1.954124511803194464e+00
1.954188199302667073e+00
1.954477483365920865e+00
1.954988430980718173e+00
1.955715062051557096e+00
1.956649418195406165e+00
1.957781645582289620e+00
1.959100091702053792e+00
1.960591415627243261e+00
1.962240711704391405e+00
1.964031646273785681e+00
1.965946606970969457e+00
1.967966864214197420e+00
1.970072743990123776e+00
1.972243811255069978e+00
1.974459062666468645e+00
1.976697127481533478e+00
1.978936474889786856e+00
1.981155626087066635e+00
1.983333368933111629e+00
1.985448972973725024e+00
1.987482402315325913e+00
1.989414523765829168e+00
1.991227307498397492e+00
1.992904017444150133e+00
1.994429388742698261e+00
1.995789789497536715e+00
1.996973364381446903e+00
1.997970157864685126e+00
1.998772214984904982e+00
1.999373658112976404e+00
1.999770738434411443e+00
1.999961861498392057e+00
1.999947586291837442e+00
1.999730598205282872e+00
1.999315656424176302e+00
1.998709516883397042e+00
1.997920832199439056e+00
1.996960030609400860e+00
1.995839175958933343e+00
1.994571811338532896e+00
1.993172788953718522e+00
1.991658088937620308e+00
1.990044630067829834e+00
1.988350075095045577e+00
1.986592633386718099e+00
1.984790863563140162e+00
1.982963478526063472e+00
1.981129154996537745e+00
1.979306349682810051e+00
1.977513123692184349e+00
1.975766976651340157e+00
1.974084691836424765e+00
1.972482193092198077e+00
1.970974414438778188e+00
1.969575182758426468e+00
1.968297113927141684e+00
1.967151522528592933e+00
1.966148345164367539e+00
1.965296077328126723e+00
1.964601723570166492e+00
1.964070760785799896e+00
1.963707114351672667e+00
1.963513146795875963e+00
1.963489658651661030e+00
1.963635901291860941e+00
1.963949601284975310e+00
1.964426996155852700e+00
1.965062881077552559e+00
1.965850666316542483e+00
1.966782445084237274e+00
1.967849071459608412e+00
1.969040248015250016e+00
1.970344622787788769e+00
1.971749894980694195e+00
1.973242929083162567e+00
1.974809876431230959e+00
1.976436303799711913e+00
1.978107327863183329e+00
1.979807754751336191e+00
1.981522223447333308e+00
1.983235351853833262e+00
1.984931884181889483e+00
1.986596838132099530e+00
1.988215650424127512e+00
1.989774318948156928e+00
1.991259540004286066e+00
1.992658838816171230e+00
1.993960691786855755e+00
1.995154638876183606e+00
1.996231384500945838e+00
1.997182885761439985e+00
1.998002426566450662e+00
1.998684676830924767e+00
1.999225735735934206e+00
1.999623158694685321e+00
1.999875967466272497e+00
1.999984643627360503e+00
1.999951105385536110e+00
1.999778668364347922e+00
1.999471990984658998e+00
1.999037005469669337e+00
1.998480835577113313e+00
1.997811702433015091e+00
1.997038819936399978e+00
1.996172281295067741e+00
1.995222938402216428e+00
1.994202275774378696e+00
1.993122280650646561e+00
1.991995311082243481e+00
1.990833963499041515e+00
1.989650941444301102e+00
1.988458926683703387e+00
1.987270454329916225e+00
1.986097792830227693e+00
1.984952830162295623e+00
1.983846966920721044e+00
1.982791017205225437e+00
1.981795117939332274e+00
1.980868646979113690e+00
1.980020150626907505e+00
1.979257280600949853e+00
1.978586740783791598e+00
1.978014243791156757e+00
1.977544477342436657e+00
1.977181080401425373e+00
1.976926629028926907e+00
1.976782631637919563e+00
1.976749533653570090e+00
1.976826731104409873e+00
1.977012593086785897e+00
1.977304492679145875e+00
1.977698845916165515e+00
1.978191158660453475e+00
1.978776080662847381e+00
1.979447466694093327e+00
1.980198443948728348e+00
1.981021485500011670e+00
1.981908488930031798e+00
1.982850859721667414e+00
1.983839598689270955e+00
1.984865392590901445e+00
1.985918707324515697e+00
1.986989882716173605e+00
1.988069228128845456e+00
1.989147117882428706e+00
1.990214085654285592e+00
1.991260916742424669e+00
1.992278737376851794e+00
1.993259099999117323e+00
1.994194063602028777e+00
1.995076268237318651e+00
1.995899002865319183e+00
1.996656265638433458e+00
1.997342816106922880e+00
1.997954218606825982e+00
1.998486876377605137e+00
1.998938056133666707e+00
1.999305902717915862e+00
1.999589443871133687e+00
1.999788585031016197e+00
1.999904094545422728e+00
1.999937579338717741e+00
1.999891451771331541e+00
1.999768887974615383e+00
1.999573778553366266e+00
1.999310672302430314e+00
1.998984713758829690e+00
1.998601575570422950e+00
1.998167386559343228e+00
1.997688656437085486e+00
1.997172198248621688e+00
1.996625049337377167e+00
1.996054391977692299e+00
1.995467474510978834e+00
1.994871533774754235e+00
1.994273719815029322e+00
1.993681023463734769e+00
1.993100207640847277e+00
1.992537742821828939e+00
1.991999747408273125e+00
1.991491932945090193e+00
1.991019555949453235e+00
1.990587374394033437e+00
1.990199611348236752e+00
1.989859924621779630e+00
1.989571382874454564e+00
1.989336448284170666e+00
1.989156965746628369e+00
1.989034158375317274e+00
1.988968629426700385e+00
1.988960370293056723e+00
1.989008774425488735e+00
1.989112656940400514e+00
1.989270279523651874e+00
1.989479380471386172e+00
1.989737209283069852e+00
1.990040565602358535e+00
1.990385841919476873e+00
1.990769069650209167e+00
1.991185968072021861e+00
1.991631995862606752e+00
1.992102403740695138e+00
1.992592289351402535e+00
1.993096652127291701e+00
1.993610448588906570e+00
1.994128647062979987e+00
1.994646281472129745e+00
1.995158503509071979e+00
1.995660632579592475e+00
1.996148203261753018e+00
1.996617009381856267e+00
1.997063144624997788e+00
1.997483039018594919e+00
1.997873491009118707e+00
1.998231694829906147e+00
1.998555262815850275e+00
1.998842242588052986e+00
1.999091128955038599e+00
1.999300870337002989e+00
1.999470869960150887e+00
1.999600981696194824e+00
1.999691500829214652e+00
1.999743149820648158e+00
1.999757059570366202e+00
1.999734746256840445e+00
1.999678084264181255e+00
1.999589275596617366e+00
1.999470816277813423e+00
1.999325460060864312e+00
1.999156180161337559e+00
1.998966129400267411e+00
1.998758599266744929e+00
1.998536978501693318e+00
1.998304711660803923e+00
1.998065258107749598e+00
1.997822051985632452e+00
1.997578463618633338e+00
1.997337762574788789e+00
1.997103083074984298e+00
1.996877391799223744e+00
1.996663458526485968e+00
1.996463829836932602e+00
1.996280806143853059e+00
1.996116422060560280e+00
1.995972430472461090e+00
1.995850290127444859e+00
1.995751157024756806e+00
1.995675879438906009e+00
1.995624996580417143e+00
1.995598740887912337e+00
1.995597043699524287e+00
1.995619544299769732e+00
1.995665602055757937e+00
1.995734311451278442e+00
1.995824519865521562e+00
1.995934847747460106e+00
1.996063710895576326e+00
1.996209344622103421e+00
1.996369829447107724e+00
1.996543117994457051e+00
1.996727062722724710e+00
1.996919444279681377e+00
1.997117999907001007e+00
1.997320451863356494e+00
1.997524535236585130e+00
1.997728025036965782e+00
1.997928762151149229e+00
1.998124677931370163e+00
1.998313817061443176e+00
1.998494358580733987e+00
1.998664634722956857e+00
1.998823147466257444e+00
1.998968582581075459e+00
1.999099821094789675e+00
1.999215948044875901e+00
1.999316258489512554e+00
1.999400260787978389e+00
1.999467677068657467e+00
1.999518441081589604e+00
1.999552693381000390e+00
1.999570774058221811e+00
1.999573213181593978e+00
1.999560718937802184e+00
1.999534164033109462e+00
1.999494570137066995e+00
1.999443091039304177e+00
1.999380994405678180e+00
1.999309642628237738e+00
1.999230473009595110e+00
1.999144977408174428e+00
1.999054681831144986e+00
1.998961126057851034e+00
1.998865843621788096e+00
1.998770342443896952e+00
1.998676086267318297e+00
1.998584477117876901e+00
1.998496839037900541e+00
1.998414403284837881e+00
1.998338294949096650e+00
1.998269521446703889e+00
1.998208962656478960e+00
1.998157363093112648e+00
1.998115325813980991e+00
1.998083308487622389e+00
1.998061621261146392e+00
1.998050426687760561e+00
1.998049741451500605e+00
1.998059439999734233e+00
1.998079259851100575e+00
1.998108808570477457e+00
1.998147572306856246e+00
1.998194925573929082e+00
1.998250142316152278e+00
1.998312408052708156e+00
1.998380832819006026e+00
1.998454464786338702e+00
1.998532304486185129e+00
1.998613319178637271e+00
1.998696457479925082e+00
1.998780663743990438e+00
1.998864892360163070e+00
1.998948121422108537e+00
1.999029365939129610e+00
1.999107690100818013e+00
1.999182218794482102e+00
1.999252147885743458e+00
1.999316753472323294e+00
1.999375399780677576e+00
1.999427545755942282e+00
1.999472750168648894e+00
1.999510675355407940e+00
1.999541089463585664e+00
1.999563867147867935e+00
1.999578988943142788e+00
1.999586539129275087e+00
1.999586702271260341e+00
1.999579758425009901e+00
1.999566077401013775e+00
1.999546111490274169e+00
1.999520387674639688e+00
1.999489498768578066e+00
1.999454093890930650e+00
1.999414868414192581e+00
1.999372553497309246e+00
1.999327905345857692e+00
1.999281694371921825e+00
1.999234694419890435e+00
1.999187672133865279e+00
1.999141376699397288e+00
1.999096530007843153e+00
1.999053817421795110e+00
1.999013879201262167e+00
1.998977302769762598e+00
1.998944615831736105e+00
1.998916280431635828e+00
1.998892688063093726e+00
1.998874155789205798e+00
1.998860923507927767e+00
1.998853152273826206e+00
1.998850923730197460e+00
1.998854240671704696e+00
1.998863028599297209e+00
1.998877138324979263e+00
1.998896349599245115e+00
1.998920375519898540e+00
1.998948867812818220e+00
1.998981422874096081e+00
1.999017588440816340e+00
1.999056870709787548e+00
1.999098742019750796e+00
1.999142648740991568e+00
1.999188019421949791e+00
1.999234273003105411e+00
1.999280827025630591e+00
1.999327105675850813e+00
1.999372547605208217e+00
1.999416613387896779e+00
1.999458792603868718e+00
1.999498610208341853e+00
1.999535632548959052e+00
1.999569472501856238e+00
1.999599793921198909e+00
1.999626315356304751e+00
1.999648812846246404e+00
1.999667121961801630e+00
1.999681138920704537e+00
1.999690820863445184e+00
1.999696185259081993e+00
1.999697308535247187e+00
1.999694323855192524e+00
1.999687418213006884e+00
1.999676828726912214e+00
1.999662838466210069e+00
1.999645771583603571e+00
1.999625988015792943e+00
1.999603877790733453e+00
1.999579855071753398e+00
1.999554351847779188e+00
1.999527811647910713e+00
1.999500683119742828e+00
1.999473413690223689e+00
1.999446443362835835e+00
1.999420198729560560e+00
1.999395087318620812e+00
1.999371492240900272e+00
1.999349767374235531e+00
1.999330232956656461e+00
1.999313171824609991e+00
1.999298826134622287e+00
1.999287394813758389e+00
1.999279031637382076e+00
1.999273843905379211e+00
1.999271891902039133e+00
1.999273188941550927e+00
1.999277702088575914e+00
1.999285353567219259e+00
1.999296022662353955e+00
1.999309548306475781e+00
1.999325732077158913e+00
1.999344341796555513e+00
1.999365115363260559e+00
1.999387765100889780e+00
1.999411982284186928e+00
1.999437441917138791e+00
1.999463807643738544e+00
1.999490736738861019e+00
1.999517885081376845e+00
1.999544912061517632e+00
1.999571485377988900e+00
1.999597285560925419e+00
1.999622010301609354e+00
1.999645378435429111e+00
1.999667133509109407e+00
1.999687047008715135e+00
1.999704921032990468e+00
1.999720590572028556e+00
1.999733925279588931e+00
1.999744830531342998e+00
1.999753248258425264e+00
1.999759156935445592e+00
1.999762571278551615e+00
1.999763541274729439e+00
1.999762150811778438e+00
1.999758515758664812e+00
1.999752781759292386e+00
1.999745121446248719e+00
1.999735731484309165e+00
1.999724829234625245e+00
1.999712649173553514e+00
1.999699439218558750e+00
1.999685456760041502e+00
1.999670964815984497e+00
1.999656228039547567e+00
1.999641508850638738e+00
1.999627063595179610e+00
1.999613138962681669e+00
1.999599968483526169e+00
1.999587769435394291e+00
1.999576739881564480e+00
1.999567056134264442e+00
1.999558870595583793e+00
1.999552309912072001e+00
1.999547473542125475e+00
1.999544433063711324e+00
1.999543231071254423e+00
1.999543881616662189e+00
1.999546370251107152e+00
1.999550654778573966e+00
1.999556666413656592e+00
1.999564311251054605e+00
1.999573472117423867e+00
1.999584010730180772e+00
1.999595770108821835e+00
1.999608577298227940e+00
1.999622246137647830e+00
1.999636580369198890e+00
1.999651376719785656e+00
1.999666428065609125e+00
1.999681526592541614e+00
1.999696467002687994e+00
1.999711049500027871e+00
1.999725082752418670e+00
1.999738386657842648e+00
1.999750794847952262e+00
1.999762157051646394e+00
1.999772341058060787e+00
1.999781234404884644e+00
1.999788746251789595e+00
1.999794807429252197e+00
1.999799372224027261e+00
1.999802418150230521e+00
1.999803946096974316e+00
1.999803980029575490e+00
1.999802566187758979e+00
1.999799772180178126e+00
1.999795685580809668e+00
1.999790412363747771e+00
1.999784075025440755e+00
1.999776810486299627e+00
1.999768767865250263e+00
1.999760105960415313e+00
1.999750990773362158e+00
1.999741592880800889e+00
1.999732084699788581e+00
1.999722637934251201e+00
1.999713420922696772e+00
1.999704596097889198e+00
1.999696317580968330e+00
1.999688728963332274e+00
1.999681961218380932e+00
1.999676130828501597e+00
1.999671338237449136e+00
1.999667666412114908e+00
1.999665179855944386e+00
1.999663923782609265e+00
1.999663923651349373e+00
1.999665184991676226e+00
1.999667693528202284e+00
1.999671415642992889e+00
1.999676298991343248e+00
1.999682273624764361e+00
1.999689253138705380e+00
1.999697136186229240e+00
1.999705808198816603e+00
1.999715143214325641e+00
1.999725005924594567e+00
1.999735253876196550e+00
1.999745739625621743e+00
1.999756313103766336e+00
1.999766823876323318e+00
1.999777123511894850e+00
1.999787067712560207e+00
1.999796518632727338e+00
1.999805346762133063e+00
1.999813432946750735e+00
1.999820670113728882e+00
1.999826964669338514e+00
1.999832238009684904e+00
1.999836427442209352e+00
1.999839487105621094e+00
1.999841388483042381e+00
1.999842120745530805e+00
1.999841690753007883e+00
1.999840122840578660e+00
1.999837458294249082e+00
1.999833754632286853e+00
1.999829084610349694e+00
1.999823535011581610e+00
1.999817205224609484e+00
1.999810205675667696e+00
1.999802656091236530e+00
1.999794683574876553e+00
1.999786420722455604e+00
1.999778003525679804e+00
1.999769569360924093e+00
1.999761254865953575e+00
1.999753193903431425e+00
1.999745515608224000e+00
1.999738342434948191e+00
1.999731788420088030e+00
1.999725957479834282e+00
1.999720941960373644e+00
1.999716821332176764e+00
1.999713661061603309e+00
1.999711511786993468e+00
1.999710408584754573e+00
1.999710370611304855e+00
1.999711400935018535e+00
1.999713486542645580e+00
1.999716598705744364e+00
1.999720693477975431e+00
1.999725712480802109e+00
1.999731583849405192e+00
1.999738223432441231e+00
1.999745536102861765e+00
1.999753417287192025e+00
1.999761754558967430e+00
1.999770429379645886e+00
1.999779318926974359e+00
1.999788297946321070e+00
1.999797240638643281e+00
1.999806022527272908e+00
1.999814522353139168e+00
1.999822623826961188e+00
1.999830217327343229e+00
1.999837201494614414e+00
1.999843484730534859e+00
1.999848986452455568e+00
1.999853638230528308e+00
1.999857384727699250e+00
1.999860184464479662e+00
1.999862010297076109e+00
1.999862849744482585e+00
1.999862705106097538e+00
1.999861593259240067e+00
1.999859545355257229e+00
1.999856606250678626e+00
1.999852833733730906e+00
1.999848297561737098e+00
1.999843078338627622e+00
1.999837266263319036e+00
1.999830959654490314e+00
1.999824263511646327e+00
1.999817287796471943e+00
1.999810145834041597e+00
1.999802952559093683e+00
1.999795822802559409e+00
1.999788869514763645e+00
1.999782202210160120e+00
1.999775925206924265e+00
1.999770136228218531e+00
1.999764924911314745e+00
1.999760371514730073e+00
1.999756545849718181e+00
1.999753506242969658e+00
1.999751298792888266e+00
1.999749956687200791e+00
1.999749499905609795e+00
1.999749934911143612e+00
1.999751254734809303e+00
1.999753439102575081e+00
1.999756454904499714e+00
1.999760256677904913e+00
1.999764787504957564e+00
1.999769979884858717e+00
1.999775756823186867e+00
1.999782033048166152e+00
1.999788716436263103e+00
1.999795709325042248e+00
1.999802910119607313e+00
1.999810214849132350e+00
1.999817518702198704e+00
1.999824717692660458e+00
1.999831710149635455e+00
1.999838398328598776e+00
1.999844689793428776e+00
1.999850498824196521e+00
1.999855747692531827e+00
1.999860367729859423e+00
1.999864300353185964e+00
1.999867497919196158e+00
1.999869924311841185e+00
1.999871555467072959e+00
1.999872379654095145e+00
1.999872397581082595e+00
1.999871622300927188e+00
1.999870078901002435e+00
1.999867804139335847e+00
1.999864845725431328e+00
1.999861261534087387e+00
1.999857118722758065e+00
1.999852492567424589e+00
1.999847465323585149e+00
1.999842124898591811e+00
1.999836563459081340e+00
1.999830876018560133e+00
1.999825158964188887e+00
1.999819508544455227e+00
1.999814019371232154e+00
1.999808783069356277e+00
1.999803886751767124e+00
1.999799411799883631e+00
1.999795432597990752e+00
1.999792015405656098e+00
1.999789217400914643e+00
1.999787085832836375e+00
1.999785657337772804e+00
1.999784957401682606e+00
1.999785000055876116e+00
1.999785787648999946e+00
1.999787310892034098e+00
1.999789549049745707e+00
1.999792470298979774e+00
1.999796032237040722e+00
1.999800182591993991e+00
1.999804860111527027e+00
1.999809995427813458e+00
1.999815512276890805e+00
1.999821328600353221e+00
1.999827357897584035e+00
1.999833510569666073e+00
1.999839695256932837e+00
1.999845820353779446e+00
1.999851795330340742e+00
1.999857532182289344e+00
1.999862946784670470e+00
1.999867960183435267e+00
1.999872499789669744e+00
1.999876500503788401e+00
1.999879905722267814e+00
1.999882668114119966e+00
1.999884750593544869e+00
1.999886126423600530e+00
1.999886780053073743e+00
1.999886707119211904e+00
1.999885914550701527e+00
1.999884420421841780e+00
1.999882253684991396e+00
1.999879453709804578e+00
1.999876069544065160e+00
1.999872159614610734e+00
1.999867789962444853e+00
1.999863033972735904e+00
1.999857970931239626e+00
1.999852684847065021e+00
1.999847263073082360e+00
1.999841795070948836e+00
1.999836370919086281e+00
1.999831080019161211e+00
1.999826009605269350e+00
1.999821243498676182e+00
1.999816860734468627e+00
1.999812934403706111e+00
1.999809530473526387e+00
1.999806706813971102e+00
1.999804512211772467e+00
1.999802985742437755e+00
1.999802156066811332e+00
1.999802041001443875e+00
1.999802647283461798e+00
1.999803970357985516e+00
1.999805994572705581e+00
1.999808693305672902e+00
1.999812029382997514e+00
1.999815955692692437e+00
1.999820415820601438e+00
1.999825344962922857e+00
1.999830670920818676e+00
1.999836315130721021e+00
1.999842193961170578e+00
1.999848219893227697e+00
1.999854302938561812e+00
1.999860351974305006e+00
1.999866276140366494e+00
1.999871986287671488e+00
1.999877396243807226e+00
1.999882424290135630e+00
1.999886994248527339e+00
1.999891036804142930e+00
1.999894490513609790e+00
1.999897302777213559e+00
1.999899430656669974e+00
1.999900841583760469e+00
1.999901513799652308e+00
1.999901436795993082e+00
1.999900611463591327e+00
1.999899050096191289e+00
1.999896776224333594e+00
1.999893824325817082e+00
1.999890239237053668e+00
1.999886075564824006e+00
1.999881396848867787e+00
1.999876274575974389e+00
1.999870787149579776e+00
1.999865018724572341e+00
1.999859057827292563e+00
1.999852996125131677e+00
1.999846927020948240e+00
1.999840944121002773e+00
1.999835139936631645e+00
1.999829604401657246e+00
1.999824423466158851e+00
1.999819677829813847e+00
1.999815441694437368e+00
1.999811781535171695e+00
1.999808755116200709e+00
1.999806410586239647e+00
1.999804785708430455e+00
1.999803907232848399e+00
1.999803790463955622e+00
1.999804439028116443e+00
1.999805844699886315e+00
1.999807987546323274e+00
1.999810836187248198e+00
1.999814348261311991e+00
1.999818470944343618e+00
1.999823141804649040e+00
1.999828289727993980e+00
1.999833835907613322e+00
1.999839695069314915e+00
1.999845776738016001e+00
1.999851986613212063e+00
1.999858227963819957e+00
1.999864403109433919e+00
1.999870414982566125e+00
1.999876168477925376e+00
1.999881572009607700e+00
1.999886538924145141e+00
1.999890988836362515e+00
1.999894848811098358e+00
1.999898054653874047e+00
1.999900551821849115e+00
1.999902296334922669e+00
1.999903255489107856e+00
1.999903408434842378e+00
1.999902746520149988e+00
1.999901273504295585e+00
1.999899005551431852e+00
1.999895971033281317e+00
1.999892210167571571e+00
1.999887774498676496e+00
1.999882726082067963e+00
1.999877136705195513e+00
1.999871086715180546e+00
1.999864663931844477e+00
1.999857962329935956e+00
1.999851080615670629e+00
1.999844120734003416e+00
1.999837186365317709e+00
1.999830381355659714e+00
1.999823808053810215e+00
1.999817565860897650e+00
1.999811749602639521e+00
1.999806448036463680e+00
1.999801742559673468e+00
1.999797705813858295e+00
1.999794400605942046e+00
1.999791878768740983e+00
1.999790180401908257e+00
1.999789333119851742e+00
1.999789351573261209e+00
1.999790237044770658e+00
1.999791977469721038e+00
1.999794547333593631e+00
1.999797908156959014e+00
1.999802008788783114e+00
1.999806786176475226e+00
1.999812166167229455e+00
1.999818064640109583e+00
1.999824388536015851e+00
1.999831037294078184e+00
1.999837904264049948e+00
1.999844878248686397e+00
1.999851845146604967e+00
1.999858689611813345e+00
1.999865296801256909e+00
1.999871554070660640e+00
1.999877352694035215e+00
1.999882589463546800e+00
1.999887168362620260e+00
1.999891001989470007e+00
1.999894012953080225e+00
1.999896135059012092e+00
1.999897314498598089e+00
1.999897510630950892e+00
1.999896696742038626e+00
1.999894860588032675e+00
1.999892004647374266e+00
1.999888146258597121e+00
1.999883317404565819e+00
1.999877564497142712e+00
1.999870947690740586e+00
1.999863540164888098e+00
1.999855427158096166e+00
1.999846704844526091e+00
1.999837478972203986e+00
1.999827863401682393e+00
1.999817978588590339e+00
1.999807949750641356e+00
1.999797905218504201e+00
1.999787974547134306e+00
1.999778286602411415e+00
1.999768967814109510e+00
1.999760140244588813e+00
1.999751919818117507e+00
1.999744414635402201e+00
1.999737723390306643e+00
1.999731933850416032e+00
1.999727121611539760e+00
1.999723348899741238e+00
1.999720663586172842e+00
1.999719098567054543e+00
1.999718671080581434e+00
1.999719382522082700e+00
1.999721218273346368e+00
1.999724147971275512e+00
1.999728125772483045e+00
1.999733091128995222e+00
1.999738969493441543e+00
1.999745673491919451e+00
1.999753104058748621e+00
1.999761151948402427e+00
1.999769699279161816e+00
1.999778621275116963e+00
1.999787788102053154e+00
1.999797066709134041e+00
1.999806322887442311e+00
1.999815423205019593e+00
1.999824237054795839e+00
1.999832638493251658e+00
1.999840508275744222e+00
1.999847735580504882e+00
1.999854219718037340e+00
1.999859871587864601e+00
1.999864615260909195e+00
1.999868388914784356e+00
1.999871145937868855e+00
1.999872855668458183e+00
1.999873503863620616e+00
1.999873092984213230e+00
1.999871642201234812e+00
1.999869187162049533e+00
1.999865779466557747e+00
1.999861485928041915e+00
1.999856387642310773e+00
1.999850578679791990e+00
1.999844164764241539e+00
1.999837261619297424e+00
1.999829993298934294e+00
1.999822490093284610e+00
1.999814886719443185e+00
1.999807320101893549e+00
1.999799927255066168e+00
1.999792843123396002e+00
1.999786198457802699e+00
1.999780117637885324e+00
1.999774716693314414e+00
1.999770101376999731e+00
1.999766365423609304e+00
1.999763588837893291e+00
1.999761836615855826e+00
1.999761157481082963e+00
1.999761582858204267e+00
1.999763126315264872e+00
1.999765782984560980e+00
1.999769529497951615e+00
1.999774324054619301e+00
1.999780106836352989e+00
1.999786800722755942e+00
1.999794312185311451e+00
1.999802532564507240e+00
1.999811339504930174e+00
1.999820598679634687e+00
1.999830165598386111e+00
1.999839887801536209e+00
1.999849607012683661e+00
1.999859161465208368e+00
1.999868388404457020e+00
1.999877126447472842e+00
1.999885218193196312e+00
1.999892512567364999e+00
1.999898867316625806e+00
1.999904151262424268e+00
1.999908246463467654e+00
1.999911050212316077e+00
1.999912476894504687e+00
1.999912459467426240e+00
1.999910950824739464e+00
1.999907924893736810e+00
1.999903377136090787e+00
1.999897325370644685e+00
1.999889809517841899e+00
1.999880891544505213e+00
1.999870654882956122e+00
1.999859203574677169e+00
1.999846661017559812e+00
1.999833168545712692e+00
1.999818883603381448e+00
1.999803977738817462e+00
1.999788634260783571e+00
1.999773045868996402e+00
1.999757411876896596e+00
1.999741935519474545e+00
1.999726821052983272e+00
1.999712270763676747e+00
1.999698482096607499e+00
1.999685644672460683e+00
1.999673937476937668e+00
1.999663526138077962e+00
1.999654560305958562e+00
1.999647171340008134e+00
1.999641470093121765e+00
1.999637545079263390e+00
1.999635460885167637e+00
1.999635256892658308e+00
1.999636946387799652e+00
1.999640515985962930e+00
1.999645925497173460e+00
1.999653108086400177e+00
1.999661970900621588e+00
1.999672396057408319e+00
1.999684241970796750e+00
1.999697345064662901e+00
1.999711521828958061e+00
1.999726571140827414e+00
1.999742276972663602e+00
1.999758411215763809e+00
1.999774736842893752e+00
1.999791011129101070e+00
1.999806989021169379e+00
1.999822426732729141e+00
1.999837085062751152e+00
1.999850733022357163e+00
1.999863151130798711e+00
1.999874134776225221e+00
1.999883497249864250e+00
1.999891072681818205e+00
1.999896718635760129e+00
1.999900318440448466e+00
1.999901783284365075e+00
1.999901053532736173e+00
1.999898100219640540e+00
1.999892925419723078e+00
1.999885564112213521e+00
1.999876080957332825e+00
1.999864572922248840e+00
1.999851166609619701e+00
1.999836017183158843e+00
1.999819306430470345e+00
1.999801240485999498e+00
1.999782047174011979e+00
1.999761972977461388e+00
1.999741279740389954e+00
1.999720241041028856e+00
1.999699138476883409e+00
1.999678257619709854e+00
1.999657884058281487e+00
1.999638299212714410e+00
1.999619776278476868e+00
1.999602576184173586e+00
1.999586943733518085e+00
1.999573103778915506e+00
1.999561257887969568e+00
1.999551581034259895e+00
1.999544218809415019e+00
1.999539284972744246e+00
1.999536859386803256e+00
1.999536986468160249e+00
1.999539674082224883e+00
1.999544892974873589e+00
1.999552576745368127e+00
1.999562622276245927e+00
1.999574890828921037e+00
1.999589209492359299e+00
1.999605373302435707e+00
1.999623147762253472e+00
1.999642271803088178e+00
1.999662461257778245e+00
1.999683412618072698e+00
1.999704807170006315e+00
1.999726315418052014e+00
1.999747601627771543e+00
1.999768328704963682e+00
1.999788162937464309e+00
1.999806778941319862e+00
1.999823864464385315e+00
1.999839125038642695e+00
1.999852288566769998e+00
1.999863109523309479e+00
1.999871372864880037e+00
1.999876897611722715e+00
1.999879539937242878e+00
1.999879195775009721e+00
1.999875802877638886e+00
1.999869342339606115e+00
1.999859839507863279e+00
1.999847364208482636e+00
1.999832030436407893e+00
1.999813995318615367e+00
1.999793457476140901e+00
1.999770654789524871e+00
1.999745861508122724e+00
1.999719384828520408e+00
1.999691560974476312e+00
1.999662750744249040e+00
1.999633334680674279e+00
1.999603707869772817e+00
1.999574274462486256e+00
1.999545441946295909e+00
1.999517615384643454e+00
1.999491191431588488e+00
1.999466552549349574e+00
1.999444061254653127e+00
1.999424054524009842e+00
1.999406838570574330e+00
1.999392683900173440e+00
1.999381820861707570e+00
1.999374435595300925e+00
1.999370666662247276e+00
1.999370602248174977e+00
1.999374277995415783e+00
1.999381675626688892e+00
1.999392722229410779e+00
1.999407290381195912e+00
1.999425198993449726e+00
1.999446214943385369e+00
1.999470055493676623e+00
1.999496391433201348e+00
1.999524850948190435e+00
1.999555024128287561e+00
1.999586468166779207e+00
1.999618713015462568e+00
1.999651267613480110e+00
1.999683626474148435e+00
1.999715276626161664e+00
1.999745704738294494e+00
1.999774404418051654e+00
1.999800883541392515e+00
1.999824671501786000e+00
1.999845326254686251e+00
1.999862441170761285e+00
1.999875651408429933e+00
1.999884639928474206e+00
1.999889142789961438e+00
1.999888953975189620e+00
1.999883929333988730e+00
1.999873989816657316e+00
1.999859123796775551e+00
1.999839388554521147e+00
1.999814910734786899e+00
1.999785885903989868e+00
1.999752577091470362e+00
1.999715312440894177e+00
1.999674481730864928e+00
1.999630532222515411e+00
1.999583963378990026e+00
1.999535320971365104e+00
1.999485190264041590e+00
1.999434188650915489e+00
1.999382957647774184e+00
1.999332154439102505e+00
1.999282443053807645e+00
1.999234485207963319e+00
1.999188931168520700e+00
1.999146410472912416e+00
1.999107522800211090e+00
1.999072829166386622e+00
1.999042843340416598e+00
1.999018023909131969e+00
1.998998766819200412e+00
1.998985398732533447e+00
1.998978171170759710e+00
1.998977255557575328e+00
1.998982739304683509e+00
1.998994622929369580e+00
1.999012818320292650e+00
1.999037148178656187e+00
1.999067346680375001e+00
1.999103061284968952e+00
1.999143855893743993e+00
1.999189215026606625e+00
1.999238549315722757e+00
1.999291202025171854e+00
1.999346456653264381e+00
1.999403545487069112e+00
1.999461658951768639e+00
1.999519955894261791e+00
1.999577574265573920e+00
1.999633642493198638e+00
1.999687291086817309e+00
1.999737664514874114e+00
1.999783933086321186e+00
1.999825304755169286e+00
1.999861036599755337e+00
1.999890445864031863e+00
1.999912920473274403e+00
1.999927928701581648e+00
1.999935027973023471e+00
1.999933872670786705e+00
1.999924220662903540e+00
1.999905938685353268e+00
1.999879006277921922e+00
1.999843518269037723e+00
1.999799685768617552e+00
1.999747835610087510e+00
1.999688408172476617e+00
1.999621953724925572e+00
1.999549127086966083e+00
1.999470680924685384e+00
1.999387457525425793e+00
1.999300379200671829e+00
1.999210437512927596e+00
1.999118681351950144e+00
1.999026203968110815e+00
1.998934129261804138e+00
1.998843597379848180e+00
1.998755749819192351e+00
1.998671714279395273e+00
1.998592589394521779e+00
1.998519429538627934e+00
1.998453230240920364e+00
1.998394912663208567e+00
1.998345312293216880e+00
1.998305163817634789e+00
1.998275090671774334e+00
1.998255594295972992e+00
1.998247045145192580e+00
1.998249675139754045e+00
1.998263571896927715e+00
1.998288674614359550e+00
1.998324771924259613e+00
1.998371501554949026e+00
1.998428352087739279e+00
1.998494666614766935e+00
1.998569648308515578e+00
1.998652368164494320e+00
1.998741774319149345e+00
1.998836703394343273e+00
1.998935893468846148e+00
1.999037998563468088e+00
1.999141604577298725e+00
1.999245246433614343e+00
1.999347426281222750e+00
1.999446632414012770e+00
1.999541358910368327e+00
1.999630125457898533e+00
1.999711497388675152e+00
1.999784105442053539e+00
1.999846665115966315e+00
1.999897995284278140e+00
1.999937035853088130e+00
1.999962864237255333e+00
1.999974709999725597e+00
1.999971968673595279e+00
1.999954212476346305e+00
1.999921199855845932e+00
1.999872882298440624e+00
1.999809408944733136e+00
1.999731128521010648e+00
1.999638588896595737e+00
1.999532533769599496e+00
1.999413896941649504e+00
1.999283793865518577e+00
1.999143510721078210e+00
1.998994491018450281e+00
1.998838319923118112e+00
1.998676706484755039e+00
1.998511463855840331e+00
1.998344487846923645e+00
1.998177734046806542e+00
1.998013193617764527e+00
1.997852868455741282e+00
1.997698745425495748e+00
1.997552770511224818e+00
1.997416822940975445e+00
1.997292689791672737e+00
1.997182040793730851e+00
1.997086405126133446e+00
1.997007148324277725e+00
1.996945451659687398e+00
1.996902293070834222e+00
1.996878430332134746e+00
1.996874386626669828e+00
1.996890438707603854e+00
1.996926607982817403e+00
1.996982654487241549e+00
1.997058074008493112e+00
1.997152098509361595e+00
1.997263699752091615e+00
1.997391596263191405e+00
1.997534263663228282e+00
1.997689948176779806e+00
1.997856683390783816e+00
1.998032309951112140e+00
1.998214498300452391e+00
1.998400773872809566e+00
1.998588544862335503e+00
1.998775132058101756e+00
1.998957800474594926e+00
1.999133792485543237e+00
1.999300361957512262e+00
1.999454809176420822e+00
1.999594515868604594e+00
1.999716980115886278e+00
1.999819850609555694e+00
1.999900959730820160e+00
1.999958355178533598e+00
1.999990329432419944e+00
1.999995446938082289e+00
1.999972568336682466e+00
1.999920871478299222e+00
1.999839868981717395e+00
1.999729421688339448e+00
1.999589748273041367e+00
1.999421430312585457e+00
1.999225412989745321e+00
1.999003001191888673e+00
1.998755851014969220e+00
1.998485956692472643e+00
1.998195633116990333e+00
1.997887493894833444e+00
1.997564425470623961e+00
1.997229557262704125e+00
1.996886228319063816e+00
1.996537950788733085e+00
1.996188370640844312e+00
1.995841226063920226e+00
1.995500303975706657e+00
1.995169395166293880e+00
1.994852248609209955e+00
1.994552525472572668e+00
1.994273753227328028e+00
1.994019280575081154e+00
1.993792233603463693e+00
1.993595473666381679e+00
1.993431557548987376e+00
1.993302700381142323e+00
1.993210741709039668e+00
1.993157115201206198e+00
1.993142822359866173e+00
1.993168410586181105e+00
1.993233956020257880e+00
1.993339051160227360e+00
1.993482798027695013e+00
1.993663806392842686e+00
1.993880197802455401e+00
1.994129615167405722e+00
1.994409238083181712e+00
1.994715803772566742e+00
1.995045633698454113e+00
1.995394665619550700e+00
1.995758490825984666e+00
1.996132396541363985e+00
1.996511412839336641e+00
1.996890363821010039e+00
1.997263922690126092e+00
1.997626669999726268e+00
1.997973154604463231e+00
1.998297956578331869e+00
1.998595751518658981e+00
1.998861375393309769e+00
1.999089889138335741e+00
1.999276642306422547e+00
1.999417334793119450e+00
1.999508075976248911e+00
1.999545440285071196e+00
1.999526518537900310e+00
1.999448964220538638e+00
1.999311034010253785e+00
1.999111621908780112e+00
1.998850286401071541e+00
1.998527270183913851e+00
1.998143512051133719e+00
1.997700650621040408e+00
1.997201019861683413e+00
1.996647636162230288e+00
1.996044177209274517e+00
1.995394952669868660e+00
1.994704867021076522e+00
1.993979375023178680e+00
1.993224430104425737e+00
1.992446426341881738e+00
1.991652134769466231e+00
1.990848634550865581e+00
1.990043239890988191e+00
1.989243423502085273e+00
1.988456737350484005e+00
1.987690731721764026e+00
1.986952873220728222e+00
1.986250462834032948e+00
1.985590554615550118e+00
1.984979876011687905e+00
1.984424750558396511e+00
1.983931023637994562e+00
1.983503992130269511e+00
1.983148338531860677e+00
1.982868070205565658e+00
1.982666464454937216e+00
1.982546019815507821e+00
1.982508414167992061e+00
1.982554470162756433e+00
1.982684128326263506e+00
1.982896428224567797e+00
1.983189498084176883e+00
1.983560553165655049e+00
1.984005902990353176e+00
1.984520967798459656e+00
1.985100304284459938e+00
1.985737640602996956e+00
1.986425920762916242e+00
1.987157358196727452e+00
1.987923498424624347e+00
1.988715290478006326e+00
1.989523166647708452e+00
1.990337130156542012e+00
1.991146850079738462e+00
1.991941762765362389e+00
1.992711178875461231e+00
1.993444395080189002e+00
1.994130809307031127e+00
1.994760038227221699e+00
1.995322035769329094e+00
1.995807211151391591e+00
1.996206544953791795e+00
1.996511701813898254e+00
1.996715138066448292e+00
1.996810202800127776e+00
1.996791230990494936e+00
1.996653627017253685e+00
1.996393937518389450e+00
1.996009912247311835e+00
1.995500551770271302e+00
1.994866141452882546e+00
1.994108270852820386e+00
1.993229838100847529e+00
1.992235039274350639e+00
1.991129342472056196e+00
1.989919447210998449e+00
1.988613229301785745e+00
1.987219672209950438e+00
1.985748785582716724e+00
1.984211512098925656e+00
1.982619623855976121e+00
1.980985609606884079e+00
1.979322554243533983e+00
1.977644012020779885e+00
1.975963874952916699e+00
1.974296238026753247e+00
1.972655262380098362e+00
1.971055038197090381e+00
1.969509448459948464e+00
1.968032034714431111e+00
1.966635866306496672e+00
1.965333413764835502e+00
1.964136427613050406e+00
1.963055823194355565e+00
1.962101572444313158e+00
1.961282603179377748e+00
1.960606706505312546e+00
1.960080452849071175e+00
1.959709117203380924e+00
1.959496613834549761e+00
1.959445440973491825e+00
1.959556635862024665e+00
1.959829740592299530e+00
1.960262778883298251e+00
1.960852244543186407e+00
1.961593101706941455e+00
1.962478797348956583e+00
1.963501286479590435e+00
1.964651070275793998e+00
1.965917247708963256e+00
1.967287580525569846e+00
1.968748572322643886e+00
1.970285561375538563e+00
1.971882827467909438e+00
1.973523712392376339e+00
1.975190753990411663e+00
1.976865832919255883e+00
1.978530331648141072e+00
1.980165304479126975e+00
1.981751657380001141e+00
1.983270336152051838e+00
1.984702520999616304e+00
1.986029825565086115e+00
1.987234498028807472e+00
1.988299621801510986e+00
1.989209313114740363e+00
1.989948912706539730e+00
1.990505168739236774e+00
1.990866407998166832e+00
1.991022692664815796e+00
1.990965959910990568e+00
1.990690141887814013e+00
1.990191263925098264e+00
1.989467519073123913e+00
1.988519317558769206e+00
1.987349310186692808e+00
1.985962385051856183e+00
1.984365637651657188e+00
1.982568314706201429e+00
1.980581732702219488e+00
1.978419172456279407e+00
1.976095751480476448e+00
1.973628276264147274e+00
1.971035076806182396e+00
1.968335826119139931e+00
1.965551347264277382e+00
1.962703410916239788e+00
1.959814526088927700e+00
1.956907726888261090e+00
1.954006357857005716e+00
1.951133860205795489e+00
1.948313561380343062e+00
1.945568469639367359e+00
1.942921075552973997e+00
1.940393161696493340e+00
1.938005621751677898e+00
1.935778289825953902e+00
1.933729780698668632e+00
1.931877341418155591e+00
1.930236714418378519e+00
1.928822012350864812e+00
1.927645604640653376e+00
1.926718015564506059e+00
1.926047833916652907e+00
1.925641634018306902e+00
1.925503908151998012e+00
1.925637010318864251e+00
1.926041111482451829e+00
1.926714166514685855e+00
1.927651893191432597e+00
1.928847763768502865e+00
1.930293009595392961e+00
1.931976639830179865e+00
1.933885474792848003e+00
1.936004195177959852e+00
1.938315407966235027e+00
1.940799730220552188e+00
1.943435891722719688e+00
1.946200857368952208e+00
1.949069970188087586e+00
1.952017115525199964e+00
1.955014906782666984e+00
1.958034892617267042e+00
1.961047785276572641e+00
1.964023709109992355e+00
1.966932467931299611e+00
1.969743829226493936e+00
1.972427822719221346e+00
1.974955050189121764e+00
1.977297002896448941e+00
1.979426382282434504e+00
1.981317419602028451e+00
1.982946189180795349e+00
1.984290910154223875e+00
1.985332231428539762e+00
1.986053494333467118e+00
1.986440967922179501e+00
1.986484052156976654e+00
1.986175444590874362e+00
1.985511267030956040e+00
1.984491149299864476e+00
1.983118268173246657e+00
1.981399340496461381e+00
1.979344570568761563e+00
1.976967552751435209e+00
1.974285131337642163e+00
1.971317220563285622e+00
1.968086588363818334e+00
1.964618608271830880e+00
1.960940984246145602e+00
1.957083453485284119e+00
1.953077472776117984e+00
1.948955893424746399e+00
1.944752630204632737e+00
1.940502329046955854e+00
1.936240038086958437e+00
1.932000886015776908e+00
1.927819771084428035e+00
1.923731063928711960e+00
1.919768325990011348e+00
1.915964045516487246e+00
1.912349391934829779e+00
1.908953989289458697e+00
1.905805708551511879e+00
1.902930478641672307e+00
1.900352115258729935e+00
1.898092166675670933e+00
1.896169775349979769e+00
1.894601554206290839e+00
1.893401476134530581e+00
1.892580776232375861e+00
1.892147864843349181e+00
1.892108251477498060e+00
1.892464478725283783e+00
1.893216065928265746e+00
1.894359462852278853e+00
1.895888013864513777e+00
1.897791933414499699e+00
1.900058294217340960e+00
1.902671029727615704e+00
1.905610952998070262e+00
1.908855794260111205e+00
1.912380259840511298e+00
1.916156115299981533e+00
1.920152295791936803e+00
1.924335046424378914e+00
1.928668095732762433e+00
1.933112864665081476e+00
1.937628713303305661e+00
1.942173226919242657e+00
1.946702542272400915e+00
1.951171713900107685e+00
1.955535119464022253e+00
1.959746901634003891e+00
1.963761442943480651e+00
1.967533868563321908e+00
1.971020570552098450e+00
1.974179745916973427e+00
1.976971939486056984e+00
1.979360581798103036e+00
1.981312510990396403e+00
1.982798467898578609e+00
1.983793552789341996e+00
1.984277633073266545e+00
1.984235691595839679e+00
1.983658106584587077e+00
1.982540855632509480e+00
1.980885638219094025e+00
1.978699912935761196e+00
1.975996848336131428e+00
1.972795188414400602e+00
1.969119035910858573e+00
1.964997559075644107e+00
1.960464629141990489e+00
1.955558397655940750e+00
1.950320823516845881e+00
1.944797161138035912e+00
1.939035420550830668e+00
1.933085811175385471e+00
1.927000179744776220e+00
1.920831452509461412e+00
1.914633090734926268e+00
1.908458567056012578e+00
1.902360868935826010e+00
1.896392034038040686e+00
1.890602720665493175e+00
1.885041815218528205e+00
1.879756076982344704e+00
1.874789819692512793e+00
1.870184628072540711e+00
1.865979106823166589e+00
1.862208658847813281e+00
1.858905289177365638e+00
1.856097430609280119e+00
1.853809787254461883e+00
1.852063192126905289e+00
1.850874475316560464e+00
1.850256339468778544e+00
1.850217240306758049e+00
1.850761270046867413e+00
1.851888042773754739e+00
1.853592581585562948e+00
1.855865208269829258e+00
1.858691437324463402e+00
1.862051877376441622e+00
1.865922143984252157e+00
1.870272789227763299e+00
1.875069254376254380e+00
1.880271853226049172e+00
1.885835794436400148e+00
1.891711252285774192e+00
1.897843495430883820e+00
1.904173083801315558e+00
1.910636143375516571e+00
1.917164727929810075e+00
1.923687275746485126e+00
1.930129167109918109e+00
1.936413386239199008e+00
1.942461287687850202e+00
1.948193463736692665e+00
1.953530704580804356e+00
1.958395038376793407e+00
1.962710832986039877e+00
1.966405936131881749e+00
1.969412825560854730e+00
1.971669736389081606e+00
1.973121728830993016e+00
1.973721656449658690e+00
1.973430992962496022e+00
1.972220473765052162e+00
1.970070507175982311e+00
1.966971307882678710e+00
1.962922700571282597e+00
1.957933532023814260e+00
1.952020610929837918e+00
1.945207058876207373e+00
1.937519890697594338e+00
1.928986523287309574e+00
1.919629693992219277e+00
1.909459859982911345e+00
1.898463352141013472e+00
1.886582925065277028e+00
1.873683801420135131e+00
1.859490013932973529e+00
1.843454555603415645e+00
1.824465408143294054e+00
1.800083057798378627e+00
1.764151683484345146e+00
1.696903184666653353e+00
1.508222130696108332e+00
1.956350779202984169e+00
2.011366896869591248e+00
1.951330663297954793e+00
1.922250624307205946e+00
1.907837223133700633e+00
1.901814235024664956e+00
1.899211825158790168e+00
1.881126070064273348e+00
1.752901578045545694e+00
1.572896087654885422e+00
1.628696714568748316e+00
1.693286956777914964e+00
1.735474398061567225e+00
1.767075937660586460e+00
1.795408250802927874e+00
1.824948456535442354e+00
1.859629989884190815e+00
1.904698497356520637e+00
1.969454234708280405e+00
2.071598197420332355e+00
2.214443951758910512e+00
2.068376183578821692e+00
1.704974081516588358e+00
1.669677147793605210e+00
1.704837870815202772e+00
1.744431897141346166e+00
1.781174321966982221e+00
1.815446135673590478e+00
1.848485492969171862e+00
1.881606642354913816e+00
1.916395591453907477e+00
1.955324327172080157e+00
2.003186022416536094e+00
2.070951723409322653e+00
2.187050700237387346e+00
2.416444474716772373e+00
2.628867479348818925e+00
2.328487029527856134e+00
2.118402728739911645e+00
2.048169820139618125e+00
2.022529222956416461e+00
2.010121460447930275e+00
2.000673241240819689e+00
1.990209100271506548e+00
1.976987643732663669e+00
1.960374628046603451e+00
1.940833993676211566e+00
1.921004329587077786e+00
1.909332432520099321e+00
1.931636241526683451e+00
2.062100710418411698e+00
2.320039428690214400e+00
2.016178048632402131e+00
1.724420415688068253e+00
1.756075244288799686e+00
1.876429195480327161e+00
1.969214167577311381e+00
2.016921545669115190e+00
2.033388854212365260e+00
2.032742778644248016e+00
2.024161275481631606e+00
2.013232656519210018e+00
2.003679711730311563e+00
1.998587291180345282e+00
2.001398209022120955e+00
2.017170054093620379e+00
2.055000902099472615e+00
2.133845999830834561e+00
2.296222982833391768e+00
2.612651566342047094e+00
2.925255324461268458e+00
2.653394249261778803e+00
2.214885295141789445e+00
1.946731391690165403e+00
1.801318663377095231e+00
1.723511842571173958e+00
1.683063107263474301e+00
1.664296596270487871e+00
1.659205338747917535e+00
1.663759477279979304e+00
1.676046067176611754e+00
1.695378041246021095e+00
1.721917358113207674e+00
