1.909151086616828419e+00
1.909787071894176291e+00
1.910427804046162858e+00
1.911072787574479515e+00
1.911721516695722878e+00
1.912373475769812536e+00
1.913028139871289390e+00
1.913684975517098374e+00
1.914343441615399266e+00
1.915002990652567627e+00
1.915663070207194396e+00
1.916323124839477865e+00
1.916982598465297283e+00
1.917640937313719762e+00
1.918297593612978913e+00
1.918952030188516567e+00
1.919603726186039028e+00
1.920252184199366940e+00
1.920896939165902539e+00
1.921537569468611428e+00
1.922173710826264204e+00
1.922805073713597324e+00
1.923431465241089100e+00
1.924052816744733052e+00
1.924669218661592129e+00
1.925280964792807747e+00
1.925888608673994140e+00
1.926493035684769817e+00
1.927095555700785168e+00
1.927698022708239423e+00
1.928302990016508733e+00
1.928913912761888394e+00
1.929535413589220871e+00
1.930173633299648195e+00
1.930836696446793121e+00
1.931535333406414701e+00
1.932283716685469610e+00
1.933100592088063729e+00
1.934010817421939477e+00
1.935047465922960397e+00
1.936254712207052808e+00
1.937691797809317329e+00
1.939438469112591656e+00
1.941602375635225419e+00
1.944328955646016377e+00
1.947814171872136679e+00
1.952319741455095681e+00
1.958188465627668684e+00
1.965852417520357553e+00
1.975816756162530607e+00
1.988585004997738714e+00
2.004473151698239697e+00
2.023269403148609591e+00
2.043802460365261364e+00
2.063726874866545380e+00
2.080005346628042151e+00
2.090152781360608003e+00
2.093393579153663531e+00
2.090749625866740402e+00
2.084164368376065113e+00
2.075550904689883680e+00
2.066314194401994264e+00
2.057301754360628010e+00
2.048940159995542576e+00
2.041392199598602186e+00
2.034675077754224404e+00
2.028734840150471896e+00
2.023488616170274312e+00
2.018846766830096229e+00
2.014723538320525087e+00
2.011041516900739179e+00
2.007732912427706573e+00
2.004739322948449587e+00
2.002010850309818846e+00
1.999505007579242877e+00
1.997185629834241416e+00
1.995021880337062292e+00
1.992987383700660642e+00
1.991059488475368511e+00
1.989218648695836533e+00
1.987447909315935624e+00
1.985732479779742876e+00
1.984059381178594483e+00
1.982417154253946379e+00
1.980795617482234539e+00
1.979185666295308010e+00
1.977579106127414610e+00
1.975968513347136080e+00
1.974347119271950834e+00
1.972708713451263751e+00
1.971047563165557737e+00
1.969358346779479296e+00
1.967636099145201323e+00
1.965876167749445180e+00
1.964074178735663256e+00
1.962226012379557183e+00
1.960327787986903880e+00
1.958375858659204605e+00
1.956366816848093437e+00
1.954297512211616183e+00
1.952165083989638061e+00
1.949967010993419292e+00
1.947701183429642269e+00
1.945366002232131297e+00
1.942960513487932639e+00
1.940484588052457715e+00
1.937939159811240319e+00
1.935326540530373007e+00
1.932650835260058209e+00
1.929918490388537800e+00
1.927139017397615062e+00
1.924325950263059415e+00
1.921498114420954861e+00
1.918681312337664480e+00
1.915910566716546359e+00
1.913233110242959167e+00
1.910712372344280485e+00
1.908433290344415001e+00
1.906509361714060713e+00
1.905091943961377599e+00
1.904382366308801755e+00
1.904647367064314700e+00
1.906238053989837811e+00
1.909611693242752928e+00
1.915353613800091059e+00
1.924192495669488023e+00
1.936995210866367723e+00
1.954716693263092830e+00
1.978268449168161247e+00
2.008266429583019264e+00
2.044647824247636247e+00
2.086235104099408488e+00
2.130466811379190695e+00
2.173598882050178815e+00
2.211521012621961546e+00
2.240908609052069345e+00
2.260099708562538723e+00
2.269249116556354195e+00
2.269830372274764585e+00
2.263904753975311657e+00
2.253527681640002722e+00
2.240425276539377286e+00
2.225896895182982504e+00
2.210846180281636375e+00
2.195861561377939086e+00
2.181301644244967530e+00
2.167367036060904528e+00
2.154154419040586355e+00
2.141694729770421635e+00
2.129979022174722569e+00
2.118975475078927140e+00
2.108640307829328986e+00
2.098924622332584811e+00
2.089778574594619354e+00
2.081153822841335099e+00
2.073004879387061017e+00
2.065289776366348029e+00
2.057970310880814946e+00
2.051012040046638951e+00
2.044384134514791729e+00
2.038059158776517776e+00
2.032012820705288991e+00
2.026223716132590447e+00
2.020673083678917958e+00
2.015344578409930865e+00
2.010224068712680445e+00
2.005299458324577788e+00
2.000560534001067925e+00
1.995998838524482455e+00
1.991607568477303802e+00
1.987381496139714265e+00
1.983316915053785712e+00
1.979411609058784549e+00
1.975664845031821937e+00
1.972077389983970752e+00
1.968651553782862607e+00
1.965391259356889186e+00
1.962302143022933487e+00
1.959391688448061108e+00
1.956669398807449722e+00
1.954147012927717864e+00
1.951838772754826090e+00
1.949761751277726995e+00
1.947936252309195426e+00
1.946386296286183315e+00
1.945140209600815240e+00
1.944231339194230301e+00
1.943698919235092637e+00
1.943589122989880069e+00
1.943956340599868549e+00
1.944864732648093675e+00
1.946390120125689682e+00
1.948622283706632929e+00
1.951667758483879966e+00
1.955653223166321508e+00
1.960729592412156830e+00
1.967076921668225564e+00
1.974910215360913934e+00
1.984486172372310397e+00
1.996110774415261746e+00
2.010147366241184397e+00
2.027024396689506958e+00
2.047241135729942485e+00
2.071368226303632820e+00
2.100037564194029649e+00
2.133912395925768202e+00
2.173623573520898855e+00
2.219652345824719930e+00
2.272136836097034873e+00
2.330585732204370597e+00
2.393511976485238613e+00
2.458066844515908400e+00
2.519859399638632258e+00
2.573232098194450312e+00
2.612200249922635997e+00
2.631937537740133060e+00
2.630224179532533402e+00
2.608092694328368655e+00
2.569317474059972017e+00
2.519101704823375698e+00
2.462686260768555790e+00
2.404418698522662545e+00
2.347401506777622604e+00
2.293555626003729309e+00
2.243875506641668238e+00
2.198716003160598120e+00
2.158034132222322210e+00
2.121565000538815582e+00
2.088938149778253539e+00
2.059748912612059613e+00
2.033599052758177983e+00
2.010117803412847515e+00
1.988971051205984830e+00
1.969863717172257944e+00
1.952538477842181042e+00
1.936772709043652174e+00
1.922374737977120329e+00
1.909180001674493754e+00
1.897047419544758862e+00
1.885856119738562597e+00
1.875502565042028946e+00
1.865898073898477838e+00
1.856966707749624801e+00
1.848643485778386442e+00
1.840872886140770159e+00
1.833607594713240196e+00
1.826807466320672146e+00
1.820438667997908544e+00
1.814472978396291625e+00
1.808887221849372340e+00
1.803662819457147792e+00
1.798785443006341467e+00
1.794244760604934763e+00
1.790034265497824073e+00
1.786151181873793403e+00
1.782596443466625713e+00
1.779374742554902245e+00
1.776494648491319772e+00
1.773968796314038032e+00
1.771814147052387822e+00
1.770052322322365868e+00
1.768710016342179836e+00
1.767819488651476867e+00
1.767419140342849415e+00
1.767554175243487347e+00
1.768277344872320800e+00
1.769649771511350833e+00
1.771741836858655939e+00
1.774634113193813034e+00
1.778418298949627108e+00
1.783198099139681192e+00
1.789089961675365492e+00
1.796223541146616087e+00
1.804741710317361747e+00
1.814799875251306149e+00
1.826564273291664708e+00
1.840208847999550423e+00
1.855910211581517810e+00
1.873840142301033573e+00
1.894155053685089074e+00
1.916981961594411255e+00
1.942400726891416074e+00
1.970422834634258713e+00
2.000967739908436904e+00
2.033838865342857183e+00
2.068702567931377079e+00
2.105074533291169558e+00
2.142318660430589272e+00
2.179663029529625096e+00
2.216235568838134995e+00
2.251118528733486279e+00
2.283416463578405775e+00
2.312328389322096278e+00
2.337212637340495558e+00
2.357633710366517477e+00
2.373384144096187143e+00
2.384479806847684902e+00
2.391132419329487835e+00
2.393706750656891202e+00
2.392671201001252079e+00
2.388549543252577401e+00
2.381879318803168388e+00
2.373179744559228865e+00
2.362929718640995880e+00
2.351554960789153714e+00
2.339422516829039900e+00
2.326840637234445008e+00
2.314062193589787153e+00
2.301290132570509961e+00
2.288683850459372060e+00
2.276365723470985092e+00
2.264427315891350823e+00
2.252935001970008067e+00
2.241934885635674668e+00
2.231456998403396064e+00
2.221518812057613701e+00
2.212128133472140767e+00
2.203285460425775888e+00
2.194985879087619995e+00
2.187220578750935562e+00
2.179978051682516238e+00
2.173245036883842296e+00
2.167007257678521093e+00
2.161249994712955314e+00
2.155958528674102759e+00
2.151118480672964406e+00
2.146716072960202837e+00
2.142738328225591626e+00
2.139173222124191920e+00
2.136009800749740783e+00
2.133238272397107060e+00
2.130850081069075586e+00
2.128837967651818985e+00
2.127196023454254181e+00
2.125919739839308154e+00
2.125006056831428847e+00
2.124453412946618158e+00
2.124261797877929681e+00
2.124432809141914014e+00
2.124969713266509963e+00
2.125877511547430210e+00
2.127163009791064763e+00
2.128834890735836538e+00
2.130903786951999113e+00
2.133382350955091322e+00
2.136285317853594545e+00
2.139629554170277448e+00
2.143434084289646435e+00
2.147720083354897280e+00
2.152510822147923886e+00
2.157831545581284871e+00
2.163709261826728625e+00
2.170172413861380711e+00
2.177250399389847324e+00
2.184972899251418355e+00
2.193368968816579834e+00
2.202465842792118877e+00
2.212287402497055577e+00
2.222852258297149941e+00
2.234171411028306853e+00
2.246245478450321631e+00
2.259061509410019042e+00
2.272589463236094787e+00
2.286778506424473445e+00
2.301553372021007959e+00
2.316811132910861826e+00
2.332418844246800127e+00
2.348212590641757913e+00
2.363998499410484122e+00
2.379556219291342867e+00
2.394645186078179222e+00
2.409013694386242577e+00
2.422410389938517650e+00
2.434597351368546381e+00
2.445363538583949392e+00
2.454537152206317963e+00
2.461995459576995504e+00
2.467670925627488465e+00
2.471552996408691527e+00
2.473685508977727654e+00
2.474160302915028087e+00
2.473108058520670838e+00
2.470687609916993654e+00
2.467074968794280565e+00
2.462453094731259284e+00
2.457003140248840367e+00
2.450897564946303397e+00
2.444295216627794254e+00
2.437338254552414707e+00
2.430150650670193535e+00
2.422837941227199199e+00
2.415487894534335211e+00
2.408171791827318664e+00
2.400946068457029181e+00
2.393854118941766806e+00
2.386928123101148103e+00
2.380190796794171337e+00
2.373657008018066783e+00
2.367335227054829794e+00
2.361228799612822726e+00
2.355337045130286633e+00
2.349656190976007419e+00
2.344180157821254440e+00
2.338901213546835223e+00
2.333810513357029492e+00
2.328898542984345621e+00
2.324155480561854947e+00
2.319571490975811834e+00
2.315136964877187342e+00
2.310842712737051219e+00
2.306680122835435665e+00
2.302641290594352519e+00
2.298719125495652271e+00
2.294907440663109366e+00
2.291201029370535380e+00
2.287595731882207772e+00
2.284088495432732735e+00
2.280677429580447058e+00
2.277361858741586698e+00
2.274142373296502484e+00
2.271020880382015328e+00
2.268000655192979220e+00
2.265086393387415242e+00
2.262284265017900253e+00
2.259601970222819389e+00
2.257048796771037757e+00
2.254635679438274920e+00
2.252375261036673404e+00
2.250281954863659895e+00
2.248372008201626748e+00
2.246663566395569855e+00
2.245176737001223888e+00
2.243933653357835567e+00
2.242958536917810441e+00
2.242277757495233281e+00
2.241919890709400676e+00
2.241915771595228701e+00
2.242298543452675208e+00
2.243103700842291381e+00
2.244369125525516484e+00
2.246135113989666809e+00
2.248444394975446681e+00
2.251342135100300013e+00
2.254875930178015686e+00
2.259095779179449259e+00
2.264054036786474988e+00
2.269805339160310353e+00
2.276406495661649210e+00
2.283916336739209463e+00
2.292395504852075661e+00
2.301906170850377187e+00
2.312511652579553711e+00
2.324275905275122067e+00
2.337262844515131111e+00
2.351535451798536958e+00
2.367154600450510848e+00
2.384177525851508772e+00
2.402655849508316344e+00
2.422633053207326359e+00
2.444141289520097793e+00
2.467197412537417200e+00
2.491798123504775475e+00
2.517914158126003166e+00
2.545483505152998482e+00
2.574403751538917096e+00
2.604523807784573375e+00
2.635635486191361121e+00
2.667465680471861500e+00
2.699670208432950247e+00
2.731830683259143022e+00
2.763455996217869526e+00
2.793990015768080593e+00
2.822826816471621481e+00
2.849334048250133478e+00
2.872883925414560391e+00
2.892889868984737767e+00
2.908845348342038672e+00
2.920360335650671324e+00
2.927190417442174564e+00
2.929254264246110129e+00
2.926636814368118067e+00
2.919577828166114664e+00
2.908447834073095262e+00
2.893715320065340713e+00
2.875909921408216441e+00
2.855586232434520699e+00
2.833291935210945578e+00
2.809542570547051810e+00
2.784803867531006283e+00
2.759481384683085903e+00
2.733916438392895998e+00
2.708386910256711744e+00
2.683111458943998606e+00
2.658255806351170758e+00
2.633940019823389544e+00
2.610245993072690673e+00
2.587224589647991735e+00
2.564902127948250232e+00
2.543286050579110391e+00
2.522369734868879831e+00
2.502136474856584858e+00
