4.400000000000000000e+02
4.399925000000000068e+02
4.399879999999999995e+02
4.399870999999999981e+02
4.399841000000000122e+02
4.399748000000000161e+02
4.399717999999999734e+02
4.399558999999999855e+02
4.399501999999999953e+02
4.399445000000000050e+02
4.399327999999999861e+02
4.399277000000000157e+02
4.399042999999999779e+02
4.398926000000000158e+02
4.398761000000000081e+02
4.398625999999999863e+02
4.398460999999999785e+02
4.398260000000000218e+02
4.398163999999999874e+02
4.398122000000000185e+02
4.398086000000000126e+02
4.397882000000000176e+02
4.397767999999999802e+02
4.397617999999999938e+02
4.397441000000000031e+02
4.397312000000000012e+02
4.397185999999999808e+02
4.397068999999999619e+02
