4.350000000000000000e+02
4.350500000000000114e+02
4.351000000000000227e+02
4.351499999999999773e+02
4.351999999999999886e+02
4.352500000000000000e+02
4.353000000000000114e+02
4.353500000000000227e+02
4.353999999999999773e+02
4.354499999999999886e+02
4.355000000000000000e+02
4.355500000000000114e+02
4.356000000000000227e+02
4.356499999999999773e+02
4.356999999999999886e+02
4.357500000000000000e+02
4.358000000000000114e+02
4.358500000000000227e+02
4.358999999999999773e+02
4.359499999999999886e+02
4.360000000000000000e+02
4.360500000000000114e+02
4.361000000000000227e+02
4.361499999999999773e+02
4.361999999999999886e+02
4.362500000000000000e+02
4.363000000000000114e+02
4.363500000000000227e+02
4.363999999999999773e+02
4.364499999999999886e+02
4.365000000000000000e+02
4.365500000000000114e+02
4.366000000000000227e+02
4.366499999999999773e+02
4.366999999999999886e+02
4.367500000000000000e+02
4.368000000000000114e+02
4.368500000000000227e+02
4.368999999999999773e+02
4.369499999999999886e+02
4.370000000000000000e+02
4.370500000000000114e+02
4.371000000000000227e+02
4.371499999999999773e+02
4.371999999999999886e+02
4.372500000000000000e+02
4.373000000000000114e+02
4.373500000000000227e+02
4.373999999999999773e+02
4.374499999999999886e+02
4.375000000000000000e+02
4.375500000000000114e+02
4.376000000000000227e+02
4.376499999999999773e+02
4.376999999999999886e+02
4.377500000000000000e+02
4.378000000000000114e+02
4.378500000000000227e+02
4.378999999999999773e+02
4.379499999999999886e+02
4.380000000000000000e+02
4.380500000000000114e+02
4.381000000000000227e+02
4.381499999999999773e+02
4.381999999999999886e+02
4.382500000000000000e+02
4.383000000000000114e+02
4.383500000000000227e+02
4.383999999999999773e+02
4.384499999999999886e+02
4.385000000000000000e+02
4.385500000000000114e+02
4.386000000000000227e+02
4.386499999999999773e+02
4.386999999999999886e+02
4.387500000000000000e+02
4.388000000000000114e+02
4.388500000000000227e+02
4.388999999999999773e+02
4.389499999999999886e+02
4.390000000000000000e+02
4.390500000000000114e+02
4.391000000000000227e+02
4.391499999999999773e+02
4.391999999999999886e+02
4.392500000000000000e+02
4.393000000000000114e+02
4.393500000000000227e+02
4.393999999999999773e+02
4.394499999999999886e+02
4.395000000000000000e+02
4.395500000000000114e+02
4.396000000000000227e+02
4.396499999999999773e+02
4.396999999999999886e+02
4.397500000000000000e+02
4.398000000000000114e+02
4.398500000000000227e+02
4.398999999999999773e+02
4.399499999999999886e+02
4.400000000000000000e+02
