4.395000000000000000e+02
4.395049999999999955e+02
4.395099999999999909e+02
4.395149999999999864e+02
4.395199999999999818e+02
4.395249999999999773e+02
4.395299999999999727e+02
4.395350000000000250e+02
4.395400000000000205e+02
4.395450000000000159e+02
4.395500000000000114e+02
4.395550000000000068e+02
4.395600000000000023e+02
4.395649999999999977e+02
4.395699999999999932e+02
4.395749999999999886e+02
4.395799999999999841e+02
4.395849999999999795e+02
4.395899999999999750e+02
4.395950000000000273e+02
4.396000000000000227e+02
4.396050000000000182e+02
4.396100000000000136e+02
4.396150000000000091e+02
4.396200000000000045e+02
4.396250000000000000e+02
4.396299999999999955e+02
4.396349999999999909e+02
4.396399999999999864e+02
4.396449999999999818e+02
4.396499999999999773e+02
4.396549999999999727e+02
4.396600000000000250e+02
4.396650000000000205e+02
4.396700000000000159e+02
4.396750000000000114e+02
4.396800000000000068e+02
4.396850000000000023e+02
4.396899999999999977e+02
4.396949999999999932e+02
4.396999999999999886e+02
4.397049999999999841e+02
4.397099999999999795e+02
4.397149999999999750e+02
4.397200000000000273e+02
4.397250000000000227e+02
4.397300000000000182e+02
4.397350000000000136e+02
4.397400000000000091e+02
4.397450000000000045e+02
4.397500000000000000e+02
4.397549999999999955e+02
4.397599999999999909e+02
4.397649999999999864e+02
4.397699999999999818e+02
4.397749999999999773e+02
4.397799999999999727e+02
4.397850000000000250e+02
4.397900000000000205e+02
4.397950000000000159e+02
4.398000000000000114e+02
4.398050000000000068e+02
4.398100000000000023e+02
4.398149999999999977e+02
4.398199999999999932e+02
4.398249999999999886e+02
4.398299999999999841e+02
4.398349999999999795e+02
4.398399999999999750e+02
4.398450000000000273e+02
4.398500000000000227e+02
4.398550000000000182e+02
4.398600000000000136e+02
4.398650000000000091e+02
4.398700000000000045e+02
4.398750000000000000e+02
4.398799999999999955e+02
4.398849999999999909e+02
4.398899999999999864e+02
4.398949999999999818e+02
4.398999999999999773e+02
4.399049999999999727e+02
4.399100000000000250e+02
4.399150000000000205e+02
4.399200000000000159e+02
4.399250000000000114e+02
4.399300000000000068e+02
4.399350000000000023e+02
4.399399999999999977e+02
4.399449999999999932e+02
4.399499999999999886e+02
4.399549999999999841e+02
4.399599999999999795e+02
4.399649999999999750e+02
4.399700000000000273e+02
4.399750000000000227e+02
4.399800000000000182e+02
4.399850000000000136e+02
4.399900000000000091e+02
4.399950000000000045e+02
4.400000000000000000e+02
4.400049999999999955e+02
4.400099999999999909e+02
4.400149999999999864e+02
4.400199999999999818e+02
4.400249999999999773e+02
4.400299999999999727e+02
4.400350000000000250e+02
4.400400000000000205e+02
4.400450000000000159e+02
4.400500000000000114e+02
4.400550000000000068e+02
4.400600000000000023e+02
4.400649999999999977e+02
4.400699999999999932e+02
4.400749999999999886e+02
4.400799999999999841e+02
4.400849999999999795e+02
4.400899999999999750e+02
4.400950000000000273e+02
4.401000000000000227e+02
4.401050000000000182e+02
4.401100000000000136e+02
4.401150000000000091e+02
4.401200000000000045e+02
4.401250000000000000e+02
4.401299999999999955e+02
4.401349999999999909e+02
4.401399999999999864e+02
4.401449999999999818e+02
4.401499999999999773e+02
4.401549999999999727e+02
4.401600000000000250e+02
4.401650000000000205e+02
4.401700000000000159e+02
4.401750000000000114e+02
4.401800000000000068e+02
4.401850000000000023e+02
4.401899999999999977e+02
4.401949999999999932e+02
4.401999999999999886e+02
4.402049999999999841e+02
4.402099999999999795e+02
4.402149999999999750e+02
4.402200000000000273e+02
4.402250000000000227e+02
4.402300000000000182e+02
4.402350000000000136e+02
4.402400000000000091e+02
4.402450000000000045e+02
4.402500000000000000e+02
4.402549999999999955e+02
4.402599999999999909e+02
4.402649999999999864e+02
4.402699999999999818e+02
4.402749999999999773e+02
4.402799999999999727e+02
4.402850000000000250e+02
4.402900000000000205e+02
4.402950000000000159e+02
4.403000000000000114e+02
4.403050000000000068e+02
4.403100000000000023e+02
4.403149999999999977e+02
4.403199999999999932e+02
4.403249999999999886e+02
4.403299999999999841e+02
4.403349999999999795e+02
4.403399999999999750e+02
4.403450000000000273e+02
4.403500000000000227e+02
4.403550000000000182e+02
4.403600000000000136e+02
4.403650000000000091e+02
4.403700000000000045e+02
4.403750000000000000e+02
4.403799999999999955e+02
4.403849999999999909e+02
4.403899999999999864e+02
4.403949999999999818e+02
4.403999999999999773e+02
4.404049999999999727e+02
4.404100000000000250e+02
4.404150000000000205e+02
4.404200000000000159e+02
4.404250000000000114e+02
4.404300000000000068e+02
4.404350000000000023e+02
4.404399999999999977e+02
4.404449999999999932e+02
4.404499999999999886e+02
4.404549999999999841e+02
4.404599999999999795e+02
4.404649999999999750e+02
4.404700000000000273e+02
4.404750000000000227e+02
4.404800000000000182e+02
4.404850000000000136e+02
4.404900000000000091e+02
4.404950000000000045e+02
4.405000000000000000e+02
4.405049999999999955e+02
4.405099999999999909e+02
4.405149999999999864e+02
4.405199999999999818e+02
4.405249999999999773e+02
4.405299999999999727e+02
4.405350000000000250e+02
4.405400000000000205e+02
4.405450000000000159e+02
4.405500000000000114e+02
4.405550000000000068e+02
4.405600000000000023e+02
4.405649999999999977e+02
4.405699999999999932e+02
4.405749999999999886e+02
4.405799999999999841e+02
4.405849999999999795e+02
4.405899999999999750e+02
4.405950000000000273e+02
4.406000000000000227e+02
4.406050000000000182e+02
4.406100000000000136e+02
4.406150000000000091e+02
4.406200000000000045e+02
4.406250000000000000e+02
4.406299999999999955e+02
4.406349999999999909e+02
4.406399999999999864e+02
4.406449999999999818e+02
4.406499999999999773e+02
4.406549999999999727e+02
4.406600000000000250e+02
4.406650000000000205e+02
4.406700000000000159e+02
4.406750000000000114e+02
4.406800000000000068e+02
4.406850000000000023e+02
4.406899999999999977e+02
4.406949999999999932e+02
4.406999999999999886e+02
4.407049999999999841e+02
4.407099999999999795e+02
4.407149999999999750e+02
4.407200000000000273e+02
4.407250000000000227e+02
4.407300000000000182e+02
4.407350000000000136e+02
4.407400000000000091e+02
4.407450000000000045e+02
4.407500000000000000e+02
4.407549999999999955e+02
4.407599999999999909e+02
4.407649999999999864e+02
4.407699999999999818e+02
4.407749999999999773e+02
4.407799999999999727e+02
4.407850000000000250e+02
4.407900000000000205e+02
4.407950000000000159e+02
4.408000000000000114e+02
4.408050000000000068e+02
4.408100000000000023e+02
4.408149999999999977e+02
4.408199999999999932e+02
4.408249999999999886e+02
4.408299999999999841e+02
4.408349999999999795e+02
4.408399999999999750e+02
4.408450000000000273e+02
4.408500000000000227e+02
4.408550000000000182e+02
4.408600000000000136e+02
4.408650000000000091e+02
4.408700000000000045e+02
4.408750000000000000e+02
4.408799999999999955e+02
4.408849999999999909e+02
4.408899999999999864e+02
4.408949999999999818e+02
4.408999999999999773e+02
4.409049999999999727e+02
4.409100000000000250e+02
4.409150000000000205e+02
4.409200000000000159e+02
4.409250000000000114e+02
4.409300000000000068e+02
4.409350000000000023e+02
4.409399999999999977e+02
4.409449999999999932e+02
4.409499999999999886e+02
4.409549999999999841e+02
4.409599999999999795e+02
4.409649999999999750e+02
4.409700000000000273e+02
4.409750000000000227e+02
4.409800000000000182e+02
4.409850000000000136e+02
4.409900000000000091e+02
4.409950000000000045e+02
4.410000000000000000e+02
4.410049999999999955e+02
4.410099999999999909e+02
4.410149999999999864e+02
4.410199999999999818e+02
4.410249999999999773e+02
4.410299999999999727e+02
4.410350000000000250e+02
4.410400000000000205e+02
4.410450000000000159e+02
4.410500000000000114e+02
4.410550000000000068e+02
4.410600000000000023e+02
4.410649999999999977e+02
4.410699999999999932e+02
4.410749999999999886e+02
4.410799999999999841e+02
4.410849999999999795e+02
4.410899999999999750e+02
4.410950000000000273e+02
4.411000000000000227e+02
4.411050000000000182e+02
4.411100000000000136e+02
4.411150000000000091e+02
4.411200000000000045e+02
4.411250000000000000e+02
4.411299999999999955e+02
4.411349999999999909e+02
4.411399999999999864e+02
4.411449999999999818e+02
4.411499999999999773e+02
4.411549999999999727e+02
4.411600000000000250e+02
4.411650000000000205e+02
4.411700000000000159e+02
4.411750000000000114e+02
4.411800000000000068e+02
4.411850000000000023e+02
4.411899999999999977e+02
4.411949999999999932e+02
4.411999999999999886e+02
4.412049999999999841e+02
4.412099999999999795e+02
4.412149999999999750e+02
4.412200000000000273e+02
4.412250000000000227e+02
4.412300000000000182e+02
4.412350000000000136e+02
4.412400000000000091e+02
4.412450000000000045e+02
4.412500000000000000e+02
4.412549999999999955e+02
4.412599999999999909e+02
4.412649999999999864e+02
4.412699999999999818e+02
4.412749999999999773e+02
4.412799999999999727e+02
4.412850000000000250e+02
4.412900000000000205e+02
4.412950000000000159e+02
4.413000000000000114e+02
4.413050000000000068e+02
4.413100000000000023e+02
4.413149999999999977e+02
4.413199999999999932e+02
4.413249999999999886e+02
4.413299999999999841e+02
4.413349999999999795e+02
4.413399999999999750e+02
4.413450000000000273e+02
4.413500000000000227e+02
4.413550000000000182e+02
4.413600000000000136e+02
4.413650000000000091e+02
4.413700000000000045e+02
4.413750000000000000e+02
4.413799999999999955e+02
4.413849999999999909e+02
4.413899999999999864e+02
4.413949999999999818e+02
4.413999999999999773e+02
4.414049999999999727e+02
4.414100000000000250e+02
4.414150000000000205e+02
4.414200000000000159e+02
4.414250000000000114e+02
4.414300000000000068e+02
4.414350000000000023e+02
4.414399999999999977e+02
4.414449999999999932e+02
4.414499999999999886e+02
4.414549999999999841e+02
4.414599999999999795e+02
4.414649999999999750e+02
4.414700000000000273e+02
4.414750000000000227e+02
4.414800000000000182e+02
4.414850000000000136e+02
4.414900000000000091e+02
4.414950000000000045e+02
4.415000000000000000e+02
4.415049999999999955e+02
4.415099999999999909e+02
4.415149999999999864e+02
4.415199999999999818e+02
4.415249999999999773e+02
4.415299999999999727e+02
4.415350000000000250e+02
4.415400000000000205e+02
4.415450000000000159e+02
4.415500000000000114e+02
4.415550000000000068e+02
4.415600000000000023e+02
4.415649999999999977e+02
4.415699999999999932e+02
4.415749999999999886e+02
4.415799999999999841e+02
4.415849999999999795e+02
4.415899999999999750e+02
4.415950000000000273e+02
4.416000000000000227e+02
4.416050000000000182e+02
4.416100000000000136e+02
4.416150000000000091e+02
4.416200000000000045e+02
4.416250000000000000e+02
4.416299999999999955e+02
4.416349999999999909e+02
4.416399999999999864e+02
4.416449999999999818e+02
4.416499999999999773e+02
4.416549999999999727e+02
4.416600000000000250e+02
4.416650000000000205e+02
4.416700000000000159e+02
4.416750000000000114e+02
4.416800000000000068e+02
4.416850000000000023e+02
4.416899999999999977e+02
4.416949999999999932e+02
4.416999999999999886e+02
4.417049999999999841e+02
4.417099999999999795e+02
4.417149999999999750e+02
4.417200000000000273e+02
4.417250000000000227e+02
4.417300000000000182e+02
4.417350000000000136e+02
4.417400000000000091e+02
4.417450000000000045e+02
4.417500000000000000e+02
4.417549999999999955e+02
4.417599999999999909e+02
4.417649999999999864e+02
4.417699999999999818e+02
4.417749999999999773e+02
4.417799999999999727e+02
4.417850000000000250e+02
4.417900000000000205e+02
4.417950000000000159e+02
4.418000000000000114e+02
4.418050000000000068e+02
4.418100000000000023e+02
4.418149999999999977e+02
4.418199999999999932e+02
4.418249999999999886e+02
4.418299999999999841e+02
4.418349999999999795e+02
4.418399999999999750e+02
4.418450000000000273e+02
4.418500000000000227e+02
4.418550000000000182e+02
4.418600000000000136e+02
4.418650000000000091e+02
4.418700000000000045e+02
4.418750000000000000e+02
4.418799999999999955e+02
4.418849999999999909e+02
4.418899999999999864e+02
4.418949999999999818e+02
4.418999999999999773e+02
4.419049999999999727e+02
4.419100000000000250e+02
4.419150000000000205e+02
4.419200000000000159e+02
4.419250000000000114e+02
4.419300000000000068e+02
4.419350000000000023e+02
4.419399999999999977e+02
4.419449999999999932e+02
4.419499999999999886e+02
4.419549999999999841e+02
4.419599999999999795e+02
4.419649999999999750e+02
4.419700000000000273e+02
4.419750000000000227e+02
4.419800000000000182e+02
4.419850000000000136e+02
4.419900000000000091e+02
4.419950000000000045e+02
4.420000000000000000e+02
4.420049999999999955e+02
4.420099999999999909e+02
4.420149999999999864e+02
4.420199999999999818e+02
4.420249999999999773e+02
4.420299999999999727e+02
4.420350000000000250e+02
4.420400000000000205e+02
4.420450000000000159e+02
4.420500000000000114e+02
4.420550000000000068e+02
4.420600000000000023e+02
4.420649999999999977e+02
4.420699999999999932e+02
4.420749999999999886e+02
4.420799999999999841e+02
4.420849999999999795e+02
4.420899999999999750e+02
4.420950000000000273e+02
4.421000000000000227e+02
4.421050000000000182e+02
4.421100000000000136e+02
4.421150000000000091e+02
4.421200000000000045e+02
4.421250000000000000e+02
4.421299999999999955e+02
4.421349999999999909e+02
4.421399999999999864e+02
4.421449999999999818e+02
4.421499999999999773e+02
4.421549999999999727e+02
4.421600000000000250e+02
4.421650000000000205e+02
4.421700000000000159e+02
4.421750000000000114e+02
4.421800000000000068e+02
4.421850000000000023e+02
4.421899999999999977e+02
4.421949999999999932e+02
4.421999999999999886e+02
4.422049999999999841e+02
4.422099999999999795e+02
4.422149999999999750e+02
4.422200000000000273e+02
4.422250000000000227e+02
4.422300000000000182e+02
4.422350000000000136e+02
4.422400000000000091e+02
4.422450000000000045e+02
4.422500000000000000e+02
4.422549999999999955e+02
4.422599999999999909e+02
4.422649999999999864e+02
4.422699999999999818e+02
4.422749999999999773e+02
4.422799999999999727e+02
4.422850000000000250e+02
4.422900000000000205e+02
4.422950000000000159e+02
4.423000000000000114e+02
4.423050000000000068e+02
4.423100000000000023e+02
4.423149999999999977e+02
4.423199999999999932e+02
4.423249999999999886e+02
4.423299999999999841e+02
4.423349999999999795e+02
4.423399999999999750e+02
4.423450000000000273e+02
4.423500000000000227e+02
4.423550000000000182e+02
4.423600000000000136e+02
4.423650000000000091e+02
4.423700000000000045e+02
4.423750000000000000e+02
4.423799999999999955e+02
4.423849999999999909e+02
4.423899999999999864e+02
4.423949999999999818e+02
4.423999999999999773e+02
4.424049999999999727e+02
4.424100000000000250e+02
4.424150000000000205e+02
4.424200000000000159e+02
4.424250000000000114e+02
4.424300000000000068e+02
4.424350000000000023e+02
4.424399999999999977e+02
4.424449999999999932e+02
4.424499999999999886e+02
4.424549999999999841e+02
4.424599999999999795e+02
4.424649999999999750e+02
4.424700000000000273e+02
4.424750000000000227e+02
4.424800000000000182e+02
4.424850000000000136e+02
4.424900000000000091e+02
4.424950000000000045e+02
4.425000000000000000e+02
4.425049999999999955e+02
4.425099999999999909e+02
4.425149999999999864e+02
4.425199999999999818e+02
4.425249999999999773e+02
4.425299999999999727e+02
4.425350000000000250e+02
4.425400000000000205e+02
4.425450000000000159e+02
4.425500000000000114e+02
4.425550000000000068e+02
4.425600000000000023e+02
4.425649999999999977e+02
4.425699999999999932e+02
4.425749999999999886e+02
4.425799999999999841e+02
4.425849999999999795e+02
4.425899999999999750e+02
4.425950000000000273e+02
4.426000000000000227e+02
4.426050000000000182e+02
4.426100000000000136e+02
4.426150000000000091e+02
4.426200000000000045e+02
4.426250000000000000e+02
4.426299999999999955e+02
4.426349999999999909e+02
4.426399999999999864e+02
4.426449999999999818e+02
4.426499999999999773e+02
4.426549999999999727e+02
4.426600000000000250e+02
4.426650000000000205e+02
4.426700000000000159e+02
4.426750000000000114e+02
4.426800000000000068e+02
4.426850000000000023e+02
4.426899999999999977e+02
4.426949999999999932e+02
4.426999999999999886e+02
4.427049999999999841e+02
4.427099999999999795e+02
4.427149999999999750e+02
4.427200000000000273e+02
4.427250000000000227e+02
4.427300000000000182e+02
4.427350000000000136e+02
4.427400000000000091e+02
4.427450000000000045e+02
4.427500000000000000e+02
4.427549999999999955e+02
4.427599999999999909e+02
4.427649999999999864e+02
4.427699999999999818e+02
4.427749999999999773e+02
4.427799999999999727e+02
4.427850000000000250e+02
4.427900000000000205e+02
4.427950000000000159e+02
4.428000000000000114e+02
4.428050000000000068e+02
4.428100000000000023e+02
4.428149999999999977e+02
4.428199999999999932e+02
4.428249999999999886e+02
4.428299999999999841e+02
4.428349999999999795e+02
4.428399999999999750e+02
4.428450000000000273e+02
4.428500000000000227e+02
4.428550000000000182e+02
4.428600000000000136e+02
4.428650000000000091e+02
4.428700000000000045e+02
4.428750000000000000e+02
4.428799999999999955e+02
4.428849999999999909e+02
4.428899999999999864e+02
4.428949999999999818e+02
4.428999999999999773e+02
4.429049999999999727e+02
4.429100000000000250e+02
4.429150000000000205e+02
4.429200000000000159e+02
4.429250000000000114e+02
4.429300000000000068e+02
4.429350000000000023e+02
4.429399999999999977e+02
4.429449999999999932e+02
4.429499999999999886e+02
4.429549999999999841e+02
4.429599999999999795e+02
4.429649999999999750e+02
4.429700000000000273e+02
4.429750000000000227e+02
4.429800000000000182e+02
4.429850000000000136e+02
4.429900000000000091e+02
4.429950000000000045e+02
4.430000000000000000e+02
4.430049999999999955e+02
4.430099999999999909e+02
4.430149999999999864e+02
4.430199999999999818e+02
4.430249999999999773e+02
4.430299999999999727e+02
4.430350000000000250e+02
4.430400000000000205e+02
4.430450000000000159e+02
4.430500000000000114e+02
4.430550000000000068e+02
4.430600000000000023e+02
4.430649999999999977e+02
4.430699999999999932e+02
4.430749999999999886e+02
4.430799999999999841e+02
4.430849999999999795e+02
4.430899999999999750e+02
4.430950000000000273e+02
4.431000000000000227e+02
4.431050000000000182e+02
4.431100000000000136e+02
4.431150000000000091e+02
4.431200000000000045e+02
4.431250000000000000e+02
4.431299999999999955e+02
4.431349999999999909e+02
4.431399999999999864e+02
4.431449999999999818e+02
4.431499999999999773e+02
4.431549999999999727e+02
4.431600000000000250e+02
4.431650000000000205e+02
4.431700000000000159e+02
4.431750000000000114e+02
4.431800000000000068e+02
4.431850000000000023e+02
4.431899999999999977e+02
4.431949999999999932e+02
4.431999999999999886e+02
4.432049999999999841e+02
4.432099999999999795e+02
4.432149999999999750e+02
4.432200000000000273e+02
4.432250000000000227e+02
4.432300000000000182e+02
4.432350000000000136e+02
4.432400000000000091e+02
4.432450000000000045e+02
4.432500000000000000e+02
4.432549999999999955e+02
4.432599999999999909e+02
4.432649999999999864e+02
4.432699999999999818e+02
4.432749999999999773e+02
4.432799999999999727e+02
4.432850000000000250e+02
4.432900000000000205e+02
4.432950000000000159e+02
4.433000000000000114e+02
4.433050000000000068e+02
4.433100000000000023e+02
4.433149999999999977e+02
4.433199999999999932e+02
4.433249999999999886e+02
4.433299999999999841e+02
4.433349999999999795e+02
4.433399999999999750e+02
4.433450000000000273e+02
4.433500000000000227e+02
4.433550000000000182e+02
4.433600000000000136e+02
4.433650000000000091e+02
4.433700000000000045e+02
4.433750000000000000e+02
4.433799999999999955e+02
4.433849999999999909e+02
4.433899999999999864e+02
4.433949999999999818e+02
4.433999999999999773e+02
4.434049999999999727e+02
4.434100000000000250e+02
4.434150000000000205e+02
4.434200000000000159e+02
4.434250000000000114e+02
4.434300000000000068e+02
4.434350000000000023e+02
4.434399999999999977e+02
4.434449999999999932e+02
4.434499999999999886e+02
4.434549999999999841e+02
4.434599999999999795e+02
4.434649999999999750e+02
4.434700000000000273e+02
4.434750000000000227e+02
4.434800000000000182e+02
4.434850000000000136e+02
4.434900000000000091e+02
4.434950000000000045e+02
4.435000000000000000e+02
4.435049999999999955e+02
4.435099999999999909e+02
4.435149999999999864e+02
4.435199999999999818e+02
4.435249999999999773e+02
4.435299999999999727e+02
4.435350000000000250e+02
4.435400000000000205e+02
4.435450000000000159e+02
4.435500000000000114e+02
4.435550000000000068e+02
4.435600000000000023e+02
4.435649999999999977e+02
4.435699999999999932e+02
4.435749999999999886e+02
4.435799999999999841e+02
4.435849999999999795e+02
4.435899999999999750e+02
4.435950000000000273e+02
4.436000000000000227e+02
4.436050000000000182e+02
4.436100000000000136e+02
4.436150000000000091e+02
4.436200000000000045e+02
4.436250000000000000e+02
4.436299999999999955e+02
4.436349999999999909e+02
4.436399999999999864e+02
4.436449999999999818e+02
4.436499999999999773e+02
4.436549999999999727e+02
4.436600000000000250e+02
4.436650000000000205e+02
4.436700000000000159e+02
4.436750000000000114e+02
4.436800000000000068e+02
4.436850000000000023e+02
4.436899999999999977e+02
4.436949999999999932e+02
4.436999999999999886e+02
4.437049999999999841e+02
4.437099999999999795e+02
4.437149999999999750e+02
4.437200000000000273e+02
4.437250000000000227e+02
4.437300000000000182e+02
4.437350000000000136e+02
4.437400000000000091e+02
4.437450000000000045e+02
4.437500000000000000e+02
4.437549999999999955e+02
4.437599999999999909e+02
4.437649999999999864e+02
4.437699999999999818e+02
4.437749999999999773e+02
4.437799999999999727e+02
4.437850000000000250e+02
4.437900000000000205e+02
4.437950000000000159e+02
4.438000000000000114e+02
4.438050000000000068e+02
4.438100000000000023e+02
4.438149999999999977e+02
4.438199999999999932e+02
4.438249999999999886e+02
4.438299999999999841e+02
4.438349999999999795e+02
4.438399999999999750e+02
4.438450000000000273e+02
4.438500000000000227e+02
4.438550000000000182e+02
4.438600000000000136e+02
4.438650000000000091e+02
4.438700000000000045e+02
4.438750000000000000e+02
4.438799999999999955e+02
4.438849999999999909e+02
4.438899999999999864e+02
4.438949999999999818e+02
4.438999999999999773e+02
4.439049999999999727e+02
4.439100000000000250e+02
4.439150000000000205e+02
4.439200000000000159e+02
4.439250000000000114e+02
4.439300000000000068e+02
4.439350000000000023e+02
4.439399999999999977e+02
4.439449999999999932e+02
4.439499999999999886e+02
4.439549999999999841e+02
4.439599999999999795e+02
4.439649999999999750e+02
4.439700000000000273e+02
4.439750000000000227e+02
4.439800000000000182e+02
4.439850000000000136e+02
4.439900000000000091e+02
4.439950000000000045e+02
4.440000000000000000e+02
4.440049999999999955e+02
4.440099999999999909e+02
4.440149999999999864e+02
4.440199999999999818e+02
4.440249999999999773e+02
4.440299999999999727e+02
4.440350000000000250e+02
4.440400000000000205e+02
4.440450000000000159e+02
4.440500000000000114e+02
4.440550000000000068e+02
4.440600000000000023e+02
4.440649999999999977e+02
4.440699999999999932e+02
4.440749999999999886e+02
4.440799999999999841e+02
4.440849999999999795e+02
4.440899999999999750e+02
4.440950000000000273e+02
4.441000000000000227e+02
4.441050000000000182e+02
4.441100000000000136e+02
4.441150000000000091e+02
4.441200000000000045e+02
4.441250000000000000e+02
4.441299999999999955e+02
4.441349999999999909e+02
4.441399999999999864e+02
4.441449999999999818e+02
4.441499999999999773e+02
4.441549999999999727e+02
4.441600000000000250e+02
4.441650000000000205e+02
4.441700000000000159e+02
4.441750000000000114e+02
4.441800000000000068e+02
4.441850000000000023e+02
4.441899999999999977e+02
4.441949999999999932e+02
4.441999999999999886e+02
4.442049999999999841e+02
4.442099999999999795e+02
4.442149999999999750e+02
4.442200000000000273e+02
4.442250000000000227e+02
4.442300000000000182e+02
4.442350000000000136e+02
4.442400000000000091e+02
4.442450000000000045e+02
4.442500000000000000e+02
4.442549999999999955e+02
4.442599999999999909e+02
4.442649999999999864e+02
4.442699999999999818e+02
4.442749999999999773e+02
4.442799999999999727e+02
4.442850000000000250e+02
4.442900000000000205e+02
4.442950000000000159e+02
4.443000000000000114e+02
4.443050000000000068e+02
4.443100000000000023e+02
4.443149999999999977e+02
4.443199999999999932e+02
4.443249999999999886e+02
4.443299999999999841e+02
4.443349999999999795e+02
4.443399999999999750e+02
4.443450000000000273e+02
4.443500000000000227e+02
4.443550000000000182e+02
4.443600000000000136e+02
4.443650000000000091e+02
4.443700000000000045e+02
4.443750000000000000e+02
4.443799999999999955e+02
4.443849999999999909e+02
4.443899999999999864e+02
4.443949999999999818e+02
4.443999999999999773e+02
4.444049999999999727e+02
4.444100000000000250e+02
4.444150000000000205e+02
4.444200000000000159e+02
4.444250000000000114e+02
4.444300000000000068e+02
4.444350000000000023e+02
4.444399999999999977e+02
4.444449999999999932e+02
4.444499999999999886e+02
4.444549999999999841e+02
4.444599999999999795e+02
4.444649999999999750e+02
4.444700000000000273e+02
4.444750000000000227e+02
4.444800000000000182e+02
4.444850000000000136e+02
4.444900000000000091e+02
4.444950000000000045e+02
4.445000000000000000e+02
4.445049999999999955e+02
4.445099999999999909e+02
4.445149999999999864e+02
4.445199999999999818e+02
4.445249999999999773e+02
4.445299999999999727e+02
4.445350000000000250e+02
4.445400000000000205e+02
4.445450000000000159e+02
4.445500000000000114e+02
4.445550000000000068e+02
4.445600000000000023e+02
4.445649999999999977e+02
4.445699999999999932e+02
4.445749999999999886e+02
4.445799999999999841e+02
4.445849999999999795e+02
4.445899999999999750e+02
4.445950000000000273e+02
4.446000000000000227e+02
4.446050000000000182e+02
4.446100000000000136e+02
4.446150000000000091e+02
4.446200000000000045e+02
4.446250000000000000e+02
4.446299999999999955e+02
4.446349999999999909e+02
4.446399999999999864e+02
4.446449999999999818e+02
4.446499999999999773e+02
4.446549999999999727e+02
4.446600000000000250e+02
4.446650000000000205e+02
4.446700000000000159e+02
4.446750000000000114e+02
4.446800000000000068e+02
4.446850000000000023e+02
4.446899999999999977e+02
4.446949999999999932e+02
4.446999999999999886e+02
4.447049999999999841e+02
4.447099999999999795e+02
4.447149999999999750e+02
4.447200000000000273e+02
4.447250000000000227e+02
4.447300000000000182e+02
4.447350000000000136e+02
4.447400000000000091e+02
4.447450000000000045e+02
4.447500000000000000e+02
4.447549999999999955e+02
4.447599999999999909e+02
4.447649999999999864e+02
4.447699999999999818e+02
4.447749999999999773e+02
4.447799999999999727e+02
4.447850000000000250e+02
4.447900000000000205e+02
4.447950000000000159e+02
4.448000000000000114e+02
4.448050000000000068e+02
4.448100000000000023e+02
4.448149999999999977e+02
4.448199999999999932e+02
4.448249999999999886e+02
4.448299999999999841e+02
4.448349999999999795e+02
4.448399999999999750e+02
4.448450000000000273e+02
4.448500000000000227e+02
4.448550000000000182e+02
4.448600000000000136e+02
4.448650000000000091e+02
4.448700000000000045e+02
4.448750000000000000e+02
4.448799999999999955e+02
4.448849999999999909e+02
4.448899999999999864e+02
4.448949999999999818e+02
4.448999999999999773e+02
4.449049999999999727e+02
4.449100000000000250e+02
4.449150000000000205e+02
4.449200000000000159e+02
4.449250000000000114e+02
4.449300000000000068e+02
4.449350000000000023e+02
4.449399999999999977e+02
4.449449999999999932e+02
4.449499999999999886e+02
4.449549999999999841e+02
4.449599999999999795e+02
4.449649999999999750e+02
4.449700000000000273e+02
4.449750000000000227e+02
4.449800000000000182e+02
4.449850000000000136e+02
4.449900000000000091e+02
4.449950000000000045e+02
4.450000000000000000e+02
4.450049999999999955e+02
4.450099999999999909e+02
4.450149999999999864e+02
4.450199999999999818e+02
4.450249999999999773e+02
4.450299999999999727e+02
4.450350000000000250e+02
4.450400000000000205e+02
4.450450000000000159e+02
4.450500000000000114e+02
4.450550000000000068e+02
4.450600000000000023e+02
4.450649999999999977e+02
4.450699999999999932e+02
4.450749999999999886e+02
4.450799999999999841e+02
4.450849999999999795e+02
4.450899999999999750e+02
4.450950000000000273e+02
4.451000000000000227e+02
4.451050000000000182e+02
4.451100000000000136e+02
4.451150000000000091e+02
4.451200000000000045e+02
4.451250000000000000e+02
4.451299999999999955e+02
4.451349999999999909e+02
4.451399999999999864e+02
4.451449999999999818e+02
4.451499999999999773e+02
4.451549999999999727e+02
4.451600000000000250e+02
4.451650000000000205e+02
4.451700000000000159e+02
4.451750000000000114e+02
4.451800000000000068e+02
4.451850000000000023e+02
4.451899999999999977e+02
4.451949999999999932e+02
4.451999999999999886e+02
4.452049999999999841e+02
4.452099999999999795e+02
4.452149999999999750e+02
4.452200000000000273e+02
4.452250000000000227e+02
4.452300000000000182e+02
4.452350000000000136e+02
4.452400000000000091e+02
4.452450000000000045e+02
4.452500000000000000e+02
4.452549999999999955e+02
4.452599999999999909e+02
4.452649999999999864e+02
4.452699999999999818e+02
4.452749999999999773e+02
4.452799999999999727e+02
4.452850000000000250e+02
4.452900000000000205e+02
4.452950000000000159e+02
4.453000000000000114e+02
4.453050000000000068e+02
4.453100000000000023e+02
4.453149999999999977e+02
4.453199999999999932e+02
4.453249999999999886e+02
4.453299999999999841e+02
4.453349999999999795e+02
4.453399999999999750e+02
4.453450000000000273e+02
4.453500000000000227e+02
4.453550000000000182e+02
4.453600000000000136e+02
4.453650000000000091e+02
4.453700000000000045e+02
4.453750000000000000e+02
4.453799999999999955e+02
4.453849999999999909e+02
4.453899999999999864e+02
4.453949999999999818e+02
4.453999999999999773e+02
4.454049999999999727e+02
4.454100000000000250e+02
4.454150000000000205e+02
4.454200000000000159e+02
4.454250000000000114e+02
4.454300000000000068e+02
4.454350000000000023e+02
4.454399999999999977e+02
4.454449999999999932e+02
4.454499999999999886e+02
4.454549999999999841e+02
4.454599999999999795e+02
4.454649999999999750e+02
4.454700000000000273e+02
4.454750000000000227e+02
4.454800000000000182e+02
4.454850000000000136e+02
4.454900000000000091e+02
4.454950000000000045e+02
4.455000000000000000e+02
4.455049999999999955e+02
4.455099999999999909e+02
4.455149999999999864e+02
4.455199999999999818e+02
4.455249999999999773e+02
4.455299999999999727e+02
4.455350000000000250e+02
4.455400000000000205e+02
4.455450000000000159e+02
4.455500000000000114e+02
4.455550000000000068e+02
4.455600000000000023e+02
4.455649999999999977e+02
4.455699999999999932e+02
4.455749999999999886e+02
4.455799999999999841e+02
4.455849999999999795e+02
4.455899999999999750e+02
4.455950000000000273e+02
4.456000000000000227e+02
4.456050000000000182e+02
4.456100000000000136e+02
4.456150000000000091e+02
4.456200000000000045e+02
4.456250000000000000e+02
4.456299999999999955e+02
4.456349999999999909e+02
4.456399999999999864e+02
4.456449999999999818e+02
4.456499999999999773e+02
4.456549999999999727e+02
4.456600000000000250e+02
4.456650000000000205e+02
4.456700000000000159e+02
4.456750000000000114e+02
4.456800000000000068e+02
4.456850000000000023e+02
4.456899999999999977e+02
4.456949999999999932e+02
4.456999999999999886e+02
4.457049999999999841e+02
4.457099999999999795e+02
4.457149999999999750e+02
4.457200000000000273e+02
4.457250000000000227e+02
4.457300000000000182e+02
4.457350000000000136e+02
4.457400000000000091e+02
4.457450000000000045e+02
4.457500000000000000e+02
4.457549999999999955e+02
4.457599999999999909e+02
4.457649999999999864e+02
4.457699999999999818e+02
4.457749999999999773e+02
4.457799999999999727e+02
4.457850000000000250e+02
4.457900000000000205e+02
4.457950000000000159e+02
4.458000000000000114e+02
4.458050000000000068e+02
4.458100000000000023e+02
4.458149999999999977e+02
4.458199999999999932e+02
4.458249999999999886e+02
4.458299999999999841e+02
4.458349999999999795e+02
4.458399999999999750e+02
4.458450000000000273e+02
4.458500000000000227e+02
4.458550000000000182e+02
4.458600000000000136e+02
4.458650000000000091e+02
4.458700000000000045e+02
4.458750000000000000e+02
4.458799999999999955e+02
4.458849999999999909e+02
4.458899999999999864e+02
4.458949999999999818e+02
4.458999999999999773e+02
4.459049999999999727e+02
4.459100000000000250e+02
4.459150000000000205e+02
4.459200000000000159e+02
4.459250000000000114e+02
4.459300000000000068e+02
4.459350000000000023e+02
4.459399999999999977e+02
4.459449999999999932e+02
4.459499999999999886e+02
4.459549999999999841e+02
4.459599999999999795e+02
4.459649999999999750e+02
4.459700000000000273e+02
4.459750000000000227e+02
4.459800000000000182e+02
4.459850000000000136e+02
4.459900000000000091e+02
4.459950000000000045e+02
4.460000000000000000e+02
4.460049999999999955e+02
4.460099999999999909e+02
4.460149999999999864e+02
4.460199999999999818e+02
4.460249999999999773e+02
4.460299999999999727e+02
4.460350000000000250e+02
4.460400000000000205e+02
4.460450000000000159e+02
4.460500000000000114e+02
4.460550000000000068e+02
4.460600000000000023e+02
4.460649999999999977e+02
4.460699999999999932e+02
4.460749999999999886e+02
4.460799999999999841e+02
4.460849999999999795e+02
4.460899999999999750e+02
4.460950000000000273e+02
4.461000000000000227e+02
4.461050000000000182e+02
4.461100000000000136e+02
4.461150000000000091e+02
4.461200000000000045e+02
4.461250000000000000e+02
4.461299999999999955e+02
4.461349999999999909e+02
4.461399999999999864e+02
4.461449999999999818e+02
4.461499999999999773e+02
4.461549999999999727e+02
4.461600000000000250e+02
4.461650000000000205e+02
4.461700000000000159e+02
4.461750000000000114e+02
4.461800000000000068e+02
4.461850000000000023e+02
4.461899999999999977e+02
4.461949999999999932e+02
4.461999999999999886e+02
4.462049999999999841e+02
4.462099999999999795e+02
4.462149999999999750e+02
4.462200000000000273e+02
4.462250000000000227e+02
4.462300000000000182e+02
4.462350000000000136e+02
4.462400000000000091e+02
4.462450000000000045e+02
4.462500000000000000e+02
4.462549999999999955e+02
4.462599999999999909e+02
4.462649999999999864e+02
4.462699999999999818e+02
4.462749999999999773e+02
4.462799999999999727e+02
4.462850000000000250e+02
4.462900000000000205e+02
4.462950000000000159e+02
4.463000000000000114e+02
4.463050000000000068e+02
4.463100000000000023e+02
4.463149999999999977e+02
4.463199999999999932e+02
4.463249999999999886e+02
4.463299999999999841e+02
4.463349999999999795e+02
4.463399999999999750e+02
4.463450000000000273e+02
4.463500000000000227e+02
4.463550000000000182e+02
4.463600000000000136e+02
4.463650000000000091e+02
4.463700000000000045e+02
4.463750000000000000e+02
4.463799999999999955e+02
4.463849999999999909e+02
4.463899999999999864e+02
4.463949999999999818e+02
4.463999999999999773e+02
4.464049999999999727e+02
4.464100000000000250e+02
4.464150000000000205e+02
4.464200000000000159e+02
4.464250000000000114e+02
4.464300000000000068e+02
4.464350000000000023e+02
4.464399999999999977e+02
4.464449999999999932e+02
4.464499999999999886e+02
4.464549999999999841e+02
4.464599999999999795e+02
4.464649999999999750e+02
4.464700000000000273e+02
4.464750000000000227e+02
4.464800000000000182e+02
4.464850000000000136e+02
4.464900000000000091e+02
4.464950000000000045e+02
4.465000000000000000e+02
4.465049999999999955e+02
4.465099999999999909e+02
4.465149999999999864e+02
4.465199999999999818e+02
4.465249999999999773e+02
4.465299999999999727e+02
4.465350000000000250e+02
4.465400000000000205e+02
4.465450000000000159e+02
4.465500000000000114e+02
4.465550000000000068e+02
4.465600000000000023e+02
4.465649999999999977e+02
4.465699999999999932e+02
4.465749999999999886e+02
4.465799999999999841e+02
4.465849999999999795e+02
4.465899999999999750e+02
4.465950000000000273e+02
4.466000000000000227e+02
4.466050000000000182e+02
4.466100000000000136e+02
4.466150000000000091e+02
4.466200000000000045e+02
4.466250000000000000e+02
4.466299999999999955e+02
4.466349999999999909e+02
4.466399999999999864e+02
4.466449999999999818e+02
4.466499999999999773e+02
4.466549999999999727e+02
4.466600000000000250e+02
4.466650000000000205e+02
4.466700000000000159e+02
4.466750000000000114e+02
4.466800000000000068e+02
4.466850000000000023e+02
4.466899999999999977e+02
4.466949999999999932e+02
4.466999999999999886e+02
4.467049999999999841e+02
4.467099999999999795e+02
4.467149999999999750e+02
4.467200000000000273e+02
4.467250000000000227e+02
4.467300000000000182e+02
4.467350000000000136e+02
4.467400000000000091e+02
4.467450000000000045e+02
4.467500000000000000e+02
4.467549999999999955e+02
4.467599999999999909e+02
4.467649999999999864e+02
4.467699999999999818e+02
4.467749999999999773e+02
4.467799999999999727e+02
4.467850000000000250e+02
4.467900000000000205e+02
4.467950000000000159e+02
4.468000000000000114e+02
4.468050000000000068e+02
4.468100000000000023e+02
4.468149999999999977e+02
4.468199999999999932e+02
4.468249999999999886e+02
4.468299999999999841e+02
4.468349999999999795e+02
4.468399999999999750e+02
4.468450000000000273e+02
4.468500000000000227e+02
4.468550000000000182e+02
4.468600000000000136e+02
4.468650000000000091e+02
4.468700000000000045e+02
4.468750000000000000e+02
4.468799999999999955e+02
4.468849999999999909e+02
4.468899999999999864e+02
4.468949999999999818e+02
4.468999999999999773e+02
4.469049999999999727e+02
4.469100000000000250e+02
4.469150000000000205e+02
4.469200000000000159e+02
4.469250000000000114e+02
4.469300000000000068e+02
4.469350000000000023e+02
4.469399999999999977e+02
4.469449999999999932e+02
4.469499999999999886e+02
4.469549999999999841e+02
4.469599999999999795e+02
4.469649999999999750e+02
4.469700000000000273e+02
4.469750000000000227e+02
4.469800000000000182e+02
4.469850000000000136e+02
4.469900000000000091e+02
4.469950000000000045e+02
4.470000000000000000e+02
4.470049999999999955e+02
4.470099999999999909e+02
4.470149999999999864e+02
4.470199999999999818e+02
4.470249999999999773e+02
4.470299999999999727e+02
4.470350000000000250e+02
4.470400000000000205e+02
4.470450000000000159e+02
4.470500000000000114e+02
4.470550000000000068e+02
4.470600000000000023e+02
4.470649999999999977e+02
4.470699999999999932e+02
4.470749999999999886e+02
4.470799999999999841e+02
4.470849999999999795e+02
4.470899999999999750e+02
4.470950000000000273e+02
4.471000000000000227e+02
4.471050000000000182e+02
4.471100000000000136e+02
4.471150000000000091e+02
4.471200000000000045e+02
4.471250000000000000e+02
4.471299999999999955e+02
4.471349999999999909e+02
4.471399999999999864e+02
4.471449999999999818e+02
4.471499999999999773e+02
4.471549999999999727e+02
4.471600000000000250e+02
4.471650000000000205e+02
4.471700000000000159e+02
4.471750000000000114e+02
4.471800000000000068e+02
4.471850000000000023e+02
4.471899999999999977e+02
4.471949999999999932e+02
4.471999999999999886e+02
4.472049999999999841e+02
4.472099999999999795e+02
4.472149999999999750e+02
4.472200000000000273e+02
4.472250000000000227e+02
4.472300000000000182e+02
4.472350000000000136e+02
4.472400000000000091e+02
4.472450000000000045e+02
4.472500000000000000e+02
4.472549999999999955e+02
4.472599999999999909e+02
4.472649999999999864e+02
4.472699999999999818e+02
4.472749999999999773e+02
4.472799999999999727e+02
4.472850000000000250e+02
4.472900000000000205e+02
4.472950000000000159e+02
4.473000000000000114e+02
4.473050000000000068e+02
4.473100000000000023e+02
4.473149999999999977e+02
4.473199999999999932e+02
4.473249999999999886e+02
4.473299999999999841e+02
4.473349999999999795e+02
4.473399999999999750e+02
4.473450000000000273e+02
4.473500000000000227e+02
4.473550000000000182e+02
4.473600000000000136e+02
4.473650000000000091e+02
4.473700000000000045e+02
4.473750000000000000e+02
4.473799999999999955e+02
4.473849999999999909e+02
4.473899999999999864e+02
4.473949999999999818e+02
4.473999999999999773e+02
4.474049999999999727e+02
4.474100000000000250e+02
4.474150000000000205e+02
4.474200000000000159e+02
4.474250000000000114e+02
4.474300000000000068e+02
4.474350000000000023e+02
4.474399999999999977e+02
4.474449999999999932e+02
4.474499999999999886e+02
4.474549999999999841e+02
4.474599999999999795e+02
4.474649999999999750e+02
4.474700000000000273e+02
4.474750000000000227e+02
4.474800000000000182e+02
4.474850000000000136e+02
4.474900000000000091e+02
4.474950000000000045e+02
4.475000000000000000e+02
4.475049999999999955e+02
4.475099999999999909e+02
4.475149999999999864e+02
4.475199999999999818e+02
4.475249999999999773e+02
4.475299999999999727e+02
4.475350000000000250e+02
4.475400000000000205e+02
4.475450000000000159e+02
4.475500000000000114e+02
4.475550000000000068e+02
4.475600000000000023e+02
4.475649999999999977e+02
4.475699999999999932e+02
4.475749999999999886e+02
4.475799999999999841e+02
4.475849999999999795e+02
4.475899999999999750e+02
4.475950000000000273e+02
4.476000000000000227e+02
4.476050000000000182e+02
4.476100000000000136e+02
4.476150000000000091e+02
4.476200000000000045e+02
4.476250000000000000e+02
4.476299999999999955e+02
4.476349999999999909e+02
4.476399999999999864e+02
4.476449999999999818e+02
4.476499999999999773e+02
4.476549999999999727e+02
4.476600000000000250e+02
4.476650000000000205e+02
4.476700000000000159e+02
4.476750000000000114e+02
4.476800000000000068e+02
4.476850000000000023e+02
4.476899999999999977e+02
4.476949999999999932e+02
4.476999999999999886e+02
4.477049999999999841e+02
4.477099999999999795e+02
4.477149999999999750e+02
4.477200000000000273e+02
4.477250000000000227e+02
4.477300000000000182e+02
4.477350000000000136e+02
4.477400000000000091e+02
4.477450000000000045e+02
4.477500000000000000e+02
4.477549999999999955e+02
4.477599999999999909e+02
4.477649999999999864e+02
4.477699999999999818e+02
4.477749999999999773e+02
4.477799999999999727e+02
4.477850000000000250e+02
4.477900000000000205e+02
4.477950000000000159e+02
4.478000000000000114e+02
4.478050000000000068e+02
4.478100000000000023e+02
4.478149999999999977e+02
4.478199999999999932e+02
4.478249999999999886e+02
4.478299999999999841e+02
4.478349999999999795e+02
4.478399999999999750e+02
4.478450000000000273e+02
4.478500000000000227e+02
4.478550000000000182e+02
4.478600000000000136e+02
4.478650000000000091e+02
4.478700000000000045e+02
4.478750000000000000e+02
4.478799999999999955e+02
4.478849999999999909e+02
4.478899999999999864e+02
4.478949999999999818e+02
4.478999999999999773e+02
4.479049999999999727e+02
4.479100000000000250e+02
4.479150000000000205e+02
4.479200000000000159e+02
4.479250000000000114e+02
4.479300000000000068e+02
4.479350000000000023e+02
4.479399999999999977e+02
4.479449999999999932e+02
4.479499999999999886e+02
4.479549999999999841e+02
4.479599999999999795e+02
4.479649999999999750e+02
4.479700000000000273e+02
4.479750000000000227e+02
4.479800000000000182e+02
4.479850000000000136e+02
4.479900000000000091e+02
4.479950000000000045e+02
4.480000000000000000e+02
4.480049999999999955e+02
4.480099999999999909e+02
4.480149999999999864e+02
4.480199999999999818e+02
4.480249999999999773e+02
4.480299999999999727e+02
4.480350000000000250e+02
4.480400000000000205e+02
4.480450000000000159e+02
4.480500000000000114e+02
4.480550000000000068e+02
4.480600000000000023e+02
4.480649999999999977e+02
4.480699999999999932e+02
4.480749999999999886e+02
4.480799999999999841e+02
4.480849999999999795e+02
4.480899999999999750e+02
4.480950000000000273e+02
4.481000000000000227e+02
4.481050000000000182e+02
4.481100000000000136e+02
4.481150000000000091e+02
4.481200000000000045e+02
4.481250000000000000e+02
4.481299999999999955e+02
4.481349999999999909e+02
4.481399999999999864e+02
4.481449999999999818e+02
4.481499999999999773e+02
4.481549999999999727e+02
4.481600000000000250e+02
4.481650000000000205e+02
4.481700000000000159e+02
4.481750000000000114e+02
4.481800000000000068e+02
4.481850000000000023e+02
4.481899999999999977e+02
4.481949999999999932e+02
4.481999999999999886e+02
4.482049999999999841e+02
4.482099999999999795e+02
4.482149999999999750e+02
4.482200000000000273e+02
4.482250000000000227e+02
4.482300000000000182e+02
4.482350000000000136e+02
4.482400000000000091e+02
4.482450000000000045e+02
4.482500000000000000e+02
4.482549999999999955e+02
4.482599999999999909e+02
4.482649999999999864e+02
4.482699999999999818e+02
4.482749999999999773e+02
4.482799999999999727e+02
4.482850000000000250e+02
4.482900000000000205e+02
4.482950000000000159e+02
4.483000000000000114e+02
4.483050000000000068e+02
4.483100000000000023e+02
4.483149999999999977e+02
4.483199999999999932e+02
4.483249999999999886e+02
4.483299999999999841e+02
4.483349999999999795e+02
4.483399999999999750e+02
4.483450000000000273e+02
4.483500000000000227e+02
4.483550000000000182e+02
4.483600000000000136e+02
4.483650000000000091e+02
4.483700000000000045e+02
4.483750000000000000e+02
4.483799999999999955e+02
4.483849999999999909e+02
4.483899999999999864e+02
4.483949999999999818e+02
4.483999999999999773e+02
4.484049999999999727e+02
4.484100000000000250e+02
4.484150000000000205e+02
4.484200000000000159e+02
4.484250000000000114e+02
4.484300000000000068e+02
4.484350000000000023e+02
4.484399999999999977e+02
4.484449999999999932e+02
4.484499999999999886e+02
4.484549999999999841e+02
4.484599999999999795e+02
4.484649999999999750e+02
4.484700000000000273e+02
4.484750000000000227e+02
4.484800000000000182e+02
4.484850000000000136e+02
4.484900000000000091e+02
4.484950000000000045e+02
4.485000000000000000e+02
4.485049999999999955e+02
4.485099999999999909e+02
4.485149999999999864e+02
4.485199999999999818e+02
4.485249999999999773e+02
4.485299999999999727e+02
4.485350000000000250e+02
4.485400000000000205e+02
4.485450000000000159e+02
4.485500000000000114e+02
4.485550000000000068e+02
4.485600000000000023e+02
4.485649999999999977e+02
4.485699999999999932e+02
4.485749999999999886e+02
4.485799999999999841e+02
4.485849999999999795e+02
4.485899999999999750e+02
4.485950000000000273e+02
4.486000000000000227e+02
4.486050000000000182e+02
4.486100000000000136e+02
4.486150000000000091e+02
4.486200000000000045e+02
4.486250000000000000e+02
4.486299999999999955e+02
4.486349999999999909e+02
4.486399999999999864e+02
4.486449999999999818e+02
4.486499999999999773e+02
4.486549999999999727e+02
4.486600000000000250e+02
4.486650000000000205e+02
4.486700000000000159e+02
4.486750000000000114e+02
4.486800000000000068e+02
4.486850000000000023e+02
4.486899999999999977e+02
4.486949999999999932e+02
4.486999999999999886e+02
4.487049999999999841e+02
4.487099999999999795e+02
4.487149999999999750e+02
4.487200000000000273e+02
4.487250000000000227e+02
4.487300000000000182e+02
4.487350000000000136e+02
4.487400000000000091e+02
4.487450000000000045e+02
4.487500000000000000e+02
4.487549999999999955e+02
4.487599999999999909e+02
4.487649999999999864e+02
4.487699999999999818e+02
4.487749999999999773e+02
4.487799999999999727e+02
4.487850000000000250e+02
4.487900000000000205e+02
4.487950000000000159e+02
4.488000000000000114e+02
4.488050000000000068e+02
4.488100000000000023e+02
4.488149999999999977e+02
4.488199999999999932e+02
4.488249999999999886e+02
4.488299999999999841e+02
4.488349999999999795e+02
4.488399999999999750e+02
4.488450000000000273e+02
4.488500000000000227e+02
4.488550000000000182e+02
4.488600000000000136e+02
4.488650000000000091e+02
4.488700000000000045e+02
4.488750000000000000e+02
4.488799999999999955e+02
4.488849999999999909e+02
4.488899999999999864e+02
4.488949999999999818e+02
4.488999999999999773e+02
4.489049999999999727e+02
4.489100000000000250e+02
4.489150000000000205e+02
4.489200000000000159e+02
4.489250000000000114e+02
4.489300000000000068e+02
4.489350000000000023e+02
4.489399999999999977e+02
4.489449999999999932e+02
4.489499999999999886e+02
4.489549999999999841e+02
4.489599999999999795e+02
4.489649999999999750e+02
4.489700000000000273e+02
4.489750000000000227e+02
4.489800000000000182e+02
4.489850000000000136e+02
4.489900000000000091e+02
4.489950000000000045e+02
4.490000000000000000e+02
4.490049999999999955e+02
4.490099999999999909e+02
4.490149999999999864e+02
4.490199999999999818e+02
4.490249999999999773e+02
4.490299999999999727e+02
4.490350000000000250e+02
4.490400000000000205e+02
4.490450000000000159e+02
4.490500000000000114e+02
4.490550000000000068e+02
4.490600000000000023e+02
4.490649999999999977e+02
4.490699999999999932e+02
4.490749999999999886e+02
4.490799999999999841e+02
4.490849999999999795e+02
4.490899999999999750e+02
4.490950000000000273e+02
4.491000000000000227e+02
4.491050000000000182e+02
4.491100000000000136e+02
4.491150000000000091e+02
4.491200000000000045e+02
4.491250000000000000e+02
4.491299999999999955e+02
4.491349999999999909e+02
4.491399999999999864e+02
4.491449999999999818e+02
4.491499999999999773e+02
4.491549999999999727e+02
4.491600000000000250e+02
4.491650000000000205e+02
4.491700000000000159e+02
4.491750000000000114e+02
4.491800000000000068e+02
4.491850000000000023e+02
4.491899999999999977e+02
4.491949999999999932e+02
4.491999999999999886e+02
4.492049999999999841e+02
4.492099999999999795e+02
4.492149999999999750e+02
4.492200000000000273e+02
4.492250000000000227e+02
4.492300000000000182e+02
4.492350000000000136e+02
4.492400000000000091e+02
4.492450000000000045e+02
4.492500000000000000e+02
4.492549999999999955e+02
4.492599999999999909e+02
4.492649999999999864e+02
4.492699999999999818e+02
4.492749999999999773e+02
4.492799999999999727e+02
4.492850000000000250e+02
4.492900000000000205e+02
4.492950000000000159e+02
4.493000000000000114e+02
4.493050000000000068e+02
4.493100000000000023e+02
4.493149999999999977e+02
4.493199999999999932e+02
4.493249999999999886e+02
4.493299999999999841e+02
4.493349999999999795e+02
4.493399999999999750e+02
4.493450000000000273e+02
4.493500000000000227e+02
4.493550000000000182e+02
4.493600000000000136e+02
4.493650000000000091e+02
4.493700000000000045e+02
4.493750000000000000e+02
4.493799999999999955e+02
4.493849999999999909e+02
4.493899999999999864e+02
4.493949999999999818e+02
4.493999999999999773e+02
4.494049999999999727e+02
4.494100000000000250e+02
4.494150000000000205e+02
4.494200000000000159e+02
4.494250000000000114e+02
4.494300000000000068e+02
4.494350000000000023e+02
4.494399999999999977e+02
4.494449999999999932e+02
4.494499999999999886e+02
4.494549999999999841e+02
4.494599999999999795e+02
4.494649999999999750e+02
4.494700000000000273e+02
4.494750000000000227e+02
4.494800000000000182e+02
4.494850000000000136e+02
4.494900000000000091e+02
4.494950000000000045e+02
4.495000000000000000e+02
