1.975361487183875386e+00
1.975695462743176423e+00
1.976028279245782837e+00
1.976359812241937020e+00
1.976689937113188744e+00
1.977018529147785975e+00
1.977345463563658701e+00
1.977670615552097777e+00
1.977993860338228993e+00
1.978315073165162197e+00
1.978634129394782448e+00
1.978950904513167020e+00
1.979265274189810242e+00
1.979577114307709218e+00
1.979886301013656480e+00
1.980192710755920960e+00
1.980496220312270905e+00
1.980796706858780620e+00
1.981094047998213314e+00
1.981388121785238932e+00
1.981678806816467242e+00
1.981965982213640620e+00
1.982249527711524406e+00
1.982529323673625887e+00
1.982805251166530836e+00
1.983077191944092155e+00
1.983345028583062275e+00
1.983608644411263278e+00
1.983867923641452036e+00
1.984122751388775585e+00
1.984373013683549569e+00
1.984618597549792751e+00
1.984859391062678169e+00
1.985095283295282398e+00
1.985326164484739531e+00
1.985551926009206047e+00
1.985772460424459984e+00
1.985987661526228409e+00
1.986197424392184274e+00
1.986401645407616545e+00
1.986600222316703190e+00
1.986793054267500303e+00
1.986980041822763665e+00
1.987161087066176002e+00
1.987336093562036554e+00
1.987504966442413146e+00
1.987667612444403709e+00
1.987823939923514027e+00
1.987973858923600901e+00
1.988117281192380403e+00
1.988254120218765575e+00
1.988384291284758243e+00
1.988507711494270191e+00
1.988624299795938244e+00
1.988733977033171341e+00
1.988836665982875118e+00
1.988932291379190698e+00
1.989020779937055616e+00
1.989102060417521578e+00
1.989176063620724966e+00
1.989242722440494271e+00
1.989301971894580356e+00
1.989353749155482909e+00
1.989397993556595967e+00
1.989434646661685901e+00
1.989463652252662529e+00
1.989484956381603720e+00
1.989498507385555781e+00
1.989504255922505793e+00
1.989502154981765747e+00
1.989492159915531744e+00
1.989474228473030681e+00
1.989448320802731152e+00
1.989414399466970407e+00
1.989372429504849382e+00
1.989322378421625626e+00
1.989264216187323076e+00
1.989197915284599771e+00
1.989123450739225918e+00
1.989040800084068250e+00
1.988949943424460409e+00
1.988850863424107773e+00
1.988743545328911511e+00
1.988627976971395928e+00
1.988504148783751591e+00
1.988372053810878670e+00
1.988231687729800523e+00
1.988083048811583264e+00
1.987926138015813970e+00
1.987760958886794382e+00
1.987587517637794843e+00
1.987405823163708396e+00
1.987215886942641507e+00
1.987017723161419225e+00
1.986811348624317741e+00
1.986596782815254203e+00
1.986374047861005465e+00
1.986143168534534986e+00
1.985904172271266699e+00
1.985657089107155882e+00
1.985401951760770611e+00
1.985138795544104218e+00
1.984867658415594649e+00
1.984588580923224654e+00
1.984301606249458061e+00
1.984006780121349234e+00
1.983704150902573238e+00
1.983393769479257607e+00
1.983075689306105671e+00
1.982749966389165230e+00
1.982416659236595047e+00
1.982075828876187495e+00
1.981727538825503787e+00
1.981371855064511411e+00
1.981008846033901261e+00
1.980638582598879704e+00
1.980261138026731205e+00
1.979876587987569492e+00
1.979485010508136300e+00
1.979086485941317308e+00
1.978681096978890608e+00
1.978268928584480557e+00
1.977850067988813576e+00
1.977424604660026120e+00
1.976992630265895778e+00
1.976554238670577890e+00
1.976109525863323668e+00
1.975658589961318157e+00
1.975201531160191815e+00
1.974738451728623057e+00
1.974269455939843487e+00
1.973794650065762823e+00
1.973314142315913067e+00
1.972828042841660467e+00
1.972336463665774309e+00
1.971839518653710099e+00
1.971337323497544869e+00
1.970829995658567757e+00
1.970317654338237245e+00
1.969800420418126530e+00
1.969278416458077885e+00
1.968751766646098522e+00
1.968220596730478444e+00
1.967685034014446721e+00
1.967145207296919773e+00
1.966601246837192729e+00
1.966053284319133398e+00
1.965501452789293113e+00
1.964945886639057671e+00
1.964386721563313065e+00
1.963824094484485361e+00
1.963258143540442591e+00
1.962689008029146809e+00
1.962116828386671230e+00
1.961541746096222116e+00
1.960963903689634691e+00
1.960383444688857502e+00
1.959800513539473599e+00
1.959215255624023877e+00
1.958627817140055738e+00
1.958038345143946035e+00
1.957446987334238164e+00
1.956853892299088793e+00
1.956259209212440897e+00
1.955663087853955817e+00
1.955065678655252270e+00
1.954467132529436935e+00
1.953867600908284485e+00
1.953267235670632429e+00
1.952666189112912676e+00
1.952064613863790266e+00
1.951462662896249700e+00
1.950860489424576016e+00
1.950258246897932368e+00
1.949656088958918509e+00
1.949054169378048096e+00
1.948452642014083303e+00
1.947851660773585625e+00
1.947251379573716079e+00
1.946651952276115871e+00
1.946053532678613252e+00
1.945456274449912204e+00
1.944860331066168069e+00
1.944265855816404098e+00
1.943673001724419480e+00
1.943081921523265088e+00
1.942492767582164603e+00
1.941905691921584243e+00
1.941320846116259879e+00
1.940738381281578384e+00
1.940158448023520998e+00
1.939581196450335554e+00
1.939006775993645126e+00
1.938435335530232839e+00
1.937867023239364883e+00
1.937301986612696147e+00
1.936740372387623310e+00
1.936182326506356910e+00
1.935627994159080822e+00
1.935077519582744987e+00
1.934531046165564261e+00
1.933988716371016103e+00
1.933450671681899768e+00
1.932917052583051909e+00
1.932387998502080206e+00
1.931863647811898677e+00
1.931344137756728641e+00
1.930829604448283110e+00
1.930320182806517737e+00
1.929816006555215901e+00
1.929317208150379326e+00
1.928823918784966951e+00
1.928336268317999869e+00
1.927854385299646145e+00
1.927378396871534338e+00
1.926908428784995575e+00
1.926444605352863215e+00
1.925987049405343043e+00
1.925535882285172695e+00
1.925091223815568409e+00
1.924653192253137579e+00
1.924221904281961049e+00
1.923797474936752350e+00
1.923380017651553642e+00
1.922969644176937942e+00
1.922566464566255018e+00
1.922170587148920307e+00
1.921782118512087134e+00
1.921401163467588491e+00
1.921027825018413404e+00
1.920662204366892167e+00
1.920304400850197935e+00
1.919954511925669349e+00
1.919612633172774752e+00
1.919278858236574958e+00
1.918953278837516319e+00
1.918635984717421472e+00
1.918327063640186125e+00
1.918026601343975068e+00
1.917734681577942357e+00
1.917451385996340241e+00
1.917176794211729041e+00
1.916910983731082929e+00
1.916654029970523698e+00
1.916406006196592182e+00
1.916166983546275793e+00
1.915937030971257560e+00
1.915716215262755595e+00
1.915504600980632466e+00
1.915302250500550141e+00
1.915109223925061999e+00
1.914925579139567402e+00
1.914751371730082141e+00
1.914586655026235151e+00
1.914431480031301369e+00
1.914285895449644670e+00
1.914149947651897721e+00
1.914023680665960958e+00
1.913907136151836719e+00
1.913800353415178845e+00
1.913703369361675621e+00
1.913616218507041333e+00
1.913538932943988913e+00
1.913471542361463440e+00
1.913414074016052346e+00
1.913366552679648835e+00
1.913329000708587690e+00
1.913301437981228315e+00
1.913283881894586980e+00
1.913276347341215100e+00
1.913278846735976702e+00
1.913291389992158198e+00
1.913313984485243147e+00
1.913346635076135671e+00
1.913389344096201095e+00
1.913442111333842455e+00
1.913504934024890636e+00
1.913577806856386010e+00
1.913660721944862031e+00
1.913753668849211609e+00
1.913856634542644874e+00
1.913969603429983124e+00
1.914092557311546372e+00
1.914225475431293066e+00
1.914368334405275318e+00
1.914521108266496574e+00
1.914683768451655554e+00
1.914856283778089141e+00
1.915038620460906449e+00
1.915230742117874918e+00
1.915432609740394421e+00
1.915644181697983672e+00
1.915865413777178228e+00
1.916096259116303324e+00
1.916336668256678033e+00
1.916586589133231433e+00
1.916845967039258136e+00
1.917114744678004579e+00
1.917392862132480058e+00
1.917680256880334166e+00
1.917976863798666498e+00
1.918282615141187586e+00
1.918597440596795156e+00
1.918921267216673332e+00
1.919254019510181930e+00
1.919595619366553985e+00
1.919945986098990920e+00
1.920305036464468706e+00
1.920672684648039086e+00
1.921048842273580748e+00
1.921433418415353644e+00
1.921826319604099886e+00
1.922227449849675640e+00
1.922636710628411905e+00
1.923054000910690231e+00
1.923479217167891164e+00
1.923912253376799830e+00
1.924353001044476708e+00
1.924801349217737156e+00
1.925257184474179484e+00
1.925720390980085961e+00
1.926190850469075233e+00
1.926668442280603744e+00
1.927153043348875716e+00
1.927644528260942014e+00
1.928142769232960241e+00
1.928647636143186794e+00
1.929158996589905861e+00
1.929676715831339928e+00
1.930200656880069809e+00
1.930730680481452355e+00
1.931266645170645058e+00
1.931808407264796079e+00
1.932355820889588793e+00
1.932908738034219587e+00
1.933467008536733367e+00
1.934030480134672825e+00
1.934598998504964973e+00
1.935172407254182936e+00
1.935750547961560653e+00
1.936333260238346510e+00
1.936920381721924489e+00
1.937511748125755551e+00
1.938107193260219629e+00
1.938706549067453100e+00
1.939309645680932670e+00
1.939916311417958061e+00
1.940526372851599346e+00
1.941139654829179051e+00
1.941755980506235879e+00
1.942375171401578005e+00
1.942997047429865454e+00
1.943621426935682184e+00
1.944248126741494609e+00
1.944876962179589830e+00
1.945507747168865320e+00
1.946140294200237042e+00
1.946774414434370604e+00
1.947409917724304274e+00
1.948046612668148159e+00
1.948684306657768373e+00
1.949322805911851475e+00
1.949961915548632296e+00
1.950601439619256805e+00
1.951241181166573524e+00
1.951880942281401632e+00
1.952520524143697589e+00
1.953159727077650176e+00
1.953798351020042068e+00
1.954436193585100900e+00
1.955073054055739945e+00
1.955708729533934376e+00
1.956343016907577947e+00
1.956975712606003448e+00
1.957606612570034210e+00
1.958235512373935672e+00
1.958862207239708164e+00
1.959486492137030522e+00
1.960108161829628326e+00
1.960727010939980364e+00
1.961342834012338221e+00
1.961955425573469247e+00
1.962564580206239251e+00
1.963170092625647012e+00
1.963771757702115206e+00
1.964369370589697628e+00
1.964962726748625155e+00
1.965551622026507239e+00
1.966135852719555377e+00
1.966715215667736993e+00
1.967289508304271850e+00
1.967858528729943268e+00
1.968422075753640810e+00
1.968979949036861798e+00
1.969531949093145107e+00
1.970077877378892506e+00
1.970617536408428849e+00
1.971150729753494257e+00
1.971677262174553524e+00
1.972196939651076564e+00
1.972709569501813087e+00
1.973214960396571627e+00
1.973712922501463796e+00
1.974203267467105061e+00
1.974685808605655568e+00
1.975160360848746466e+00
1.975626740901073930e+00
1.976084767285506638e+00
1.976534260429919865e+00
1.976975042715249264e+00
1.977406938551286908e+00
1.977829774473836455e+00
1.978243379198913354e+00
1.978647583683659894e+00
1.979042221206783525e+00
1.979427127456292901e+00
1.979802140573456049e+00
1.980167101224773685e+00
1.980521852676914163e+00
1.980866240876196338e+00
1.981200114497313924e+00
1.981523325010639214e+00
1.981835726769061168e+00
1.982137177041453313e+00
1.982427536108276156e+00
1.982706667302756021e+00
1.982974437075333496e+00
1.983230715073454720e+00
1.983475374188926166e+00
1.983708290609703440e+00
1.983929343879604845e+00
1.984138416986294340e+00
1.984335396375563221e+00
1.984520172021374984e+00
1.984692637495978129e+00
1.984852690003973796e+00
1.985000230431519075e+00
1.985135163406293479e+00
1.985257397356107179e+00
1.985366844504230066e+00
1.985463420998676343e+00
1.985547046893985756e+00
1.985617646166097261e+00
1.985675146872958763e+00
1.985719481063237035e+00
1.985750584892282733e+00
1.985768398611374330e+00
1.985772866802696823e+00
1.985763937624065223e+00
1.985741564335832043e+00
1.985705703863637650e+00
1.985656317549336691e+00
1.985593371054917400e+00
1.985516834248018947e+00
1.985426681559354423e+00
1.985322891591283279e+00
1.985205447417652369e+00
1.985074336489387914e+00
1.984929550673358634e+00
1.984771086262952178e+00
1.984598943993864717e+00
1.984413129049492630e+00
1.984213651046742521e+00
1.984000524078308958e+00
1.983773766692396912e+00
1.983533401894718384e+00
1.983279457156474468e+00
1.983011964398536220e+00
1.982730960006977350e+00
1.982436484805541133e+00
1.982128584038477248e+00
1.981807307407802643e+00
1.981472709007942479e+00
1.981124847330628658e+00
1.980763785267847021e+00
1.980389590045443349e+00
1.980002333262378400e+00
1.979602090820365090e+00
1.979188942927128991e+00
1.978762974046335943e+00
1.978324272905654491e+00
1.977872932439297848e+00
1.977409049757367976e+00
1.976932726124677409e+00
1.976444066918990439e+00
1.975943181599258303e+00
1.975430183657937544e+00
1.974905190595383386e+00
1.974368323875059783e+00
1.973819708852977417e+00
1.973259474776239308e+00
1.972687754717729947e+00
1.972104685520632783e+00
1.971510407737401049e+00
1.970905065643302700e+00
1.970288807093599326e+00
1.969661783542209443e+00
1.969024149946320579e+00
1.968376064737136000e+00
1.967717689733613939e+00
1.967049190112901913e+00
1.966370734333440451e+00
1.965682494075894349e+00
1.964984644181384521e+00
1.964277362608718658e+00
1.963560830328819229e+00
1.962835231303920791e+00
1.962100752391197300e+00
1.961357583271709393e+00
1.960605916432165641e+00
1.959845947023982182e+00
1.959077872880949478e+00
1.958301894340519267e+00
1.957518214280631774e+00
1.956727037980229511e+00
1.955928573055036201e+00
1.955123029425001713e+00
1.954310619211452549e+00
1.953491556641215876e+00
1.952666058033752039e+00
1.951834341665743322e+00
1.950996627736181210e+00
1.950153138267930464e+00
1.949304097059034069e+00
1.948449729574279532e+00
1.947590262892148649e+00
1.946725925640507393e+00
1.945856947880022725e+00
1.944983561067900046e+00
1.944105997958156307e+00
1.943224492553620841e+00
1.942339279979587996e+00
1.941450596478849544e+00
1.940558679270868003e+00
1.939663766506094289e+00
1.938766097211179096e+00
1.937865911152058418e+00
1.936963448828065815e+00
1.936058951363800462e+00
1.935152660428972604e+00
1.934244818187792481e+00
1.933335667197024321e+00
1.932425450365785835e+00
1.931514410855911912e+00
1.930602792013739855e+00
1.929690837329602449e+00
1.928778790300819779e+00
1.927866894458414748e+00
1.926955393189210941e+00
1.926044529731993249e+00
1.925134547124776718e+00
1.924225688074209684e+00
1.923318194917919000e+00
1.922412309582246737e+00
1.921508273484141327e+00
1.920606327472337282e+00
1.919706711758997875e+00
1.918809665886559213e+00
1.917915428596329130e+00
1.917024237860351255e+00
1.916136330731079029e+00
1.915251943328408979e+00
1.914371310768167023e+00
1.913494667100427593e+00
1.912622245238931651e+00
1.911754276941100672e+00
1.910890992710515546e+00
1.910032621745785697e+00
1.909179391909321399e+00
1.908331529648901403e+00
1.907489259948953020e+00
1.906652806294004465e+00
1.905822390555036661e+00
1.904998233047546563e+00
1.904180552385179359e+00
1.903369565451836998e+00
1.902565487370959207e+00
1.901768531461005551e+00
1.900978909137874373e+00
1.900196829939635235e+00
1.899422501425575005e+00
1.898656129140676718e+00
1.897897916606769542e+00
1.897148065227866276e+00
1.896406774280684049e+00
1.895674240842269542e+00
1.894950659800003878e+00
1.894236223747479464e+00
1.893531122996136018e+00
1.892835545489428339e+00
1.892149676811103687e+00
1.891473700121725221e+00
1.890807796105668181e+00
1.890152142975024319e+00
1.889506916385922164e+00
1.888872289459913478e+00
1.888248432683046207e+00
1.887635513923845654e+00
1.887033698377928781e+00
1.886443148540234205e+00
1.885864024157549279e+00
1.885296482228954629e+00
1.884740676942064264e+00
1.884196759655485831e+00
1.883664878886477378e+00
1.883145180226448723e+00
1.882637806377369660e+00
1.882142897088549871e+00
1.881660589132938988e+00
1.881191016273535022e+00
1.880734309250103431e+00
1.880290595751494154e+00
1.879860000369758088e+00
1.879442644590059830e+00
1.879038646777550392e+00
1.878648122116334029e+00
1.878271182622123003e+00
1.877907937091130242e+00
1.877558491095111748e+00
1.877222946936795145e+00
1.876901403671877189e+00
1.876593957011041702e+00
1.876300699361432400e+00
1.876021719787131392e+00
1.875757103971630313e+00
1.875506934219081767e+00
1.875271289409197850e+00
1.875050245002958249e+00
1.874843872992572047e+00
1.874652241902279082e+00
1.874475416765928104e+00
1.874313459109137492e+00
1.874166426901121119e+00
1.874034374575673789e+00
1.873917352983963669e+00
1.873815409392891151e+00
1.873728587458610706e+00
1.873656927199716327e+00
1.873600464993993242e+00
1.873559233538278468e+00
1.873533261879666734e+00
1.873522575336498797e+00
1.873527195505190424e+00
1.873547140266630606e+00
1.873582423728609614e+00
1.873633056248559692e+00
1.873699044381312850e+00
1.873780390875006807e+00
1.873877094676451360e+00
1.873989150888255129e+00
1.874116550760975608e+00
1.874259281677303379e+00
1.874417327144198397e+00
1.874590666768534142e+00
1.874779276243641712e+00
1.874983127347598755e+00
1.875202187893751926e+00
1.875436421774953955e+00
1.875685788891936934e+00
1.875950245169887731e+00
1.876229742552226520e+00
1.876524228955793072e+00
1.876833648298364743e+00
1.877157940444625694e+00
1.877497041241064979e+00
1.877850882455892378e+00
1.878219391819626605e+00
1.878602492957953674e+00
1.879000105439446289e+00
1.879412144716307687e+00
1.879838522146216606e+00
1.880279144975282257e+00
1.880733916330890265e+00
1.881202735195132592e+00
1.881685496445001826e+00
1.882182090796696183e+00
1.882692404817614351e+00
1.883216320930795940e+00
1.883753717393527705e+00
1.884304468313546810e+00
1.884868443625790757e+00
1.885445509093485184e+00
1.886035526324616241e+00
1.886638352777302075e+00
1.887253841691546530e+00
1.887881842155155754e+00
1.888522199119464728e+00
1.889174753335488566e+00
1.889839341411650997e+00
1.890515795810651545e+00
1.891203944815696314e+00
1.891903612583687000e+00
1.892614619139562970e+00
1.893336780357321114e+00
1.894069908030106442e+00
1.894813809800206750e+00
1.895568289262233641e+00
1.896333145882997284e+00
1.897108175088809467e+00
1.897893168257765106e+00
1.898687912716384707e+00
1.899492191794184714e+00
1.900305784822726940e+00
1.901128467153059276e+00
1.901960010181686256e+00
1.902800181402872770e+00
1.903648744386777336e+00
1.904505458859774292e+00
1.905370080676951128e+00
1.906242361904032068e+00
1.907122050818654602e+00
1.908008891966021636e+00
1.908902626166179894e+00
1.909802990595018457e+00
1.910709718777434230e+00
1.911622540699293493e+00
1.912541182692979680e+00
1.913465367726894684e+00
1.914394815250524795e+00
1.915329241318896036e+00
1.916268358651821213e+00
1.917211876667790582e+00
1.918159501560926072e+00
1.919110936320000738e+00
1.920065880843077943e+00
1.921024031952698330e+00
1.921985083489825996e+00
1.922948726367396999e+00
1.923914648635836722e+00
1.924882535577406184e+00
1.925852069765245256e+00
1.926822931069663847e+00
1.927794796920280662e+00
1.928767342191902046e+00
1.929740239382593314e+00
1.930713158690274156e+00
1.931685768078473142e+00
1.932657733409465672e+00
1.933628718474665220e+00
1.934598385131383935e+00
1.935566393404540175e+00
1.936532401557932159e+00
1.937496066224917879e+00
1.938457042477265579e+00
1.939414983977094664e+00
1.940369543035207478e+00
1.941320370770163839e+00
1.942267117183516412e+00
1.943209431307096446e+00
1.944146961281561170e+00
1.945079354523578274e+00
1.946006257810690698e+00
1.946927317413759573e+00
1.947842179288989728e+00
1.948750489032368360e+00
1.949651892220684690e+00
1.950546034395242545e+00
1.951432561293185097e+00
1.952311118907457566e+00
1.953181353661920694e+00
1.954042912574627922e+00
1.954895443269884847e+00
1.955738594377226081e+00
1.956572015443730272e+00
1.957395357132523550e+00
1.958208271447150040e+00
1.959010411811557884e+00
1.959801433233901324e+00
1.960580992474132200e+00
1.961348748206020121e+00
1.962104361113715889e+00
1.962847494118505010e+00
1.963577812475881590e+00
1.964294984023525981e+00
1.964998679188145525e+00
1.965688571272827811e+00
1.966364336577763439e+00
1.967025654543300472e+00
1.967672207919586747e+00
1.968303682924405607e+00
1.968919769410491405e+00
1.969520161024790328e+00
1.970104555328589191e+00
1.970672654026028203e+00
1.971224163071516378e+00
1.971758792824116702e+00
1.972276258240485580e+00
1.972776279014230694e+00
1.973258579718939254e+00
1.973722889979173889e+00
1.974168944611389920e+00
1.974596483784158751e+00
1.975005253168371722e+00
1.975395004096990315e+00
1.975765493662465122e+00
1.976116484944304252e+00
1.976447747075777084e+00
1.976759055446016156e+00
1.977050191786245970e+00
1.977320944348911924e+00
1.977571108010402812e+00
1.977800484430273231e+00
1.978008882164071114e+00
1.978196116823376371e+00
1.978362011116126640e+00
1.978506395059939305e+00
1.978629106059089482e+00
1.978729989016000612e+00
1.978808896453726929e+00
1.978865688623558272e+00
1.978900233585980661e+00
1.978912407362505288e+00
1.978902093945787088e+00
1.978869185498393524e+00
1.978813582382445757e+00
1.978735193218311927e+00
1.978633935018034196e+00
1.978509733255027436e+00
1.978362521897119253e+00
1.978192243527208793e+00
1.977998849347226917e+00
1.977782299297417890e+00
1.977542562065912835e+00
1.977279615160482562e+00
1.976993444954429746e+00
1.976684046704643594e+00
1.976351424610379048e+00
1.975995591837728549e+00
1.975616570546571582e+00
1.975214391892035293e+00
1.974789096088315432e+00
1.974340732353170758e+00
1.973869358971718446e+00
1.973375043276554219e+00
1.972857861631628351e+00
1.972317899452036727e+00
1.971755251149529320e+00
1.971170020177439142e+00
1.970562318928314349e+00
1.969932268775182127e+00
1.969280000012757270e+00
1.968605651795413136e+00
1.967909372141648072e+00
1.967191317846688436e+00
1.966451654473196031e+00
1.965690556239122699e+00
1.964908206015616221e+00
1.964104795221338629e+00
1.963280523760399188e+00
1.962435599975788092e+00
1.961570240549263211e+00
1.960684670422129239e+00
1.959779122658734885e+00
1.958853838497856215e+00
1.957909067105982670e+00
1.956945065564175135e+00
1.955962098739974175e+00
1.954960439192930943e+00
1.953940367058000671e+00
1.952902169949515265e+00
1.951846142819487095e+00
1.950772587884872067e+00
1.949681814434674143e+00
1.948574138830672542e+00
1.947449884214119020e+00
1.946309380511338061e+00
1.945152964272246043e+00
1.943980978492263922e+00
1.942793772531453689e+00
1.941591701734140196e+00
1.940375128361113033e+00
1.939144419322949231e+00
1.937899948172330689e+00
1.936642093878019777e+00
1.935371240915991553e+00
1.934087779109412431e+00
1.932792103464910483e+00
1.931484614068455841e+00
1.930165715911872804e+00
1.928835818714928152e+00
1.927495336852327990e+00
1.926144689109137387e+00
1.924784298608196220e+00
1.923414592624395070e+00
1.922036002432888191e+00
1.920648963168869239e+00
1.919253913689330959e+00
1.917851296419361473e+00
1.916441557142977148e+00
1.915025144987357431e+00
1.913602512149962021e+00
1.912174113821236254e+00
1.910740408026375681e+00
1.909301855471274845e+00
1.907858919410101883e+00
1.906412065524955013e+00
1.904961761742046233e+00
1.903508478152236671e+00
1.902052686837844453e+00
1.900594861752844977e+00
1.899135478597782978e+00
1.897675014688844364e+00
1.896213948843088470e+00
1.894752761170698463e+00
1.893291933292100548e+00
1.891831947572929939e+00
1.890373287690206849e+00
1.888916438127992814e+00
1.887461884189170158e+00
1.886010111893236862e+00
1.884561607840011588e+00
1.883116859146912514e+00
1.881676353334108098e+00
1.880240578234720905e+00
1.878810021937620034e+00
1.877385172665776425e+00
1.875966518736879696e+00
1.874554548452655567e+00
1.873149750055537188e+00
1.871752611640014274e+00
1.870363621139459864e+00
1.868983266197350668e+00
1.867612034179483738e+00
1.866250412120576962e+00
1.864898886626359387e+00
1.863557943919379012e+00
1.862228069737886349e+00
1.860909749345670550e+00
1.859603467516924624e+00
1.858309708508656621e+00
1.857028956054608493e+00
1.855761693351385411e+00
1.854508403105356917e+00
1.853269567486392155e+00
1.852045668199594042e+00
1.850837186475903673e+00
1.849644603094099393e+00
1.848468398473938956e+00
1.847309052683153929e+00
1.846167045478941837e+00
1.845042856410571197e+00
1.843936964881824236e+00
1.842849850230583897e+00
1.841781991785931494e+00
1.840733869049632432e+00
1.839705961733250072e+00
1.838698749912622166e+00
1.837712714182409668e+00
1.836748335738551008e+00
1.835806096639424734e+00
1.834886479889885846e+00
1.833989969694328481e+00
1.833117051528357910e+00
1.832268212624926784e+00
1.831443941929806307e+00
1.830644730488186100e+00
1.829871071731138610e+00
1.829123461709186271e+00
1.828402399464932548e+00
1.827708387334304074e+00
1.827041931308326594e+00
1.826403541475745795e+00
1.825793732347105403e+00
1.825213023402068035e+00
1.824661939503785080e+00
1.824141011437493409e+00
1.823650776461377410e+00
1.823191778912369942e+00
1.822764570768700354e+00
1.822369712571810574e+00
1.822007773735943470e+00
1.821679333742262097e+00
1.821384982782676021e+00
1.821125322746754316e+00
1.820900968131020203e+00
1.820712547171086548e+00
1.820560702921370622e+00
1.820446094545027815e+00
1.820369398571335617e+00
1.820331310367095723e+00
1.820332545674027802e+00
1.820373842289790378e+00
1.820455961854086535e+00
1.820579691830703561e+00
1.820745847641082271e+00
1.820955274925311729e+00
1.821208852099817088e+00
1.821507493062803906e+00
1.821852150115078173e+00
1.822243817257370280e+00
1.822683533643973286e+00
1.823172387451235110e+00
1.823711520017259113e+00
1.824302130480665030e+00
1.824945480703709544e+00
1.825642900783510214e+00
1.826395795002907052e+00
1.827205648427540075e+00
1.828074034016446747e+00
1.829002620583020100e+00
1.829993181323975149e+00
1.831047603387189859e+00
1.832167898122684102e+00
1.833356212563928667e+00
1.834614841754559578e+00
1.835946242362539893e+00
1.837353047506492976e+00
1.838838082788884165e+00
1.840404383740054328e+00
1.842055214500894156e+00
1.843794087818977134e+00
1.845624786033547515e+00
1.847551382958530608e+00
1.849578265942913857e+00
1.851710157349962360e+00
1.853952134205868019e+00
1.856309643955101008e+00
1.858788513297187972e+00
1.861394945751670083e+00
1.864135501110254500e+00
1.867017046838672645e+00
1.870046666522802159e+00
1.873231502882537924e+00
1.876578501716468450e+00
1.880094005465325235e+00
1.883783118118216304e+00
1.887648720710861872e+00
1.891689948619924344e+00
1.895899833821566238e+00
1.900261637308019225e+00
1.904743104480165261e+00
1.909287386453587088e+00
1.913798540260192693e+00
1.918118103879893566e+00
1.921986809373475991e+00
1.924981354454179172e+00
1.926409306273263899e+00
1.925134807669480308e+00
1.919295637580467728e+00
1.905872895271266687e+00
1.880148545071846478e+00
1.835420897910102545e+00
1.764315447436404005e+00
1.664449029475226549e+00
1.549019214048182436e+00
1.450008022066569868e+00
1.397101439738613671e+00
1.393417207569024763e+00
1.421483310854789739e+00
1.462719670467726996e+00
1.505845899955324363e+00
1.545873092079450339e+00
1.581260402138222609e+00
1.611980935663984704e+00
1.638551825690157893e+00
1.661614689840537284e+00
1.681775382532146423e+00
1.699554731311619715e+00
1.715383129647406024e+00
1.729610404877622187e+00
1.742519408594554786e+00
1.754339017273929047e+00
1.765255208467358061e+00
1.775420039608992751e+00
1.784958761601314725e+00
1.793975399746252641e+00
1.802557120566713911e+00
1.810777654081428434e+00
1.818699987319441824e+00
1.826378496994388145e+00
1.833860650514812285e+00
1.841188374339397305e+00
1.848399164954058760e+00
1.855527000137836335e+00
1.862603094759459399e+00
1.869656534423074445e+00
1.876714812900605267e+00
1.883804292003037562e+00
1.890950597404689626e+00
1.898178958876973743e+00
1.905514497826600095e+00
1.912982459575085281e+00
1.920608379781001629e+00
1.928418164761926290e+00
1.936438050216756634e+00
1.944694381663377714e+00
1.953213126776182529e+00
1.962018980370654697e+00
1.971133845461217726e+00
1.980574355323874602e+00
1.990347916510039283e+00
2.000446465761299475e+00
2.010836689380166131e+00
2.021444774770694508e+00
2.032132751191874753e+00
2.042662044323535042e+00
2.052638056486694396e+00
2.061427898055911978e+00
2.068043693159727692e+00
2.070991300874630792e+00
2.068110632239275049e+00
2.056499903796132678e+00
2.032740249617519090e+00
1.993771682323808303e+00
1.938667440429470812e+00
1.870772042127329060e+00
1.798374430160228021e+00
1.732160811571757497e+00
1.680612650943364095e+00
1.647027100106908115e+00
1.629984876895890000e+00
1.625703230965842794e+00
1.630109545109349245e+00
1.639862349381773887e+00
1.652575342809268433e+00
1.666681311653708253e+00
1.681209525640565694e+00
1.695588632219628300e+00
1.709501885865948756e+00
1.722789642066473004e+00
1.735386641925516837e+00
1.747282733292227608e+00
1.758498690040407375e+00
1.769071528006078031e+00
1.779045715849723264e+00
1.788468015907366260e+00
1.797384547083421547e+00
1.805839199052327926e+00
1.813872860761653660e+00
1.821523132575085357e+00
1.828824318953298889e+00
1.835807577027730453e+00
1.842501145985211197e+00
1.848930611735893681e+00
1.855119180105488486e+00
1.861087944305743092e+00
1.866856138158694778e+00
1.872441372190463582e+00
1.877859851251621359e+00
1.883126574806108122e+00
1.888255521177860219e+00
1.893259817979803694e+00
1.898151900892256938e+00
1.902943663315098899e+00
1.907646599362726070e+00
1.912271942758902776e+00
1.916830804206711258e+00
1.921334310172406967e+00
1.925793745782685251e+00
1.930220705315619512e+00
1.934627253750195619e+00
1.939026103649826416e+00
1.943430812192559642e+00
1.947856004116300221e+00
1.952317627587314641e+00
1.956833251604476631e+00
1.961422415289811205e+00
1.966107042351022516e+00
1.970911937049959040e+00
1.975865382783828172e+00
1.980999869391898427e+00
1.986352983553973495e+00
1.991968505957123936e+00
1.997897771831611102e+00
2.004201368765448077e+00
2.010951268084335108e+00
2.018233516038669961e+00
2.026151650347948419e+00
2.034831059527494102e+00
2.044424568921368035e+00
2.055119620987923668e+00
2.067147518952823670e+00
2.080795311045806617e+00
2.096420984325829906e+00
2.114472641063622760e+00
2.135512086796588438e+00
2.160242412662326750e+00
2.189536945347009933e+00
2.224461821251220606e+00
2.266273437293728765e+00
2.316349996454230453e+00
2.375976424937526588e+00
2.445842080040915079e+00
2.525060169458348991e+00
2.609603664287362346e+00
2.690569150323275149e+00
2.753853440446019096e+00
2.783716605977997194e+00
2.770463264103473655e+00
2.716804807562892332e+00
2.636342652133067066e+00
2.545665942738475795e+00
2.457513533770296466e+00
2.378773963207832853e+00
2.311755878889552474e+00
2.256173740301858022e+00
2.210631437053021564e+00
2.173452263843905108e+00
2.143057199559890158e+00
2.118097901428566132e+00
2.097475796484357335e+00
2.080316364479860347e+00
2.065930831331001194e+00
2.053778646484916148e+00
2.043435337862070433e+00
2.034566580584680207e+00
2.026907895210647403e+00
2.020248987764521331e+00
2.014421749157514707e+00
2.009291074073176198e+00
2.004747827359296242e+00
2.000703439372774284e+00
1.997085734559662873e+00
1.993835697067004586e+00
1.990904949823888437e+00
1.988253779690138945e+00
1.985849582770334409e+00
1.983665634978436954e+00
1.981680115973226908e+00
1.979875331638724090e+00
1.978237093614133135e+00
1.976754223729335180e+00
1.975418158760172016e+00
1.974222636585275525e+00
1.973163449108051193e+00
1.972238250654817504e+00
1.971446413157248667e+00
1.970788921739573762e+00
1.970268305570156420e+00
1.969888600718252336e+00
1.969655342582087743e+00
1.969575586579030535e+00
1.969657956727581372e+00
1.969912722481875322e+00
1.970351905198086007e+00
1.970989416298193353e+00
1.971841230157591607e+00
1.972925595610918625e+00
1.974263291204122472e+00
1.975877930362552215e+00
1.977796323948900259e+00
1.980048909349770847e+00
1.982670256800350028e+00
1.985699665408730441e+00
1.989181863375609538e+00
1.993167828706943423e+00
1.997715748222920640e+00
2.002892133515394857e+00
2.008773111472812900e+00
2.015445903413203510e+00
2.023010497707700139e+00
2.031581502701250930e+00
2.041290133731664014e+00
2.052286230308326243e+00
2.064740101722526866e+00
2.078843837916887427e+00
2.094811460437715933e+00
2.112876875031784341e+00
2.133287948599392969e+00
2.156294084840155723e+00
2.182123339634358228e+00
2.210943413052664841e+00
2.242799070581221077e+00
2.277517615746383228e+00
2.314576164433123306e+00
2.352933798976787561e+00
2.390854080662834669e+00
2.425782911500350636e+00
2.454395274441529828e+00
2.472946212134895738e+00
2.477992117367285640e+00
2.467347060989613983e+00
2.440890765279487784e+00
2.400780281470801913e+00
2.350895158360221782e+00
2.295791608526532190e+00
2.239674563905808657e+00
2.185761650165800152e+00
2.136108725151228072e+00
2.091753520820910595e+00
2.052990248574545262e+00
2.019644404948862881e+00
1.991288951062814894e+00
1.967391375282198096e+00
1.947403069560343036e+00
1.930807790381316558e+00
1.917143966592075977e+00
1.906011612639752384e+00
1.897070899419013967e+00
1.890036675684048983e+00
1.884671389925934193e+00
1.880777713284865316e+00
1.878191479559486732e+00
1.876775169909253194e+00
1.876411955449987845e+00
1.877000200708107247e+00
1.878448278968156027e+00
1.880669532610247829e+00
1.883577217493062728e+00
1.887079295088820885e+00
1.891072987752899337e+00
1.895439095151466136e+00
1.900036200700085942e+00
1.904695087209087756e+00
1.909213938639119812e+00
1.913355223875475408e+00
1.916845499086019533e+00
1.919379638034623747e+00
1.920631059097449578e+00
1.920269156824997880e+00
1.917984176162949250e+00
1.913518114581333585e+00
1.906698105219998052e+00
1.897466710109865451e+00
1.885902513590899332e+00
1.872225189221167208e+00
1.856782076199301246e+00
1.840017570700724470e+00
1.822430842455782907e+00
1.804529942786197827e+00
1.786790422749156892e+00
1.769624390017935811e+00
1.753362620161563301e+00
1.738249190938535138e+00
1.724445996185360208e+00
1.712043651235298114e+00
1.701075472623456264e+00
1.691531959405690788e+00
1.683374108562145421e+00
1.676544705323139484e+00
1.670977324609211667e+00
1.666603153793481340e+00
1.663355941202837807e+00
1.661175442591392715e+00
1.660009733900886353e+00
1.659816714342435828e+00
1.660565068672253064e+00
1.662234900892059608e+00
1.664818203317310008e+00
1.668319284738779773e+00
1.672755250794357051e+00
1.678156606945848672e+00
1.684568037037355914e+00
1.692049396644647485e+00
1.700676948271052424e+00
1.710544850483335821e+00
1.721766893163537260e+00
1.734478439699637997e+00
1.748838486683518267e+00
1.765031672159987242e+00
1.783269937815584738e+00
1.803793356905802225e+00
1.826869348341411126e+00
1.852789070671774896e+00
1.881859189615292305e+00
1.914386415286286836e+00
1.950651240033416389e+00
1.990866333923613229e+00
2.035114496722704391e+00
2.083261803989555627e+00
2.134845138697179401e+00
2.188941757670128219e+00
2.244043711531511054e+00
2.297981016713566138e+00
2.347957189523286470e+00
2.390762456788718460e+00
2.423192337514610717e+00
2.442614874122615021e+00
2.447529395454862922e+00
2.437912068459743509e+00
2.415205318874523943e+00
2.381959340194599761e+00
2.341278236973797444e+00
2.296271659311606150e+00
2.249657184001974564e+00
2.203560226452725423e+00
2.159480782827034151e+00
2.118364289591048166e+00
2.080717478477331017e+00
2.046728999232372725e+00
2.016373972230117939e+00
1.989495389240937495e+00
1.965862928891944028e+00
1.945213001488835136e+00
1.927274559076449734e+00
1.911784755485649745e+00
1.898497699343034251e+00
1.887188692086481323e+00
1.877655631462515240e+00
1.869718718073949182e+00
1.863219212350373244e+00
1.858017718777539296e+00
1.853992292588089619e+00
1.851036543748327157e+00
1.849057836956368162e+00
1.847975636889205298e+00
1.847720018648268292e+00
1.848230345822308829e+00
1.849454107964539684e+00
1.851345905012304893e+00
1.853866563264593426e+00
1.856982367532684863e+00
1.860664394254595289e+00
1.864887931735992987e+00
1.869631974388848539e+00
1.874878779394534956e+00
1.880613475091578612e+00
1.886823711470274612e+00
1.893499343626320108e+00
1.900632139849370628e+00
1.908215506121118787e+00
1.916244218766311791e+00
1.924714157064934872e+00
1.933622026566784502e+00
1.942965063868114406e+00
1.952740711332225043e+00
1.962946249561839496e+00
1.973578372778777235e+00
1.984632690059412452e+00
1.996103131673927056e+00
2.007981236405461445e+00
2.020255291073306925e+00
2.032909287635987994e+00
2.045921658587517289e+00
2.059263743631699839e+00
2.072897935781630618e+00
2.086775448783748210e+00
2.100833645596118515e+00
2.114992868638526424e+00
2.129152723038811867e+00
2.143187786525191374e+00
2.156942763839663435e+00
2.170227177943589325e+00
2.182809808483018976e+00
2.194413264578796152e+00
2.204709329352950054e+00
2.213316044906058266e+00
2.219797913583061888e+00
2.223671033793332974e+00
2.224415373909502502e+00
2.221496547916002484e+00
2.214399134938992653e+00
2.202672473001767273e+00
2.185987680989405213e+00
2.164201386216389356e+00
2.137417697910445558e+00
2.106036469784325238e+00
2.070774501212387264e+00
2.032648662822488017e+00
1.992916624327015995e+00
1.952980644073185612e+00
1.914269616009168562e+00
1.878120499257732723e+00
1.845679958610305871e+00
1.817840791537234990e+00
1.795218258219375418e+00
1.778162388269812100e+00
1.766796406317631574e+00
1.761069446212816469e+00
1.760812968908949561e+00
1.765793271619237936e+00
1.775755779077596630e+00
1.790459545750890058e+00
1.809702221742446770e+00
1.833336665749278893e+00
1.861280623932309641e+00
1.893520655703912814e+00
1.930110951209978332e+00
1.971166958660746760e+00
2.016852876515512705e+00
2.067361095871659948e+00
2.122880657302567808e+00
2.183550868131392875e+00
2.249395761171807173e+00
2.320235743138677087e+00
2.395575693462655753e+00
2.474475397379219732e+00
2.555419816771650865e+00
2.636223004186487806e+00
2.714016233064629802e+00
2.785377944109670434e+00
2.846645646512568018e+00
2.894397545474387101e+00
2.926013536732625209e+00
2.940158707782640768e+00
2.937026995379631966e+00
2.918259314694370943e+00
2.886573949385139670e+00
2.845246346820190730e+00
2.797600040772440622e+00
2.746624309751779958e+00
2.694760173151517613e+00
2.643836281484077233e+00
2.595107555672440558e+00
2.549347469621646933e+00
2.506956727849432909e+00
2.468065862546394040e+00
2.432621290604556119e+00
2.400452137739131242e+00
2.371319257336238273e+00
2.344949542679861221e+00
2.321058919649325425e+00
2.299367046929791769e+00
2.279606167995733568e+00
2.261525971703630677e+00
2.244895812966358317e+00
2.229505247582467931e+00
2.215163537683713990e+00
2.201698568863108552e+00
2.188955469252040764e+00
2.176795115779305068e+00
2.165092642814595791e+00
2.153736020464221745e+00
2.142624739407744894e+00
2.131668619155686617e+00
2.120786744044749650e+00
2.109906524151140328e+00
2.098962873739603552e+00
2.087897498032096344e+00
2.076658278093669985e+00
2.065198743540407111e+00
2.053477623500489013e+00
2.041458466713539810e+00
2.029109322627036249e+00
2.016402475969146124e+00
2.003314228638604533e+00
1.989824722897380438e+00
1.975917801045814493e+00
1.961580897182543692e+00
1.946804957729830310e+00
1.931584387035244710e+00
1.915917016075389112e+00
1.899804091687141483e+00
1.883250284971955901e+00
1.866263717411281275e+00
1.848856003991118602e+00
1.831042312638069491e+00
1.812841440119855152e+00
1.794275904410403966e+00
1.775372054233855801e+00
1.756160196798133288e+00
1.736674744994046726e+00
1.716954385785114390e+00
1.697042271933170587e+00
1.676986239567128001e+00
1.656839054491500818e+00
1.636658690434817931e+00
1.616508643115482258e+00
1.596458283998199112e+00
1.576583258058340098e+00
1.556965930254508468e+00
1.537695885169463983e+00
1.518870484583539238e+00
1.500595487027521990e+00
1.482985732713395510e+00
1.466165896224715715e+00
1.450271306842687791e+00
1.435448833714861427e+00
1.421857828405029167e+00
1.409671111417521550e+00
1.399075979954671478e+00
1.390275203228469758e+00
1.383487954857741453e+00
1.378950611189929232e+00
1.376917316545067216e+00
1.377660181105668347e+00
1.381468932033663055e+00
1.388649783556575867e+00
1.399523225576768892e+00
1.414420354195704110e+00
1.433677285785418976e+00
1.457627114112606259e+00
1.486588803773841727e+00
1.520852383237979000e+00
1.560659840832888889e+00
1.606181283703234541e+00
1.657486250180175702e+00
1.714510634402378830e+00
1.777020541616482374e+00
1.844575560271327408e+00
1.916495353413159242e+00
1.991834951958947997e+00
2.069375330454578776e+00
2.147636260412134845e+00
2.224917489761306655e+00
2.299371534702294717e+00
2.369106720341068062e+00
2.432313152937991774e+00
2.487398349947727905e+00
2.533115066893866896e+00
2.568663072595679608e+00
2.593749990010419282e+00
2.608603251980363691e+00
2.613933862683963660e+00
2.610860613569759181e+00
2.600808648952416924e+00
2.585397878897030211e+00
2.566334989967527402e+00
2.545318870119132271e+00
2.523964573379053444e+00
2.503746687546459793e+00
2.485959825173734483e+00
2.471692149207576961e+00
2.461807238596148029e+00
2.456929941778197346e+00
2.457432888859597764e+00
2.463421848038940709e+00
2.474719997176840103e+00
2.490853340455306153e+00
2.511041760704598502e+00
2.534202229812742235e+00
2.558971933665452614e+00
2.583758740114777464e+00
2.606823791316454919e+00
2.626395675503174321e+00
2.640808162031630157e+00
2.648645575846988010e+00
2.648874198783369049e+00
2.640937252871203622e+00
2.624796338526776296e+00
2.600912638426920331e+00
2.570173564947995981e+00
2.533780836894641730e+00
2.493121243839758527e+00
2.449640805592968817e+00
2.404738001539598713e+00
2.359684691963094938e+00
2.315576631000110908e+00
2.273310553838280512e+00
2.233582144932061198e+00
2.196898454604185424e+00
2.163598886685147882e+00
2.133880080418939507e+00
2.107821366831434950e+00
2.085408703529479268e+00
2.066555955254074206e+00
2.051123069693778334e+00
2.038931138291080636e+00
2.029774582812137851e+00
2.023430828935958381e+00
2.019667864274416136e+00
2.018250063191079580e+00
2.018942621737840781e+00
2.021514895200199557e+00
2.025742879724394374e+00
2.031411032150026053e+00
2.038313580194409891e+00
2.046255441854085255e+00
2.055052843525276618e+00
2.064533705312507905e+00
2.074537844119690000e+00
2.084917032600169584e+00
2.095534942204092310e+00
2.106266991302641944e+00
2.117000114584637771e+00
2.127632466395513955e+00
2.138073067731124155e+00
2.148241405942609816e+00
2.158066994263865279e+00
2.167488898240846229e+00
2.176455235035260838e+00
2.184922652321528602e+00
2.192855791725268677e+00
2.200226743321889611e+00
2.207014495491918638e+00
2.213204385811933239e+00
2.218787557259704890e+00
2.223760423928172969e+00
2.228124150012140703e+00
2.231884145434439581e+00
2.235049580793691870e+00
2.237632924174609794e+00
2.239649501358598194e+00
2.241117081365434416e+00
2.242055487891282617e+00
2.242486237635338941e+00
2.242432205878125639e+00
2.241917319061854208e+00
2.240966274699897731e+00
2.239604287955072159e+00
2.237856864568244397e+00
2.235749599580862057e+00
2.233308001434663570e+00
2.230557340674449662e+00
2.227522522687400031e+00
2.224227984279796289e+00
2.220697613305185669e+00
2.216954691129912725e+00
2.213021857495241385e+00
2.208921097549501944e+00
2.204673750571492175e+00
2.200300540063701682e+00
2.195821624505350123e+00
2.191256668226423177e+00
2.186624930963879443e+00
2.181945375160297740e+00
2.177236788585551253e+00
2.172517920342180275e+00
2.167807626942225951e+00
2.163125025289056591e+00
2.158489648483183032e+00
2.153921599968986023e+00
2.149441701536134453e+00
2.145071630536464546e+00
2.140834041618558725e+00
2.136752669329093912e+00
2.132852407987281929e+00
2.129159366801562481e+00
2.125700899514761932e+00
2.122505608628946216e+00
2.119603326502637053e+00
2.117025076808948025e+00
2.114803020923953003e+00
2.112970395279485381e+00
2.111561446068571435e+00
2.110611368576391200e+00
2.110156257701077287e+00
2.110233076829735044e+00
2.110879650187296619e+00
2.112134684525317496e+00
2.114037823208980260e+00
2.116629735878402752e+00
2.119952244680202824e+00
2.124048488028134063e+00
2.128963120222064465e+00
2.134742546021146214e+00
2.141435186858229311e+00
2.149091775456057007e+00
2.157765673970732045e+00
2.167513210011527303e+00
2.178394022990320256e+00
2.190471411360566556e+00
2.203812668048207080e+00
2.218489387903010535e+00
2.234577724664016163e+00
2.252158568432371055e+00
2.271317604092862652e+00
2.292145198150665308e+00
2.314736045224868644e+00
2.339188482752680986e+00
2.365603357037810994e+00
2.394082289138088626e+00
2.424725151739620443e+00
2.457626523349798031e+00
2.492870840242743302e+00
2.530525925030708834e+00
2.570634543048751386e+00
2.613203642834950990e+00
2.658191002641863587e+00
2.705489166163931536e+00
2.754906859304182110e+00
2.806148585258882111e+00
2.858793838234625628e+00
2.912278359833227803e+00
2.965880996895011723e+00
3.018720787316148346e+00
3.069769498535559027e+00
3.117884421359700120e+00
3.161864213206106999e+00
3.200526693625650676e+00
3.232802065311397133e+00
3.257829316618772619e+00
3.275039562097938894e+00
3.284209861376142126e+00
3.285475647474326966e+00
3.279298442368132616e+00
3.266395382883982457e+00
3.247644907792052837e+00
3.223986359228778742e+00
3.196329760029071210e+00
3.165487008636786559e+00
3.132129431601507363e+00
3.096771056678501388e+00
3.059773238537020656e+00
3.021364558117512811e+00
2.981669799551593503e+00
2.940742642958934727e+00
2.898597934916315566e+00
2.855240640527115126e+00
2.810689659138920327e+00
2.764995554088742313e+00
2.718251919496596170e+00
2.670600628656929931e+00
2.622231604947496297e+00
2.573378045136471393e+00
2.524308210744557801e+00
2.475314981315149154e+00
2.426704340353361466e+00
2.378783848819925772e+00
2.331851974243155823e+00
2.286188914310365305e+00
2.242049310934790984e+00
2.199657021766044274e+00
2.159201922664035767e+00
2.120838566439386952e+00
2.084686426410563787e+00
2.050831403237802331e+00
2.019328262736223234e+00
1.990203691001248609e+00
1.963459691698136611e+00
1.939077097405802030e+00
1.917019018448915757e+00
1.897234100860603290e+00
1.879659507918865602e+00
1.864223575834502489e+00
1.850848122066305113e+00
1.839450406370352065e+00
1.829944759044948688e+00
1.822243901241124231e+00
1.816259986987447839e+00
1.811905399771884806e+00
1.809093336296304422e+00
1.807738209249006411e+00
1.807755898239382431e+00
1.809063876055625020e+00
1.811581233968574844e+00
1.815228627491222380e+00
1.819928161029378710e+00
1.825603227646877658e+00
1.832178318144715101e+00
1.839578811579439366e+00
1.847730758157048347e+00
1.856560663968274350e+00
1.865995286149562116e+00
1.875961446173540326e+00
1.886385868427132406e+00
1.897195050435249053e+00
1.908315171101087282e+00
1.919672042389730438e+00
1.931191109857733679e+00
1.942797506931962515e+00
1.954416167004910720e+00
1.965971997412427674e+00
1.977390118078021564e+00
1.988596167053438890e+00
1.999516674283071671e+00
2.010079503511191135e+00
2.020214361304383033e+00
2.029853370716164118e+00
2.038931705710468112e+00
2.047388280914081982e+00
2.055166490411759916e+00
2.062214987305619474e+00
2.068488495403117078e+00
2.073948643366337663e+00
2.078564811260930956e+00
2.082314979824424928e+00
2.085186573252516773e+00
2.087177287815368043e+00
2.088295900730790855e+00
2.088563056326565359e+00
2.088012030513313633e+00
2.086689478817202570e+00
2.084656178606333565e+00
2.081987782457076719e+00
2.078775606333224779e+00
2.075127484649004650e+00
2.071168732605212170e+00
2.067043266659438050e+00
2.062914944589163468e+00
2.058969198915672649e+00
2.055415050667170895e+00
2.052487605520256775e+00
2.050451148675072055e+00
2.049602970707538940e+00
2.050278068834300083e+00
2.052854874563463827e+00
2.057762152027764468e+00
2.065487177975728006e+00
2.076585233755458670e+00
2.091690273903656472e+00
2.111526325335996379e+00
2.136918617965368306e+00
2.168802502581545610e+00
2.208226649769972738e+00
2.256344545407873881e+00
2.314384548406830611e+00
2.383583506207461511e+00
2.465062379874050080e+00
2.559616167874391834e+00
2.667389334012030044e+00
2.787421832218325513e+00
2.917095564374318606e+00
3.051602444756558619e+00
3.183686926539091466e+00
3.304021293329650888e+00
3.402506118012725622e+00
3.470414384137917807e+00
3.502706976252546234e+00
3.499478835861430603e+00
3.465802994685872385e+00
3.410106813251984725e+00
3.341947061447253731e+00
3.270118540762177339e+00
3.201571126270244871e+00
3.141104992822786990e+00
3.091561472037983371e+00
3.054218548066701011e+00
3.029200012615448578e+00
3.015811047632686037e+00
3.012781474992693109e+00
3.018431750812706760e+00
3.030788350096276229e+00
3.047675244497579872e+00
3.066802928902719216e+00
3.085868685173097425e+00
3.102672688856624283e+00
3.115245202966426152e+00
3.121972008093519158e+00
3.121700346534874271e+00
3.113807640511517150e+00
3.098220462104360529e+00
3.075380293397042664e+00
3.046162706468052761e+00
3.011764599994076974e+00
2.973577923753180752e+00
2.933067485725298962e+00
2.891666113699986163e+00
2.850694563471569243e+00
2.811307953586884345e+00
2.774466325886712603e+00
2.740924564747045267e+00
2.711236157723527995e+00
2.685765661870635590e+00
2.664705737763435778e+00
2.648095813003501497e+00
2.635840573101864148e+00
2.627727413541447898e+00
2.623442675991611406e+00
2.622586939030222108e+00
2.624689867325378678e+00
2.629225177430623894e+00
2.635626189662783947e+00
2.643302237702741309e+00
2.651655940470107886e+00
2.660101043743587912e+00
2.668080259521036002e+00
2.675082311495180498e+00
2.680657275428170117e+00
2.684429307446951185e+00
2.686105985291538545e+00
2.685483731337382274e+00
2.682449104421677610e+00
2.676976091036407102e+00
2.669119844638184968e+00
2.659007571914386414e+00
2.646827418306641366e+00
2.632816254674728462e+00
2.617247220527537444e+00
2.600417758459306228e+00
2.582638708448291798e+00
2.564224846172112660e+00
2.545487071874075191e+00
2.526726302128809554e+00
2.508228994460190986e+00
2.490264149594466403e+00
2.473081582041396942e+00
2.456911225818561473e+00
2.441963237843111756e+00
2.428428672826716372e+00
2.416480523169462824e+00
2.406274940240501703e+00
2.397952476985174997e+00
2.391639212627398869e+00
2.387447636793976979e+00
2.385477183331705220e+00
2.385814311668805310e+00
2.388532038295521964e+00
2.393688821662911970e+00
2.401326705559644559e+00
2.411468627172830725e+00
2.424114803590112555e+00
2.439238125928199441e+00
2.456778520502719054e+00
2.476636287021681593e+00
2.498664502285695921e+00
2.522660691749893935e+00
2.548358125500310045e+00
2.575417292908608768e+00
2.603418344850874533e+00
2.631855546662284162e+00
2.660135026006207770e+00
2.687577272611019641e+00
2.713425878910087796e+00
2.736863820586460161e+00
2.757038084130637667e+00
2.773092617524478332e+00
2.784208437559459348e+00
2.789648400992730259e+00
2.788802870768685160e+00
2.781231586226604602e+00
2.766696783608436849e+00
2.745183209799517243e+00
2.716902129778884678e+00
2.682278518261426825e+00
2.641922922049530609e+00
2.596591491285975994e+00
2.547138990870054798e+00
2.494470006717293131e+00
2.439493088871210524e+00
2.383081452811023127e+00
