3.702407770054387814e+00
3.715196802369157503e+00
3.728078078445414167e+00
3.741033394709774029e+00
3.754047380184203142e+00
3.767107987746120656e+00
3.780206993293561801e+00
3.793340497187181359e+00
3.806509426755189551e+00
3.819720036714699951e+00
3.832984406062611260e+00
3.846320932724326180e+00
3.859754827492567042e+00
3.873318614211231914e+00
3.887052646010259682e+00
3.901005652618413144e+00
3.915235342376894412e+00
3.929809089239231668e+00
3.944804747625024977e+00
3.960311648457569778e+00
3.976431844439993757e+00
3.993281684937214138e+00
4.010993809050201975e+00
4.029719644070782536e+00
4.049632470986567867e+00
4.070931046817068300e+00
4.093843619432734116e+00
4.118631865711120277e+00
4.145593723526042496e+00
4.175063109101597725e+00
4.207402872935556815e+00
4.242984753517644592e+00
4.282146300634523506e+00
4.325109913994503508e+00
4.371844723278509370e+00
4.421852404383987967e+00
4.473872793019135763e+00
4.525549462101595921e+00
4.573180817735535086e+00
4.611787372477824221e+00
4.635755295484989880e+00
4.640118691778702065e+00
4.622089550146528225e+00
4.582054721201222591e+00
4.523422070212069102e+00
4.451418660611614619e+00
4.371565872025621857e+00
4.288547298932492424e+00
4.205731349065265690e+00
4.125208774561669678e+00
4.048078233886968746e+00
3.974775006108733244e+00
3.905343086576001710e+00
3.839625520232206490e+00
3.777382991301786230e+00
3.718360554526909389e+00
3.662320915732153903e+00
3.609057898791290242e+00
3.558399105799606055e+00
3.510203281880439175e+00
3.464355550495056502e+00
3.420762218542626965e+00
3.379345982428640927e+00
3.340041871532891005e+00
3.302794004185148236e+00
3.267553101192857579e+00
3.234274647388348356e+00
3.202917578154092837e+00
3.173443374563401420e+00
3.145815464961295049e+00
3.119998849814993758e+00
3.095959882842437061e+00
3.073666157341525373e+00
3.053086458564290062e+00
3.034190754230183806e+00
3.016950202182685281e+00
3.001337161219331584e+00
2.987325195057493055e+00
2.974889062955121677e+00
2.964004692951166309e+00
2.954649135225243306e+00
2.946800494286804017e+00
2.940437839006640353e+00
2.935541090908497797e+00
2.932090890280864226e+00
2.930068440581183875e+00
2.929455331601920509e+00
2.930233341695960725e+00
2.932384219766165145e+00
2.935889447793957441e+00
2.940729985090089205e+00
2.946885995461827168e+00
2.954336559385235983e+00
2.963059373706857347e+00
2.973030442136368023e+00
2.984223760607931819e+00
2.996611003137478413e+00
3.010161214293682885e+00
3.024840516195968387e+00
3.040611839698433183e+00
3.057434690122950549e+00
3.075264960085827504e+00
3.094054803467254366e+00
3.113752585422034702e+00
3.134302924697099257e+00
3.155646845442334758e+00
3.177722055299489146e+00
3.200463366846423519e+00
3.223803277898467545e+00
3.247672724283476420e+00
3.272002016780848344e+00
3.296721969821485576e+00
3.321765226732281917e+00
3.347067781719754720e+00
3.372570696539761936e+00
3.398222006809964224e+00
3.423978813234022311e+00
3.449809555650366732e+00
3.475696475759329385e+00
3.501638287074448463e+00
3.527653092186054273e+00
3.553781618886217242e+00
3.580090890389154623e+00
3.606678504694355691e+00
3.633677777876362480e+00
3.661264109905037145e+00
3.689663062290905682e+00
3.719160796765356825e+00
3.750117704406397579e+00
3.782986221801297511e+00
3.818333901840962330e+00
3.856872566049599715e+00
3.899493347070706495e+00
3.947304611197208324e+00
4.001663077018758230e+00
4.064174042889531435e+00
4.136608225687114171e+00
4.220633433254478817e+00
4.317193365624945045e+00
4.425336398737900190e+00
4.540478849319854682e+00
4.652780652760427849e+00
4.747485557031819958e+00
4.809273941579867540e+00
4.829550899359548843e+00
4.811058731301391944e+00
4.765481920898050561e+00
4.706770443118887037e+00
4.645912278807879048e+00
4.589372716008270459e+00
4.539905508824626956e+00
4.497966398060377458e+00
4.462855897302731911e+00
4.433426907854796539e+00
4.408458378780789388e+00
4.386826938323624248e+00
4.367571160069111613e+00
4.349904006163023418e+00
4.333202705070043237e+00
4.316990336083984303e+00
4.300915573774587664e+00
4.284733226959026808e+00
4.268286461733178605e+00
4.251490872381214814e+00
4.234320312427721333e+00
4.216794348398481773e+00
4.198967217489235182e+00
4.180918201626199426e+00
4.162743350874011483e+00
4.144548495218535855e+00
4.126443476443284908e+00
4.108537518018927415e+00
4.090935636253059116e+00
4.073735981606674272e+00
4.057027991526638289e+00
4.040891232605725136e+00
4.025394813905225355e+00
4.010597258839991852e+00
3.996546736089484408e+00
3.983281561278827709e+00
3.970830896685773936e+00
3.959215588069443736e+00
3.948449092744019673e+00
3.938538462979370269e+00
3.929485359009617262e+00
3.921287075325740723e+00
3.913937568707208658e+00
3.907428483931245200e+00
3.901750175088796624e+00
3.896892726756359782e+00
3.892846979693595166e+00
3.889605571142917384e+00
3.887164002330130153e+00
3.885521752179432742e+00
3.884683462182180858e+00
3.884660228893978218e+00
3.885471054686109316e+00
3.887144530642967499e+00
3.889720857914008345e+00
3.893254362799200674e+00
3.897816736448824315e+00
3.903501343017708791e+00
3.910429118396182346e+00
3.918756862636384675e+00
3.928689182477705266e+00
3.940496085692724026e+00
3.954539475091777945e+00
3.971313914515739008e+00
3.991510703691961481e+00
4.016120661876067643e+00
4.046601906784813352e+00
4.085156408440432152e+00
4.135181394204445304e+00
4.201961319793094063e+00
4.293492749950432064e+00
4.420345600025951782e+00
4.589659427945665726e+00
4.780872557870623041e+00
4.909313581063234011e+00
4.882365886432099344e+00
4.741476108059848649e+00
4.594489461726538160e+00
4.489215845538247152e+00
4.425598662222359536e+00
4.392172915145316381e+00
4.378971788748397209e+00
4.379209550061442968e+00
4.388496027116151943e+00
4.403962318030716361e+00
4.423663622770931170e+00
4.446213030710480574e+00
4.470562965460536553e+00
4.495875250484160368e+00
4.521444044478225344e+00
4.546650835506957478e+00
4.570939348343078024e+00
4.593803087524047868e+00
4.614780948946124006e+00
4.633457845414147513e+00
4.649468155805952740e+00
4.662500335704311993e+00
4.672301399917778930e+00
4.678680300260125158e+00
4.681509526305474900e+00
4.680724558815366088e+00
4.676321102161943521e+00
4.668350281402092072e+00
4.656912200068746621e+00
4.642148387772814466e+00
4.624233725066425826e+00
4.603368411649446656e+00
4.579770472923846647e+00
4.553669181389169651e+00
4.525299647186482588e+00
4.494898710770769412e+00
4.462702175995081788e+00
4.428943368887305887e+00
4.393852991670783581e+00
4.357660294164693582e+00
4.320595699808889911e+00
4.282895253024047832e+00
4.244807653966253369e+00
4.206605368661296751e+00
4.168602655745195840e+00
4.131186015402728451e+00
4.094868131412910728e+00
4.060388706733108144e+00
4.028914805235197072e+00
4.002467757616825494e+00
3.984908535127202445e+00
3.984414593944090921e+00
4.020095268033452740e+00
4.137142004649809301e+00
4.380722995885183657e+00
4.416222486573230022e+00
4.078216785325232685e+00
3.844043738270904509e+00
3.719344095532645333e+00
3.642571633141479914e+00
3.587278477842568147e+00
3.542906429285265890e+00
3.504862790739626366e+00
3.470951275306407346e+00
3.440031068696744576e+00
3.411466161360851679e+00
3.384878972627637150e+00
3.360031601761231723e+00
3.336764867085693531e+00
3.314965298926398685e+00
3.294546443359515742e+00
3.275437858408222880e+00
3.257578420609093417e+00
3.240912141272687563e+00
3.225385499490347030e+00
3.210945745585927380e+00
3.197539908738821435e+00
3.185114490391161901e+00
3.173616193543795205e+00
3.162994883275090263e+00
3.153212341236065530e+00
3.144268015587297072e+00
3.136281350276283408e+00
3.129797553267676502e+00
3.127233088687458196e+00
3.143239808941326263e+00
3.373157174493750521e+00
3.580914079760632251e+00
3.220706907220753479e+00
3.159868777387714989e+00
3.137162787449154333e+00
3.124932049680771762e+00
3.116940627735395264e+00
3.111092222441093291e+00
3.106492122135351419e+00
3.102691199780892362e+00
3.099435848749354072e+00
3.096569974180570117e+00
3.093991565156132051e+00
3.091631574753768152e+00
3.089442864101372255e+00
3.087394049502132365e+00
3.085465886102478628e+00
3.083649026039783969e+00
3.081942547030850132e+00
3.080352923227432704e+00
3.078893252952905168e+00
3.077582636216113166e+00
3.076445639253385433e+00
3.075511809346536118e+00
3.074815219278844491e+00
3.074394030364151043e+00
3.074290069300884554e+00
3.074548418040801145e+00
3.075217017939085640e+00
3.076346291380372300e+00
3.077988783858820021e+00
3.080198830539335297e+00
3.083032250601132507e+00
3.086546072276824759e+00
3.090798291289156285e+00
3.095847664349342221e+00
3.101753538771785834e+00
3.108575718600008919e+00
3.116374366745240820e+00
3.125209941890524590e+00
3.135143167785638951e+00
3.146235032159113931e+00
3.158546810783234626e+00
3.172140111249495131e+00
3.187076929416364113e+00
3.203419709375675772e+00
3.221231395353591598e+00
3.240575460531295082e+00
3.261515893608582406e+00
3.284117118567246418e+00
3.308443816026931827e+00
3.334560606176263153e+00
3.362531542144735486e+00
3.392419350374243692e+00
3.424284338613772682e+00
3.458182875349175234e+00
3.494165325775623554e+00
3.532273311396386895e+00
3.572536145855708778e+00
3.614966293432163802e+00
3.659553706839983267e+00
3.706258937889181482e+00
3.755004992796535213e+00
3.805668041196921259e+00
3.858067300044346393e+00
3.911954716943707666e+00
3.967005466371690048e+00
4.022810722531708905e+00
4.078874611730745059e+00
4.134617548058848513e+00
4.189388145490799076e+00
4.242485375274648973e+00
4.293191451140897286e+00
4.340814081875502772e+00
4.384734473911941599e+00
4.424455340664420255e+00
4.459641881856309276e+00
4.490148879559480832e+00
4.516028965262687933e+00
4.537520402690670807e+00
4.555016519164817090e+00
4.569022111092134963e+00
4.580103894001288367e+00
4.588842065129258074e+00
4.595788593980312697e+00
4.601435624199988972e+00
4.606195078828801748e+00
4.610388732072101980e+00
4.614246879154419112e+00
4.617913280961000844e+00
4.621454111241422247e+00
4.624868988392251801e+00
4.628102646566375711e+00
4.631056268603289006e+00
4.633597898177394647e+00
4.635571648314499527e+00
4.636805625957121535e+00
4.637118620745274811e+00
4.636325671879168553e+00
4.634242657405902577e+00
4.630690050912628308e+00
4.625495984321736032e+00
4.618498736734569121e+00
4.609548754644795743e+00
4.598510292217383721e+00
4.585262747201649169e+00
4.569701756012324978e+00
4.551740101331208876e+00
4.531308474074933201e+00
4.508356121833665853e+00
4.482851401595279839e+00
4.454782242463187103e+00
4.424156509844237029e+00
4.391002248256940632e+00
4.355367769150704227e+00
4.317321541580487754e+00
4.276951841340564719e+00
4.234366114676823223e+00
4.189690023708755540e+00
4.143066152192357521e+00
4.094652370754493731e+00
4.044619878981127847e+00
3.993150964295816063e+00
3.940436535426066200e+00
3.886673503099811189e+00
3.832062090436279433e+00
3.776803158771998348e+00
3.721095631848835072e+00
3.665134094142956211e+00
3.609106625719254335e+00
3.553192922059776659e+00
3.497562729940185022e+00
3.442374615172239416e+00
3.387775061608516047e+00
3.333897889222241062e+00
3.280863967609856768e+00
3.228781194436173507e+00
3.177744703116515801e+00
3.127837262153095210e+00
3.079129828059878005e+00
3.031682215731495322e+00
2.985543852613633309e+00
2.940754586520704539e+00
2.897345521625231068e+00
2.855339860393778739e+00
2.814753733945814407e+00
2.775597007058030030e+00
2.737874047117178744e+00
2.701584449808253741e+00
2.666723716531995692e+00
2.633283881059622633e+00
2.601254084185116167e+00
2.570621097028733981e+00
2.541369794410362370e+00
2.513483580283925267e+00
2.486944768318275489e+00
2.461734920467327115e+00
2.437835146893444271e+00
2.415226370645391363e+00
2.393889560247818515e+00
2.373805933637167520e+00
2.354957136429204567e+00
2.337325397382175929e+00
2.320893664043808702e+00
2.305645720862793624e+00
2.291566292289620499e+00
2.278641133064471802e+00
2.266857107513565950e+00
2.256202260009093408e+00
2.246665877917507270e+00
2.238238548912327541e+00
2.230912213983009540e+00
2.224680217392698722e+00
2.219537355131024903e+00
2.215479922860682294e+00
2.212505764654696172e+00
2.210614323919883883e+00
2.209806697233308803e+00
2.210085693033617460e+00
2.211455895916903280e+00
2.213923738330652480e+00
2.217497581203959012e+00
2.222187805165140251e+00
2.228006914531782456e+00
2.234969656256609039e+00
2.243093156598762405e+00
2.252397078258143726e+00
2.262903801956278826e+00
2.274638636451388862e+00
2.287630061457443187e+00
2.301910009550309333e+00
2.317514193394505817e+00
2.334482485432204601e+00
2.352859359380705229e+00
2.372694402290435267e+00
2.394042909009194364e+00
2.416966570048369789e+00
2.441534265634857093e+00
2.467822978557645541e+00
2.495918835810090108e+00
2.525918287328682954e+00
2.557929420939832443e+00
2.592073400938389671e+00
2.628485995685302168e+00
2.667319122435027445e+00
2.708742282264290591e+00
2.752943667452849130e+00
2.800130588998233527e+00
2.850528667055804100e+00
2.904378931916419493e+00
2.961931557758723521e+00
3.023434379221021651e+00
3.089113603274004305e+00
3.159143289287933865e+00
3.233599416276519367e+00
3.312394141602436726e+00
3.395187082855464222e+00
3.481274587387011010e+00
3.569466936923770817e+00
3.657978741217407403e+00
3.744378141209322219e+00
3.825658125158755585e+00
3.898491504999440416e+00
3.959689165354778329e+00
4.006793043666039722e+00
4.038634028123148312e+00
4.055641862192445046e+00
4.059766853548212318e+00
4.054037871889677902e+00
4.041933479851587130e+00
4.026787583901811018e+00
4.011382085391479890e+00
3.997766645063994151e+00
3.987261073418659318e+00
3.980564461520020192e+00
3.977903550531180166e+00
3.979176850906731566e+00
3.984073891250101251e+00
3.992164360403183121e+00
4.002959897801520839e+00
4.015954242799402607e+00
4.030647686896506876e+00
4.046560861384747021e+00
4.063241689784892863e+00
4.080268239182849754e+00
4.097249323714060587e+00
4.113824075009214987e+00
4.129661232396810711e+00
4.144458594044182931e+00
4.157942855988762787e+00
4.169869917374522394e+00
4.180025632197724939e+00
4.188226917811762817e+00
4.194323085605918600e+00
4.198197232466238660e+00
4.199767520145504918e+00
4.198988171952379389e+00
4.195850032566269761e+00
4.190380562522276975e+00
4.182643176502848448e+00
4.172735874774645026e+00
4.160789164102129511e+00
4.146963306995123943e+00
4.131444977916329364e+00
4.114443438434746803e+00
4.096186363430804889e+00
4.076915463805800499e+00
4.056882051139109713e+00
4.036342680846891184e+00
4.015554993475544343e+00
3.994773851266752995e+00
3.974247840840454238e+00
3.954216186924391696e+00
3.934906095647663804e+00
3.916530523345842507e+00
3.899286348219355602e+00
3.883352906871811339e+00
3.868890848121048442e+00
3.856041250356742278e+00
3.844924947690489869e+00
3.835642011378916472e+00
3.828271338355668352e+00
3.822870306230679027e+00
3.819474463567039013e+00
3.818097235783070698e+00
3.818729639830032330e+00
3.821340014581477096e+00
3.825873788859041724e+00
3.832253323539086765e+00
3.840377879916095250e+00
3.850123779287101478e+00
3.861344832500555047e+00
3.873873125535851614e+00
3.887520254730176816e+00
3.902079103690530459e+00
3.917326250476798055e+00
3.933025083836255931e+00
3.948929700252567621e+00
3.964789654456932322e+00
3.980355684254174076e+00
3.995386688009567422e+00
4.009658726933417405e+00
4.022978342013711739e+00
4.035207661264796464e+00
4.046330039448343463e+00
4.056701160016329410e+00
4.068670397111866066e+00
4.121945831718106135e+00
4.108143485264765360e+00
4.075473941518305665e+00
4.073355684300660862e+00
4.071784003692871856e+00
4.069265734959331304e+00
4.065704176650883461e+00
4.061248998248435882e+00
4.056134436575542956e+00
4.050641337961182309e+00
4.045084592120770317e+00
4.039807819082349205e+00
4.035180919920733800e+00
4.031599197468963780e+00
4.029483524650581572e+00
4.029281145304814515e+00
4.031466497038256769e+00
4.036541008378929263e+00
4.045030044027472016e+00
4.057473923510706904e+00
4.074408001754077802e+00
4.096324000152239186e+00
4.123601166137785157e+00
4.156392206978468451e+00
4.194447894825910517e+00
4.236871775631772863e+00
4.281823152972575208e+00
4.326244541424933310e+00
4.365777401810881919e+00
4.395100228283639332e+00
4.408863270523809774e+00
4.403096757792306803e+00
4.376531043494599871e+00
4.331084624501922775e+00
4.271182114196992785e+00
4.202295710529786454e+00
4.129493740972895566e+00
4.056560536708055942e+00
3.985777020331001008e+00
3.918147093622252886e+00
3.853820679353036738e+00
3.792579840070801289e+00
3.734410795050517873e+00
3.680377973424043603e+00
3.634348598113942064e+00
3.606728234936763755e+00
3.621646738510664321e+00
3.722527232527008234e+00
3.937477865366991292e+00
4.171956091823525448e+00
4.265777963152129537e+00
4.218326685105898477e+00
4.114060516440453341e+00
4.002396004845237165e+00
3.898850661988820132e+00
3.805797500880305773e+00
3.722020116529616285e+00
3.645764414431522660e+00
3.575528415077792399e+00
3.510181883958142013e+00
3.448914660575479019e+00
3.391158194247958058e+00
3.336517397923605799e+00
3.284718849947831032e+00
3.235573310283041071e+00
3.188949160841838548e+00
3.144753784142801489e+00
3.102920605467496706e+00
3.063400147266233109e+00
3.026153924067596090e+00
2.991150348435854589e+00
2.958362065043994793e+00
2.927764303032457160e+00
2.899333961627911016e+00
2.873049234489093440e+00
2.848889646535829101e+00
2.826836429411184515e+00
2.806873207621905841e+00
2.788987009048049526e+00
2.773169660365954137e+00
2.759419684632790748e+00
2.747744899428082199e+00
2.738166034214351896e+00
2.730721880369223697e+00
2.725476811135618682e+00
2.722532071292678157e+00
2.722043250094140721e+00
2.724248248072362433e+00
2.729513754565366490e+00
2.738415838783521572e+00
2.751886598261283901e+00
2.771496013005619208e+00
2.800027700682387710e+00
2.842732264038202672e+00
2.910195768343895040e+00
3.024657833208071800e+00
3.226243751653889547e+00
3.494856528060415357e+00
3.460044444602500047e+00
3.148286680259619885e+00
2.967771725984363229e+00
2.901568491683916395e+00
2.887961495808230694e+00
2.900286032105205525e+00
2.928500788002241340e+00
2.969168904045303758e+00
3.021691741821457278e+00
3.086714596116012288e+00
3.165013559687368971e+00
3.255968168442686661e+00
3.354999417207301438e+00
3.450240073282208719e+00
3.521582227725084557e+00
3.548815001028798655e+00
3.530502800362971261e+00
3.497696024254158154e+00
3.499871725473451267e+00
3.549374738116737760e+00
3.574548092825569068e+00
3.523944398420536750e+00
3.435121673722882463e+00
3.349268108010556855e+00
3.279960102915837616e+00
3.227332543609679583e+00
3.188156699092355328e+00
3.159134729085138815e+00
3.137614695008781762e+00
3.121594161988118898e+00
3.109581287669488159e+00
3.100459908971428646e+00
3.093386516603508163e+00
3.087717338706224890e+00
3.082958406851185718e+00
3.078732140168852549e+00
3.074755684668239120e+00
3.070827787014372312e+00
3.066822201939728654e+00
3.062686624158969195e+00
3.058447062337464217e+00
3.054218624866813059e+00
3.050225122725608529e+00
3.046832115627921667e+00
3.044601670391140491e+00
3.044383171353633344e+00
3.047464231366922682e+00
3.055818840606053577e+00
3.072496021393264609e+00
3.102134617562393615e+00
3.151235054571446703e+00
3.226448028639162580e+00
3.325964956124215721e+00
3.420926613189075649e+00
3.455767541154845635e+00
3.407889381936756834e+00
3.316290394419776355e+00
3.224641179108601818e+00
3.150147974190090849e+00
3.093786033481673581e+00
3.051907819927369925e+00
3.020716565133543252e+00
2.997255184634837200e+00
2.979370803236601084e+00
2.965494494161004635e+00
2.954447872741841508e+00
2.945307764149681429e+00
2.937319180380626449e+00
2.929842386569794233e+00
2.922322890605316914e+00
2.914276582665586091e+00
2.905284674462971672e+00
2.894994623711240944e+00
2.883124184103102561e+00
2.869466358444903165e+00
2.853893537199132968e+00
2.836359580363727151e+00
2.816899098267908297e+00
2.795623706316548329e+00
2.772715549940953039e+00
2.748418888865230780e+00
2.723030984842317537e+00
2.696893977695826727e+00
2.670389957023801220e+00
2.643942224589137968e+00
2.618027147254792908e+00
2.593203639754547929e+00
2.570172295910428062e+00
2.549885404168307446e+00
2.533745423510204819e+00
2.523955395825629999e+00
2.524112342208005177e+00
2.540101020343103588e+00
2.580975921931295769e+00
2.658004547408494567e+00
2.776697317008443022e+00
2.918227031623235490e+00
3.032884730246907079e+00
3.080873941668271332e+00
3.069653694572727520e+00
3.030466600727937276e+00
2.986969151371101638e+00
2.949910732116741485e+00
2.922481350916389164e+00
2.904777743194258299e+00
2.895976021135187040e+00
2.895209650817959890e+00
2.901921796735184689e+00
2.916081340987582760e+00
2.938489923078697164e+00
2.971443425848869779e+00
3.020309910985819801e+00
3.097375823589061827e+00
3.229301603319981950e+00
3.439803569365842861e+00
3.533070896182476606e+00
3.336499526491806922e+00
3.207080415666529127e+00
3.186498429295101964e+00
3.232868882789195819e+00
3.346638234526754463e+00
3.559165911785882930e+00
3.848738954924244560e+00
3.944344976715822071e+00
3.765401563141533625e+00
3.585578579665901433e+00
3.481876411902772972e+00
3.430874601924137846e+00
3.410159798658167762e+00
3.407332765382956818e+00
3.415937805404277050e+00
3.432561248351784666e+00
3.455356359755600071e+00
3.483315221130824035e+00
3.515898675509123716e+00
3.552840342463920553e+00
3.594038317765754442e+00
3.639491603619839477e+00
3.689255810718158557e+00
3.743394188171406789e+00
3.801882457821522454e+00
3.864367634260501561e+00
3.929521167655455116e+00
3.993348023309707617e+00
4.045334747240260320e+00
4.063574622055202035e+00
4.025613088879178569e+00
3.956015558023299850e+00
3.920231586345761965e+00
3.935913232626098601e+00
3.979475017912474044e+00
4.030270946989034542e+00
4.078206485878322241e+00
4.118978309346776001e+00
4.150690748670688990e+00
4.172416826801360834e+00
4.183678693009596827e+00
4.184284092642306163e+00
4.174286490186034371e+00
4.153977946968436363e+00
4.123879905118529088e+00
4.084720378153535059e+00
4.037396836657692667e+00
3.982929388108225055e+00
3.922411260667064248e+00
3.856964468117328515e+00
3.787709251121766041e+00
3.715758608553698217e+00
3.642257899296207579e+00
3.568512496636984110e+00
3.496302109585064599e+00
3.428601251060404920e+00
3.371105070403950688e+00
3.334664889292791479e+00
3.334789769545932092e+00
3.372899025308945919e+00
3.406193988078391133e+00
3.390335381867661368e+00
3.335718740455271725e+00
3.269586585705127835e+00
3.206337518964947009e+00
3.150463999990561703e+00
3.102633502366321849e+00
3.062419679959125673e+00
3.029204917985838019e+00
3.002427830862754554e+00
2.981626838037575222e+00
2.966427451689230388e+00
2.956518207719627700e+00
2.951627569655369321e+00
2.951504220960183389e+00
2.955900422081769285e+00
2.964557588182421988e+00
2.977193364611085080e+00
2.993489752495597234e+00
3.013082116901599328e+00
3.035549150716580602e+00
3.060404032610767988e+00
3.087087048952338542e+00
3.114959745469397134e+00
3.143300032958452395e+00
3.171296228932893424e+00
3.198035015399505188e+00
3.222472025214297542e+00
3.243359838498088177e+00
3.259074041657402443e+00
3.267183554139574397e+00
3.263311221731360678e+00
3.237727743114673817e+00
3.163922218802312170e+00
2.990596074771768809e+00
3.281915922068440850e+00
3.527627021715513678e+00
3.522805718254985230e+00
3.501074934235719471e+00
3.480125151023572005e+00
3.459845578759948470e+00
3.439051330138008122e+00
3.416765737131165270e+00
3.392209155745175675e+00
3.364718790276637783e+00
3.333711710930328476e+00
3.298688360224252492e+00
3.259266475071417535e+00
3.215238363513951203e+00
3.166645806870825641e+00
3.113864916139121419e+00
3.057687945459252710e+00
2.999381369955696375e+00
2.940692606090486105e+00
2.883777210897144005e+00
2.831030627637523445e+00
2.784836072981406563e+00
2.747276405119830400e+00
2.719886875565607376e+00
2.703531518623556451e+00
2.698467265201508702e+00
2.704639764845333083e+00
2.722281990347511282e+00
2.753042530275101818e+00
2.802236013900842426e+00
2.881821799819571872e+00
2.981664078327192602e+00
2.883518459742110629e+00
2.700438133843873434e+00
2.654766322984667859e+00
2.649828726523181022e+00
2.650502471815981309e+00
2.649354698974895062e+00
2.645057070033148605e+00
2.637794624815767541e+00
2.628205753916543763e+00
2.617092484870178648e+00
2.605324723242660845e+00
2.593800509419994960e+00
2.583424881872159240e+00
2.575095736159794590e+00
2.569692003938658598e+00
2.568061090380000522e+00
2.571002486134562837e+00
2.579243947273959225e+00
2.593406110872997328e+00
2.613951333086126816e+00
2.641113549698110408e+00
2.674809009723921438e+00
2.714533914990147512e+00
2.759265002197091921e+00
2.807391996582231819e+00
2.856722481154684079e+00
2.904601799496193681e+00
2.948173111769510690e+00
2.984761132213326285e+00
3.012307891959582928e+00
3.029747707894886233e+00
3.037211701029221889e+00
3.036007617172254314e+00
3.028401709386945750e+00
3.017291898380621173e+00
3.005876151717596922e+00
2.997389345313370423e+00
2.994928733442336899e+00
3.001333896970787229e+00
3.019039227551256754e+00
3.049774914614021615e+00
3.093969583850915583e+00
3.149770553954841734e+00
3.211891089022194112e+00
3.271116786868416337e+00
3.315838573190950545e+00
3.336175856353305491e+00
3.328611058591186556e+00
3.297431707121843303e+00
3.251852688589161211e+00
3.201595284585780909e+00
3.154011162825985704e+00
3.113426825840927226e+00
3.081760055834451784e+00
3.059423832393915355e+00
3.046053580275308370e+00
3.040969379340702439e+00
3.043428602245946468e+00
3.052744397439631996e+00
3.068326364825930241e+00
3.089677589760874810e+00
3.116366388543379884e+00
3.147981948498935978e+00
3.184078899883420632e+00
3.224115411325806146e+00
3.267391787025843541e+00
3.313000851776163547e+00
3.359805948518182372e+00
3.406464181928150925e+00
3.451507802946209402e+00
3.493482758453946513e+00
3.531122376032606258e+00
3.563514349368610112e+00
3.590212628298041331e+00
3.611259861198880206e+00
3.627116168591105971e+00
3.638521224070466076e+00
3.646333682694351985e+00
3.651389620838862982e+00
3.654405713198296546e+00
3.655933834989607334e+00
3.656359521285311942e+00
3.655929814946266454e+00
3.654795205458807761e+00
3.653052984550082982e+00
3.650783228331935693e+00
3.648072479436335502e+00
3.645023505963087551e+00
3.641752117455375970e+00
3.638373941424603242e+00
3.634985377167467391e+00
3.631643746234426207e+00
3.628352072319726229e+00
3.625054060581128557e+00
3.621644778918470031e+00
3.618002227593502429e+00
3.614044186202256537e+00
3.609812906599554783e+00
3.605586309005772705e+00
3.602006357306211104e+00
3.600199883839389603e+00
3.601839712298223084e+00
3.609051825235864985e+00
3.624028294708124598e+00
3.648204505984771640e+00
3.681010511457225132e+00
3.718613804936039990e+00
3.753582914643791568e+00
3.776379667119122541e+00
3.778454090805298371e+00
3.755225119558206703e+00
3.707152624971434829e+00
3.638677926475271551e+00
3.556209718224656147e+00
3.466364580608728652e+00
3.374933387496371839e+00
3.286470856222222459e+00
3.204241877571555097e+00
3.130319448485431977e+00
3.065729330289046040e+00
3.010605016316804772e+00
2.964349356051370510e+00
2.925809416845787325e+00
2.893469534374242258e+00
2.865659978425936227e+00
2.840769081192874523e+00
2.817438703511038867e+00
2.794720021358668038e+00
2.772170686977561971e+00
2.749884400551837693e+00
2.728455907479370168e+00
2.708893352041739089e+00
2.692491862184396290e+00
2.680675899059627110e+00
2.674804745857878530e+00
2.675919753265812329e+00
2.684402208387360211e+00
2.699524274519717437e+00
2.718941727199014391e+00
2.738323829168757051e+00
2.751508687338982018e+00
2.751619115622457201e+00
2.733160430492783455e+00
2.694246551722786709e+00
2.637551838025831152e+00
2.569273361137029532e+00
2.496843619675639392e+00
2.426825459706963173e+00
2.363849214405826071e+00
2.310541705472564988e+00
2.267972285703125035e+00
2.236202034477606126e+00
2.214733206345916638e+00
2.202812942165757626e+00
2.199615756371785302e+00
2.204346066474820010e+00
2.216297087938213561e+00
2.234892545928307772e+00
2.259728220246190133e+00
2.290620043622839219e+00
2.327646914526600330e+00
2.371130712202087931e+00
2.421380481758243164e+00
2.477772571818663838e+00
2.536383219454513505e+00
2.585834610184365889e+00
2.605241971394936407e+00
2.575116170043410424e+00
2.499050569654648335e+00
2.403484280619225366e+00
2.312568221947924219e+00
2.235651586497398480e+00
2.172458520526394654e+00
2.119944530929150694e+00
2.075385761825280895e+00
2.037133015743430420e+00
2.004629464428549390e+00
1.978422216335566031e+00
1.960511242197260584e+00
1.955392205839642017e+00
1.972338239426250084e+00
2.028939561339837550e+00
2.149907832359352344e+00
2.335716650185569065e+00
2.503939676363601041e+00
2.563085450844122093e+00
2.539502515318946774e+00
2.496376570441779741e+00
2.463168794174833920e+00
2.445905933042988423e+00
2.442914415503723902e+00
2.450930296463778468e+00
2.466739493417501095e+00
2.487492110861020400e+00
2.510733769050290221e+00
2.534440302504259446e+00
2.557113049263711524e+00
2.577921039731233321e+00
2.596853085879291978e+00
2.614840310105562615e+00
2.633821327348258912e+00
2.656738286464482623e+00
2.687448802718479524e+00
2.730469548551825554e+00
2.790247724067174140e+00
2.869195875680637720e+00
2.963292355734171935e+00
3.055600414936052278e+00
3.115401019329030685e+00
3.116277314657851072e+00
3.061906659927602359e+00
2.981936859111055327e+00
2.904341126520818772e+00
2.841965335798004144e+00
2.796541617376066213e+00
2.765667519572734268e+00
2.746844493868252357e+00
2.739048125029922343e+00
2.743116289743991576e+00
2.761626714596373766e+00
2.798358822222996700e+00
2.856870687422471633e+00
2.937007396118792357e+00
3.028138419455110864e+00
3.102464472417088448e+00
3.123079851538128171e+00
3.075316392644502184e+00
2.984744316029139366e+00
2.891413500280854088e+00
2.820388974948127903e+00
2.778508659109848011e+00
2.763005842664127520e+00
2.768079914494287141e+00
2.787687382746118825e+00
2.816367259078516039e+00
2.849408226974258884e+00
2.882893262761464737e+00
2.913756991253853457e+00
2.939834416328348077e+00
2.959845859471159191e+00
2.973291685688812969e+00
2.980279190515131127e+00
2.981335907324055512e+00
2.977259891532136216e+00
2.969026258858053158e+00
2.957734607954831674e+00
2.944564660254834543e+00
2.930712799535903468e+00
2.917301725163782500e+00
2.905276150026365301e+00
2.895310068549626248e+00
2.887752850115773651e+00
2.882634303476444337e+00
2.879736366090891231e+00
2.878724077177124752e+00
2.879313400101536580e+00
2.881441243673503294e+00
2.885397372133272409e+00
2.891881445675446471e+00
2.901960325187001200e+00
2.916915896751363313e+00
2.937985361591975764e+00
2.966001606040383543e+00
3.000947900701953497e+00
3.041467640038592268e+00
3.084440239374909964e+00
3.124851316869890372e+00
3.156277029786894062e+00
3.172191851437463406e+00
3.167847146273115033e+00
3.141866410862842685e+00
3.096602784388782226e+00
3.037055229651917987e+00
2.969105172294225437e+00
2.898080427564074579e+00
2.828130341818757998e+00
2.762290344948985066e+00
2.702886419363288439e+00
2.652032828022043098e+00
2.612207559102908583e+00
2.587198933265641099e+00
2.584355033886102326e+00
2.620841884969263180e+00
2.738951975313316467e+00
2.991054385432597051e+00
3.150790225602789985e+00
3.018413610604810948e+00
2.899644986015741832e+00
2.856467958654465900e+00
2.857862924760669276e+00
2.882078831657477025e+00
2.916691834438001507e+00
2.953715892315420088e+00
2.987425391850172307e+00
3.013588502744368736e+00
3.029223761166604412e+00
3.032488036327307235e+00
3.022572117752994725e+00
2.999619787222173262e+00
2.964715423685201579e+00
2.919918782838327953e+00
2.868223082955308811e+00
2.813263063636177286e+00
2.758672630333237841e+00
2.707192755551012908e+00
2.659882040588026797e+00
2.615921096250699573e+00
2.573324644465198929e+00
2.530337862223656753e+00
2.486753605089784269e+00
2.444397684141569549e+00
2.406644948012774954e+00
2.377439976818356282e+00
2.360393667662849637e+00
2.358227881898212530e+00
2.372533815813467228e+00
2.403689350918971623e+00
2.450812776852444141e+00
2.511724037863710013e+00
2.582979672318798325e+00
2.660104362006869838e+00
2.738117327813572643e+00
2.812316816054756252e+00
2.879085972761104895e+00
2.936362804438518381e+00
2.983517736929698572e+00
3.020681529770604445e+00
3.047864460058794744e+00
3.064314964331779301e+00
3.068449643215894085e+00
3.058426071150757153e+00
3.033124326932860271e+00
2.993077615576895223e+00
2.940899027400062149e+00
2.881033287802599929e+00
2.819032800359416946e+00
2.760741100614119148e+00
2.711668729314880899e+00
2.676595079190461135e+00
2.659185832886359346e+00
2.661240076662276355e+00
2.681137591072408899e+00
2.711536243886123465e+00
2.738245462521609497e+00
2.744855642262350681e+00
2.724411628787390516e+00
2.686388937728337645e+00
2.647263475869716221e+00
2.616027574396330824e+00
2.590917031366459788e+00
2.565856487726527302e+00
2.537595333194469838e+00
2.508533495506318545e+00
2.484965315384090268e+00
2.473239841999875566e+00
2.477138131084353212e+00
2.498971716631094075e+00
2.544369123995190662e+00
2.624177596290943271e+00
2.734847460522447093e+00
2.811965500424709941e+00
2.765458605239271783e+00
2.622478142353043662e+00
2.484184725378657532e+00
2.409677962989261513e+00
2.414796191981403162e+00
2.491113909276487792e+00
2.600532728511940839e+00
2.678499020986432555e+00
2.685543460988589981e+00
2.640569338747643879e+00
2.571878013319879752e+00
2.478662444639335938e+00
2.349897433866841912e+00
2.191554028354315786e+00
2.026045805600471539e+00
1.875502354600509847e+00
1.752387308445497949e+00
1.660710765141726997e+00
1.600497424029408755e+00
1.571264167785915378e+00
1.574039813136296706e+00
1.612450476528760612e+00
1.692703078424609098e+00
1.819972791461340833e+00
1.984404981364651155e+00
2.135447854162895176e+00
2.192934347788619398e+00
2.142251918238299080e+00
2.057049277092949602e+00
2.000569953393492195e+00
1.988699318263074334e+00
2.012425307882362624e+00
2.055364335516275620e+00
2.100239671202715819e+00
2.132734741237360510e+00
2.145596842512521363e+00
2.140928987564578723e+00
2.128244857897854558e+00
2.119301439614355687e+00
2.123087426967243729e+00
2.143103120598109701e+00
2.176907074008930021e+00
2.217345138095199175e+00
2.255330429049140051e+00
2.283824263838701185e+00
2.301412323216092126e+00
2.313255524040621403e+00
2.328736881890891119e+00
2.357342396193967460e+00
2.404664179201105423e+00
2.469215950129021397e+00
2.540428418448997139e+00
2.599881474930225256e+00
2.628838628058276949e+00
2.619685064054022128e+00
2.580169890389875764e+00
2.524745681019185728e+00
2.463538325485046698e+00
2.399830678879080637e+00
2.334144069286082424e+00
2.268033657332356512e+00
2.204710550266021585e+00
2.147683540220804321e+00
2.099350830988816252e+00
2.060387460748217769e+00
2.029832739140585485e+00
2.005528068333406910e+00
1.984668784494759253e+00
1.964376242689692020e+00
1.942249752328457868e+00
1.916838669684860275e+00
1.887942400937700382e+00
1.856654538160698698e+00
1.825133864180060295e+00
1.796176579708764764e+00
1.772723566400688844e+00
1.757430214933184409e+00
1.752368501111290389e+00
1.758863816961301119e+00
1.777427175805481374e+00
1.807736758000376698e+00
1.848642661851678914e+00
1.898200366980568266e+00
1.953766967285474498e+00
2.012204476390664798e+00
2.070211851072238041e+00
2.124747261600924197e+00
2.173425445274511425e+00
2.214732174621097283e+00
2.247942792757161801e+00
2.272773617535656765e+00
2.288970736229253955e+00
2.296138394664451354e+00
2.294028409627955956e+00
2.283238523381946106e+00
2.265940566514920373e+00
2.246135226950479957e+00
2.229154236532872257e+00
2.220523148391621238e+00
2.224515386888411772e+00
2.242670733220124557e+00
2.272485167184981503e+00
2.306738810781761018e+00
2.334441138089302648e+00
2.344270139973656519e+00
2.329614174450559627e+00
2.291952350131485350e+00
2.239797237154998122e+00
2.184247861016928471e+00
2.134690956196179989e+00
2.096828498847359334e+00
2.072777589521537678e+00
2.062066349172406721e+00
2.062685034527584893e+00
2.071887267862931647e+00
2.086728237454730461e+00
2.104405563082100805e+00
2.122457733982256567e+00
2.138851532141752720e+00
2.151981192607074878e+00
2.160608229240502443e+00
2.163780766061580429e+00
2.160773259847086347e+00
2.151075888078293197e+00
2.134439729855833079e+00
2.110957772411164779e+00
2.081143893894914498e+00
2.045970697011553874e+00
2.006843192088682670e+00
1.965510876593416389e+00
1.923943319865814017e+00
1.884204408808995979e+00
1.848356081738579793e+00
1.818408573168419862e+00
1.796317589361059452e+00
1.784013110778252642e+00
1.783428316539972913e+00
1.796474775558532189e+00
1.824875352867653122e+00
1.869723696670821500e+00
1.930632591754339433e+00
2.004491086396088306e+00
2.084358293158617315e+00
2.159776417138622673e+00
2.219759770567872437e+00
2.257594625462553850e+00
2.273870642547130672e+00
2.275087862683801809e+00
2.269408889691980402e+00
2.263038630078359148e+00
2.258855748891317905e+00
2.256815009409512296e+00
2.255148128800762652e+00
2.251730477671847641e+00
2.245257789722954644e+00
2.235959073028855215e+00
2.225670524027814956e+00
2.217319270690285116e+00
2.214096270874701844e+00
2.218660290109141897e+00
2.232592978904994752e+00
2.256153951340691854e+00
2.288289606132912546e+00
2.326849719966859187e+00
2.369002363626251384e+00
2.411835683565890509e+00
2.453049948186643014e+00
2.491494096582062223e+00
2.527185214704744887e+00
2.560507467153493089e+00
2.590636714592083223e+00
2.613923607174058805e+00
2.623771778332539384e+00
2.613455293218951425e+00
2.580906688458203924e+00
2.531215283006200245e+00
2.473610766354915391e+00
2.415328682642190472e+00
2.357474429601155386e+00
2.295320800580642917e+00
2.222161933326171290e+00
2.134202926099838749e+00
2.033467824558409021e+00
1.927013046434972621e+00
1.823587927397451125e+00
1.730456574703507666e+00
1.652010258219332783e+00
1.589981008355434433e+00
1.544336104411613508e+00
1.514172400797203499e+00
1.498362029771528992e+00
1.495957429450646137e+00
1.506446818465695392e+00
1.529952275102886450e+00
1.567437037405226885e+00
1.620939136721728957e+00
1.693709709711137323e+00
1.789709423619010531e+00
1.910857379796011335e+00
2.049192132660945020e+00
2.175378949164088915e+00
2.243977749968533164e+00
2.234015031370789828e+00
2.171940084412952388e+00
2.097056255311297246e+00
2.031077270328542461e+00
1.979657343783203238e+00
1.942132398294738049e+00
1.916818743766495858e+00
1.902361911130789229e+00
1.897472670305257125e+00
1.900411809259911378e+00
1.908761372300362469e+00
1.919549878052585701e+00
1.929604018271170229e+00
1.935986069486955730e+00
1.936422194064444602e+00
1.929650732693096282e+00
1.915617835383714995e+00
1.895461350825415447e+00
1.871280263683245959e+00
1.845764690685962606e+00
1.821806643111899993e+00
1.802188934694524791e+00
1.789370263014123719e+00
1.785286211710692683e+00
1.790998777632434980e+00
1.805982979481933315e+00
1.826946850160384050e+00
1.846597997139696412e+00
1.853822385275854190e+00
1.837230939215015235e+00
1.791441081719462147e+00
1.720865119563706802e+00
1.636813361122207544e+00
1.551066465878236711e+00
1.471696915043115839e+00
1.402598425839838070e+00
1.344831438600770701e+00
1.298053987641380136e+00
1.261455146514691705e+00
1.234233885322132851e+00
1.215802213950707200e+00
1.205850923451169843e+00
1.204355510618469127e+00
1.211558045932765282e+00
1.227936940251797227e+00
1.254163404515620472e+00
1.291035678602890702e+00
1.339377876874696893e+00
1.399890577801303770e+00
1.472948339546039209e+00
1.558357643379860491e+00
1.655110445730398894e+00
1.761163189791101535e+00
1.873183941551075593e+00
1.986030102504072747e+00
2.091677690632800513e+00
2.178058374125158458e+00
2.230066058398803897e+00
2.235457454479870876e+00
2.193251655929705723e+00
2.116112434540845744e+00
2.023450660572301274e+00
1.932605230055122636e+00
1.854927703657766047e+00
1.796400761835028392e+00
1.759658606485986487e+00
1.745516346787008510e+00
1.753498195324307174e+00
1.781364859237676068e+00
1.823814045326026312e+00
1.871010266811561795e+00
1.908630676447779173e+00
1.921622478509426468e+00
1.901366396557885974e+00
1.851030818629982200e+00
1.783810849220603290e+00
1.715951218312085302e+00
1.660901315888617891e+00
1.627565875985938604e+00
1.621241183085097459e+00
1.644953764554233366e+00
1.699871741275706727e+00
1.784345134541401867e+00
1.891968725116198957e+00
2.010421682242560237e+00
2.123558853732600227e+00
2.216054078650364190e+00
2.275042901505389459e+00
2.287511736208494906e+00
2.242463024592903142e+00
2.141226267720463206e+00
2.002173222065417146e+00
1.851064184150017056e+00
1.708355370410263196e+00
1.584661450264131410e+00
1.482956820378279028e+00
1.402214292820824548e+00
1.339967103187243991e+00
1.293618224677392181e+00
1.260970008279839849e+00
1.240375513767632443e+00
1.230735185703828449e+00
1.231439818225497529e+00
1.242293421163855438e+00
1.263411970971932252e+00
1.295066832435566750e+00
1.337415785707752436e+00
1.390045074994094465e+00
1.451264951568660644e+00
1.517234489333544545e+00
1.581325700173375592e+00
1.634574541870776665e+00
1.668013344342352378e+00
1.676366084863456729e+00
1.660715678154658148e+00
1.627912017840596581e+00
1.587291088584646515e+00
1.547331892447233903e+00
1.514024368327854697e+00
1.490861215617832469e+00
1.479567429507791854e+00
1.480884969672856100e+00
1.495139746270701231e+00
1.522558756377321743e+00
1.563377631838861026e+00
1.617771218443644576e+00
1.685614500260598003e+00
1.766075714149345499e+00
1.857091313444571012e+00
1.954897970221290304e+00
2.053951852122093413e+00
2.147529521096166238e+00
2.228782040821126742e+00
2.291245540039612116e+00
2.328085911495903382e+00
2.331513808559512846e+00
2.295306851276168292e+00
2.220094194304801150e+00
2.115855870213802614e+00
1.998027267544353780e+00
1.880959949534072306e+00
1.774094733449965489e+00
1.681819458061834860e+00
1.605068104349645530e+00
1.542978285560825391e+00
1.494016938828623298e+00
1.456600467895947881e+00
1.429391349590561022e+00
1.411425800041970602e+00
1.402168431688119776e+00
1.401543897421453133e+00
1.409962459409648261e+00
1.428321915302075418e+00
1.457907837410730156e+00
1.499989647023459716e+00
1.554694915280971257e+00
1.618595364782996038e+00
1.681201405826253437e+00
1.723786537518531059e+00
1.727276402429544611e+00
1.687482718176942065e+00
1.619540030733702674e+00
1.544705343694666055e+00
1.477419065815516630e+00
1.423299280035233316e+00
1.382697399759828638e+00
1.353982989849864094e+00
1.335237410022009241e+00
1.324881606087244812e+00
1.321822666185637596e+00
1.325432294563957170e+00
1.335486480308029522e+00
1.352109495267668438e+00
1.375730015344121426e+00
1.407041966592832649e+00
1.446952716226052704e+00
1.496489471636439861e+00
1.556618505889804549e+00
1.627913947563901509e+00
1.710008785197009606e+00
1.800809778264728100e+00
1.895623103241425245e+00
1.986646088047582026e+00
2.063564581069579518e+00
2.115792116017295221e+00
2.135854125347810495e+00
2.122195624142497739e+00
2.079675397388337732e+00
2.017528415721812518e+00
1.946186236231072675e+00
1.874646206082936528e+00
1.809205147780418077e+00
1.753374897995413795e+00
1.708371263618400970e+00
1.673663274883327112e+00
1.647341020376848597e+00
1.626295892545393196e+00
1.606374102260784698e+00
1.582771258779177570e+00
1.550912466381819232e+00
1.507773822536811803e+00
1.453088798942715476e+00
1.389615758057710648e+00
1.322132785593365334e+00
1.255753281895989559e+00
1.194544993914757880e+00
1.140978261835156049e+00
1.096078081546865146e+00
1.059886000366452086e+00
1.031925963466213236e+00
1.011547093221399463e+00
9.981348904684493872e-01
9.912269626184198046e-01
9.905730838441250130e-01
9.961694609655298294e-01
1.008286130648065271e+00
1.027497665521477144e+00
1.054719676781551208e+00
1.091243476425447723e+00
1.138742599216148399e+00
1.199187810937758947e+00
1.274539840439798066e+00
1.365994875663778085e+00
1.472520439741800136e+00
1.588733596017346761e+00
1.703319994162101558e+00
1.800814029064181643e+00
1.868560554171713628e+00
1.904309107871075213e+00
1.915649251488890537e+00
1.910372911669136142e+00
1.887244351516489171e+00
1.836379135953490671e+00
1.750225150853622624e+00
1.634751112917899762e+00
1.507804608354391451e+00
1.387561080040039307e+00
1.284599236623832130e+00
1.201859741933026582e+00
1.137926097993889663e+00
1.089813504857079396e+00
1.054433683676784472e+00
1.029144682652997522e+00
1.011859810484771138e+00
1.000991200139111692e+00
9.953518322906645954e-01
9.940621456739924255e-01
9.964741443988041070e-01
1.002113591310212382e+00
1.010637179513618866e+00
1.021801055791147661e+00
1.035437528477165525e+00
1.051437405247074075e+00
1.069735895527220704e+00
1.090300301757058943e+00
1.113117793684458956e+00
1.138181409095208263e+00
1.165472059229291757e+00
1.194933796248652369e+00
1.226439132821840694e+00
1.259741374016293936e+00
1.294413064843992656e+00
1.329776288956777908e+00
1.364845075743804426e+00
1.398323590731860966e+00
1.428724984263928022e+00
1.454658124719732104e+00
1.475221927314883885e+00
1.490267740041393063e+00
1.500227702741947722e+00
1.505478258986017170e+00
1.505657169601002154e+00
1.499481996426219599e+00
1.485261481678747053e+00
1.461822150704279455e+00
1.429348879383408821e+00
1.389712012996590085e+00
1.346137826846688146e+00
1.302424201828075834e+00
1.262101226171189472e+00
1.227873571175783995e+00
1.201455952556556239e+00
1.183715567788893752e+00
1.174965183129164981e+00
1.175281218766838665e+00
1.184783070770908164e+00
1.203855753797798744e+00
1.233310606384427244e+00
1.274450310024364486e+00
1.328915519106486309e+00
1.398010201283589993e+00
1.480971596107645283e+00
1.571803947464025519e+00
1.656096960713287602e+00
1.713089064700913156e+00
1.727365586234161254e+00
1.701027316333975303e+00
1.650888654453181781e+00
1.595134241084199989e+00
1.545020000676782246e+00
1.504788917727573949e+00
1.474501507032506709e+00
1.452317635596693801e+00
1.435693583353908842e+00
1.421947485922780974e+00
1.408634216763449798e+00
1.393917567470001728e+00
1.376873867240868465e+00
1.357547830290634083e+00
1.336693683578173530e+00
1.315347273561285446e+00
1.294455454426335583e+00
1.274687396005663942e+00
1.256412527040436267e+00
1.239766929567052145e+00
1.224740319924367382e+00
1.211249117560723620e+00
1.199186538788282963e+00
1.188452598514191383e+00
1.178970022436319320e+00
1.170691352229646043e+00
1.163600749129820588e+00
1.157712229899831913e+00
1.153064495751825902e+00
1.149711032188172499e+00
1.147702675423211360e+00
1.147058611253575666e+00
1.147721877615400787e+00
1.149499412911824558e+00
1.151998345757254905e+00
1.154591157418886738e+00
1.156462556361461225e+00
1.156780565440843400e+00
1.154963784233948410e+00
1.150916748993200622e+00
1.145083800222333359e+00
1.138288466529050469e+00
1.131473489727918169e+00
1.125489419112825518e+00
1.120999670479465138e+00
1.118483815666907244e+00
1.118289589364372283e+00
1.120694298794825405e+00
1.125956201218694774e+00
1.134349618737677590e+00
1.146181811330152289e+00
1.161786974275714313e+00
1.181484160882669165e+00
1.205470320835809073e+00
1.233595800347367488e+00
1.264945654370936978e+00
1.297172968639698887e+00
1.325746003364031367e+00
1.343909497337589576e+00
1.344954964902939976e+00
1.327284248139072309e+00
1.297987739696626619e+00
1.269057631165887878e+00
1.249218506673778650e+00
1.240023346633538637e+00
1.237819853266578951e+00
1.237433808685388659e+00
1.234756585641730187e+00
1.227778022117422596e+00
1.216466308964500920e+00
1.202058904787235871e+00
1.186275936203887049e+00
1.170761733217677847e+00
1.156821801489564372e+00
1.145379282858089098e+00
1.137044031841279557e+00
1.132215194255412394e+00
1.131174716432298277e+00
1.134152851153075625e+00
1.141354170779385724e+00
1.152925520541780324e+00
1.168826118594635144e+00
1.188526462220461433e+00
1.210440208313723565e+00
1.231084111252809477e+00
1.244413543521293741e+00
1.242717431758634916e+00
1.220601483930986442e+00
1.180139342333097474e+00
1.131014245850015199e+00
1.084242356564757426e+00
1.046516209038836465e+00
1.019596787231927815e+00
1.002450435795866568e+00
9.931847761067669200e-01
9.900106758964793974e-01
9.915409757260031931e-01
9.968000364412989978e-01
1.005145636794801289e+00
1.016180639462088919e+00
1.029672962551140936e+00
1.045477175185808960e+00
1.063436301408591023e+00
1.083225144779797366e+00
1.104069957657972001e+00
1.124250465366925855e+00
1.140319607262039625e+00
1.146279873328314602e+00
1.133924999449416715e+00
1.096760034640559933e+00
1.037521801995264559e+00
9.709010602054407579e-01
9.140575452244654731e-01
8.755709806291960273e-01
8.548071250483634254e-01
8.472219876879286682e-01
8.482526691688831999e-01
8.545828442625577059e-01
8.641219408481377595e-01
8.756717694248576933e-01
8.886329280936579034e-01
9.028205816264729400e-01
9.183819405074862274e-01
9.358056758473752845e-01
9.560368385776444322e-01
9.807520823958961742e-01
1.012915601337106564e+00
1.057787988809283375e+00
1.124126528841146166e+00
1.221271065306818393e+00
1.330880721191277427e+00
1.356002720172596598e+00
1.257319131228251230e+00
1.148401475097998503e+00
1.080448686627343724e+00
1.043778158524866662e+00
1.024693403676337544e+00
1.015169385442131533e+00
1.011012665274588107e+00
1.010022333501479297e+00
1.011012536818563179e+00
1.013335344023192031e+00
1.016647844707493809e+00
1.020798472785428679e+00
1.025775676484357968e+00
1.031694422506640896e+00
1.038812281430240070e+00
1.047575407584755647e+00
1.058692956984901956e+00
1.073190306870285049e+00
1.092103813253936906e+00
1.114112328255696838e+00
1.125883691945356979e+00
1.095310793601020016e+00
1.033304095698627245e+00
9.930239894365044950e-01
9.779032917959109561e-01
9.742485448220717936e-01
9.747540733749626707e-01
9.766048256455461818e-01
9.787758953512123439e-01
9.809086922311378576e-01
9.828996704113459604e-01
9.847491744902120425e-01
9.865058238696440274e-01
9.882488650895601134e-01
9.900887844200230159e-01
9.921813815043317719e-01
9.947588916776033408e-01
9.981903866979988660e-01
1.003094037761583346e+00
1.010505540175778760e+00
1.021747315146789514e+00
1.034712693518950344e+00
1.027858644755492934e+00
9.911687621598298525e-01
9.682823174905482722e-01
9.608097460986626537e-01
9.587028076446107994e-01
9.581434559433092968e-01
9.579741946455295754e-01
9.578438470089030154e-01
9.576503256101047690e-01
9.573725263233988647e-01
9.570159693961093339e-01
9.565941458276322473e-01
9.561219377334221337e-01
9.556133620123988814e-01
9.550809124000367856e-01
9.545354900023261813e-01
