2.069509252209110084e+00
1.948576313280359296e+00
2.251867579419025489e+00
2.020133464134477919e+00
2.712131542316561728e+00
1.694516922918564150e+00
2.292668725422695175e+00
1.980111317451329622e+00
2.488943373617443999e+00
2.262457087469229133e+00
2.690038692631715023e+00
2.236686310824515633e+00
2.313674676304661393e+00
2.294231131103180221e+00
3.454878889712263756e+00
2.350038160996950953e+00
3.011486270669343490e+00
1.988225879916752481e+00
3.831513519923506195e+00
1.981235464327624429e+00
4.271940084803822479e+00
2.643780127251621703e+00
3.454734404597541442e+00
2.803221490191080800e+00
4.663250323764646765e+00
2.959283401543422620e+00
3.352897792988565495e+00
2.461591960137903268e+00
4.575249182692701311e+00
3.242652978986984014e+00
3.843460506791891440e+00
3.491224281588907630e+00
4.471159498624279749e+00
2.408844104315988943e+00
3.707863103538894922e+00
3.570768027027278801e+00
3.873064637863615101e+00
3.795162328110378791e+00
4.488202139490328868e+00
2.992062281464753948e+00
5.247780267234167795e+00
4.428404033582618915e+00
4.550419661816547112e+00
3.567029558103825604e+00
4.327753830305116622e+00
4.124333366251051736e+00
4.688784934861657483e+00
4.441283381094736527e+00
4.592528782758689587e+00
3.504918379597678157e+00
5.258007583481417946e+00
4.238813755481412926e+00
4.291405601453993413e+00
3.977610802622645547e+00
4.386119560599126999e+00
3.142691924064002329e+00
5.371429859494500469e+00
4.819658233900939948e+00
5.624310181559228461e+00
4.946794960280746167e+00
5.489995976273087663e+00
5.318642995670431084e+00
6.137189999456960976e+00
4.716672550370220485e+00
6.065228127998974372e+00
5.713171416177995177e+00
6.301865839874364994e+00
5.168941818608099759e+00
6.344699870387387364e+00
5.757710769008600238e+00
5.962936820044799191e+00
5.526265466297134665e+00
6.246466990303925826e+00
5.478324942085177618e+00
6.232860504028127302e+00
4.886032004612342661e+00
5.126405592278032941e+00
3.910957064562202490e+00
5.210749060703129487e+00
4.399443212466739972e+00
5.503547405262042780e+00
5.349895073920563959e+00
