2.573883473406983757e+00
2.604527728937148456e+00
2.635132120721668691e+00
2.665466738977018579e+00
2.695279783193537781e+00
2.724300545622579950e+00
2.752243659735759351e+00
2.778814635927162158e+00
2.803716615245799293e+00
2.826658165309697157e+00
2.847361828899373393e+00
2.865573028438610947e+00
2.881068843251220812e+00
2.893666125950824508e+00
2.903228421755734701e+00
2.909671206296218671e+00
2.912965062558516838e+00
2.913136566672044125e+00
2.910266827958214897e+00
2.904487810456914509e+00
2.895976727866177214e+00
2.884948932837580138e+00
2.871649801726368523e+00
2.856346142563647827e+00
2.839317629133020660e+00
2.820848699073764454e+00
2.801221259884234538e+00
2.780708440569835460e+00
2.759569519567536044e+00
2.738046063884092440e+00
2.716359235515330539e+00
2.694708163413887636e+00
2.673269241401922791e+00
2.652196194072972801e+00
2.631620748466575677e+00
2.611653757552122812e+00
2.592386636269308209e+00
2.573892990330032937e+00
2.556230339189201395e+00
2.539441854954643585e+00
2.523558058260635839e+00
2.508598428836110728e+00
2.494572902377273138e+00
2.481483237257216423e+00
2.469324242652092938e+00
2.458084867667635454e+00
2.447749154629450974e+00
2.438297063965447098e+00
2.429705179830922823e+00
2.421947306940142042e+00
2.414994969480033227e+00
2.408817823148703408e+00
2.403383990909052415e+00
2.398660332501689307e+00
2.394612657184028937e+00
2.391205888315404149e+00
2.388404187811751012e+00
2.386171047610405882e+00
2.384469354852170930e+00
2.383261436516094012e+00
2.382509089296733773e+00
2.382173599300267952e+00
2.382215756177190169e+00
2.382595866024555864e+00
2.383273766452849607e+00
2.384208847555092436e+00
2.385360081818010514e+00
2.386686065942421386e+00
2.388145076933352762e+00
2.389695145109899777e+00
2.391294143962566121e+00
2.392899904625017005e+00
2.394470345238404629e+00
2.395963627058327550e+00
2.397338330383825600e+00
2.398553652868450126e+00
2.399569628133861876e+00
2.400347363732947326e+00
2.400849295850426834e+00
2.401039458267867133e+00
2.400883761859942567e+00
2.400350280606804443e+00
2.399409539909409084e+00
2.398034801860230658e+00
2.396202342297418575e+00
2.393891714336302989e+00
2.391085992717005393e+00
2.387771993776800272e+00
2.383940465541687814e+00
2.379586244251997940e+00
2.374708372330300854e+00
2.369310175692859843e+00
2.363399297398278254e+00
2.356987687117020780e+00
2.350091546020960820e+00
2.342731228284225864e+00
2.334931101549857502e+00
2.326719369198135823e+00
2.318127859116845713e+00
2.309191783481032267e+00
2.299949475663171317e+00
2.290442110117009378e+00
2.280713411707127047e+00
2.270809361151353567e+00
2.260777903007825440e+00
2.250668662059921665e+00
2.240532674453656448e+00
2.230422138168823842e+00
2.220390187690849615e+00
2.210490696628449214e+00
2.200778111090523126e+00
2.191307316224731405e+00
2.182133536803902096e+00
2.173312272729078565e+00
2.164899268557644252e+00
2.156950516130435869e+00
2.149522287881743488e+00
2.142671197915756665e+00
2.136454286818576076e+00
2.130929125393016932e+00
2.126153931168415667e+00
2.122187690397226323e+00
2.119090277098661268e+00
2.116922558362636764e+00
2.115746474075323569e+00
2.115625076173738073e+00
2.116622510175893979e+00
2.118803918671116282e+00
2.122235242959446211e+00
2.126982894920786293e+00
2.133113267396860913e+00
2.140692047052420222e+00
2.149783289626751692e+00
2.160448214342118867e+00
2.172743672495042411e+00
2.186720245539427232e+00
2.202419932183650619e+00
2.219873393130473271e+00
2.239096737825021499e+00
2.260087862373938883e+00
2.282822383020443269e+00
2.307249256628536749e+00
2.333286239146938890e+00
2.360815404065808920e+00
2.389679020466370041e+00
2.419676168937079819e+00
2.450560540986420399e+00
2.482039910506552260e+00
2.513777764455080277e+00
2.545397521015616338e+00
2.576489628963752665e+00
2.606621629822594599e+00
2.635350984061158197e+00
2.662240137628036685e+00
2.686872980869559946e+00
2.708871581261176331e+00
2.727911908869407043e+00
2.743737266079963266e+00
2.756168292039488321e+00
2.765108732558767990e+00
2.770546593165894134e+00
2.772550764249891664e+00
2.771263643877989402e+00
2.766890623050556552e+00
2.759687498053597476e+00
2.749946923863141546e+00
2.737984940342834683e+00
2.724128419516058663e+00
2.708704048660062202e+00
2.692029216638783140e+00
2.674404945509739839e+00
2.656110827090204740e+00
2.637401792510020382e+00
2.618506462358378251e+00
2.599626788397013666e+00
2.580938694659776544e+00
2.562593446642613682e+00
2.544719511345237439e+00
2.527424711542932467e+00
2.510798518696514048e+00
2.494914367548590306e+00
2.479831908850401945e+00
2.465599144291298117e+00
2.452254410522797912e+00
2.439828195813463552e+00
2.428344785634112490e+00
2.417823742447430035e+00
2.408281230992525224e+00
2.399731204060822964e+00
2.392186466125360234e+00
2.385659632779183248e+00
2.380164004740217276e+00
2.375714374158104825e+00
2.372327780879074588e+00
2.370024235533194190e+00
2.368827425103626538e+00
2.368765416364047027e+00
2.369871371379753011e+00
2.372184288725886603e+00
2.375749782858353143e+00
2.380620913283180151e+00
2.386859073342095794e+00
2.394534946432825606e+00
2.403729533991981082e+00
2.414535254920378904e+00
2.427057108732459056e+00
2.441413883955146691e+00
2.457739377885628684e+00
2.476183571182371423e+00
2.496913668573490064e+00
2.520114872144273210e+00
2.545990690502065945e+00
2.574762501558038430e+00
2.606667970982536886e+00
2.641957777536585894e+00
2.680889903577020394e+00
2.723720516260758284e+00
2.770690200331907160e+00
2.822004040045028361e+00
2.877803852284641195e+00
2.938130868683116681e+00
3.002877556168230377e+00
3.071728352119174055e+00
3.144091243494235410e+00
3.219025700606905183e+00
3.295177596155877353e+00
3.370737871768441529e+00
3.443447208226114054e+00
3.510670726035043820e+00
3.569560760928127685e+00
3.617308896836462395e+00
3.651461588469160358e+00
3.670244453877666846e+00
3.672822042728732139e+00
3.659425363260079056e+00
3.631311667867485049e+00
3.590568452520927156e+00
3.539815700273109655e+00
3.481879815410672041e+00
3.419505300228771194e+00
3.355144941544813797e+00
3.290840155682832613e+00
3.228180988177977717e+00
3.168324080449107960e+00
3.112045198267855639e+00
3.059806837423677539e+00
3.011827362092733829e+00
2.968143761439867578e+00
2.928664408067855884e+00
2.893211010390935201e+00
2.861550527122317167e+00
2.833418526787627734e+00
2.808535662104286956e+00
2.786618832239172949e+00
2.767388385415497254e+00
2.750572461119631829e+00
2.735909333017819467e+00
2.723148410433082756e+00
2.712050391999998311e+00
2.702386937851077864e+00
2.693940129808442663e+00
2.686501915655037820e+00
2.679873678353661859e+00
2.673866027362548969e+00
2.668298873578965669e+00
2.663001818291927947e+00
2.657814857840087974e+00
2.652589377911153790e+00
2.647189385278279072e+00
2.641492900261155796e+00
2.635393411997957624e+00
2.628801283585094239e+00
2.621644985520154236e+00
2.613872038177841972e+00
2.605449555406481377e+00
2.596364303911938620e+00
2.586622224739313580e+00
2.576247400200140092e+00
2.565280490568541349e+00
2.553776702559926726e+00
2.541803385151389261e+00
2.529437371270470081e+00
2.516762196778068894e+00
2.503865328356278397e+00
2.490835522136067404e+00
2.477760415499598690e+00
2.464724430090011076e+00
2.451807036255326366e+00
2.439081402377786922e+00
2.426613427694886749e+00
2.414461137376497923e+00
2.402674403426032779e+00
2.391294945520885840e+00
2.380356561018532879e+00
2.369885532775439341e+00
2.359901166072317924e+00
2.350416410482113250e+00
2.341438528907384686e+00
2.332969782355035271e+00
2.325008105669790659e+00
2.317547755696684142e+00
2.310579918723798087e+00
2.304093268698127250e+00
2.298074471561274201e+00
2.292508634027920156e+00
2.287379697443146842e+00
2.282670778809281931e+00
2.278364462573275073e+00
2.274443046787584688e+00
2.270888748426332260e+00
2.267683871991280409e+00
2.264810945848526380e+00
2.262252830503896917e+00
2.259992802611976881e+00
2.258014618250094863e+00
2.256302558651871237e+00
2.254841461166976480e+00
2.253616738047538259e+00
2.252614384978066653e+00
2.251820981494616625e+00
2.251223684667361891e+00
2.250810217477183794e+00
2.250568853020673998e+00
2.250488395522486584e+00
2.250558158769070616e+00
2.250767942943691757e+00
2.251108009993740389e+00
2.251569058262186562e+00
2.252142196501278004e+00
2.252818917832131618e+00
2.253591073190547522e+00
2.254450845426950067e+00
2.255390723104498285e+00
2.256403474816288224e+00
2.257482123606534330e+00
2.258619921825091748e+00
2.259810326100683220e+00
2.261046972735055949e+00
2.262323653133395673e+00
2.263634289580904291e+00
2.264972911029402347e+00
2.266333629018813856e+00
2.267710613601295222e+00
2.269098069303068677e+00
2.270490211029263516e+00
2.271881239876989866e+00
2.273265319035012499e+00
2.274636549477613290e+00
2.275988945872770230e+00
2.277316412517064848e+00
2.278612719609253823e+00
2.279871479998228700e+00
2.281086126680975212e+00
2.282249891459146696e+00
2.283355785056842890e+00
2.284396579554166529e+00
2.285364793443492193e+00
2.286252680524139436e+00
2.287052223395968920e+00
2.287755132837489214e+00
2.288352854481533249e+00
2.288836584314165368e+00
2.289197294835928709e+00
2.289425773850842560e+00
2.289512678051568884e+00
2.289448603659887560e+00
2.289224176457612003e+00
2.288830163403729578e+00
2.288257607909832902e+00
2.287497990361188283e+00
2.286543415003196689e+00
2.285386822954281083e+00
2.284022230503705231e+00
2.282444989715059602e+00
2.280652066838329439e+00
2.278642331400432042e+00
2.276416846964973484e+00
2.273979151586849046e+00
2.271335513885910817e+00
2.268495148710990339e+00
2.265470374986182645e+00
2.262276698298329336e+00
2.258932801805744184e+00
2.255460431657679177e+00
2.251884167611769350e+00
2.248231075366731613e+00
2.244530243947588932e+00
2.240812220070859340e+00
2.237108358349237491e+00
2.233450114112626839e+00
2.229868310446002422e+00
2.226392414481872528e+00
2.223049858180304206e+00
2.219865436175187057e+00
2.216860808293071194e+00
2.214054126592817084e+00
2.211459798469832982e+00
2.209088388285575633e+00
2.206946651343113963e+00
2.205037687006689673e+00
2.203361192160097737e+00
2.201913793198607472e+00
2.200689432842469540e+00
2.199679789178381917e+00
2.198874705891550541e+00
2.198262615645450335e+00
2.197830942419151334e+00
2.197566471811822186e+00
2.197455682386390663e+00
2.197485034065064902e+00
2.197641212278493850e+00
2.197911328899397887e+00
2.198283082340925176e+00
2.198744880646343436e+00
2.199285931367450431e+00
2.199896303180109314e+00
2.200566963525954822e+00
2.201289796495081497e+00
2.202057605136129137e+00
2.202864101548281717e+00
2.203703888082701567e+00
2.204572432190400111e+00
2.205466037167969073e+00
2.206381810740041693e+00
2.207317632994779455e+00
2.208272124615446863e+00
2.209244616754099333e+00
2.210235122838334565e+00
2.211244312991309080e+00
2.212273491530794001e+00
2.213324577513306579e+00
2.214400088661859112e+00
2.215503128623915963e+00
2.216637377557902244e+00
2.217807086123259275e+00
2.219017072484144038e+00
2.220272722477439675e+00
2.221579992731418596e+00
2.222945416522285722e+00
2.224376112130722838e+00
2.225879793749873770e+00
2.227464784522739549e+00
2.229140031638546571e+00
2.230915123243127240e+00
2.232800306935058821e+00
2.234806509750995041e+00
2.236945359337237704e+00
2.239229206101302605e+00
2.241671146202751430e+00
2.244285045297647052e+00
2.247085562575269257e+00
2.250088175323746498e+00
2.253309203675599282e+00
2.256765835382542384e+00
2.260476150914622728e+00
2.264459148450843173e+00
2.268734769074440827e+00
2.273323921978547268e+00
2.278248509849911230e+00
2.283531454193013399e+00
2.289196720409087060e+00
2.295269342334644413e+00
2.301775445114439655e+00
2.308742264986368031e+00
2.316198163960642376e+00
2.324172635291248845e+00
2.332696294738545895e+00
2.341800849872936130e+00
2.351519036116432648e+00
2.361884504985440891e+00
2.372931643077813124e+00
2.384695294458880177e+00
2.397210349302471677e+00
2.410511150645959333e+00
2.424630657110191212e+00
2.439599283277438690e+00
2.455443320354822490e+00
2.472182818645077163e+00
2.489828793744049751e+00
2.508379599273014460e+00
2.527816301649625785e+00
2.548096899770274426e+00
2.569149273675277456e+00
2.590862834062483078e+00
2.613079008875382137e+00
2.635580964941058646e+00
2.658083349155351716e+00
2.680223347434527614e+00
2.701554970243554177e+00
2.721549080313546476e+00
2.739602089009833819e+00
2.755056173605119785e+00
2.767232968212461230e+00
2.775480696808603209e+00
2.779231672989723734e+00
2.778063508925125102e+00
2.771754327892035352e+00
2.760321124215737498e+00
2.744032208230236414e+00
2.723389462019449425e+00
2.699082649356497221e+00
2.671924112032589615e+00
2.642775784394084670e+00
2.612480587922677344e+00
2.581807383302676229e+00
2.551414212770258594e+00
2.521830197302722176e+00
2.493453288914550203e+00
2.466559502118428338e+00
2.441319045727444070e+00
2.417815452298644363e+00
2.396064854923094067e+00
2.376033623598698519e+00
2.357653451750410412e+00
2.340833609660515346e+00
2.325470475166775852e+00
2.311454660328581490e+00
2.298676135448953772e+00
2.287027755416056962e+00
2.276407556007083333e+00
2.266720131396779081e+00
2.257877345503063182e+00
2.249798574602056789e+00
2.242410631472940175e+00
2.235647482794550278e+00
2.229449840968252161e+00
2.223764687968716736e+00
2.218544771392668036e+00
2.213748099550293169e+00
2.209337453292472553e+00
2.205279924985625417e+00
2.201546491142903239e+00
2.198111620877186478e+00
2.194952921142688140e+00
2.192050817795012208e+00
2.189388270628758626e+00
2.186950520296990774e+00
2.184724864707977332e+00
2.182700462314622669e+00
2.180868159847948462e+00
2.179220342427608426e+00
2.177750803531600443e+00
2.176454633275980211e+00
2.175328122988362978e+00
2.174368684665405560e+00
2.173574783861117687e+00
2.172945884834796004e+00
2.172482406921742104e+00
2.172185691205556601e+00
2.172057976710001448e+00
2.172102385374511613e+00
2.172322915354623518e+00
2.172724441977341048e+00
2.173312725947780244e+00
2.174094428359729214e+00
2.175077131990351020e+00
2.176269368397220294e+00
2.177680650281027752e+00
2.179321508242938243e+00
2.181203531141556962e+00
2.183339408732285936e+00
2.185742974896132118e+00
2.188429249456909531e+00
2.191414475351142421e+00
2.194716147614368840e+00
2.198353028642072715e+00
2.202345143254289983e+00
2.206713744351169737e+00
2.211481237656584664e+00
2.216671050249479080e+00
2.222307423431140183e+00
2.228415104791472423e+00
2.235018907671917798e+00
2.242143097958329889e+00
2.249810558600823018e+00
2.258041670482196395e+00
2.266852837357819173e+00
2.276254568708363735e+00
2.286249025096831478e+00
2.296826923849941249e+00
2.307963706910852064e+00
2.319614892780466509e+00
2.331710582768592221e+00
2.344149179449710907e+00
2.356790521727734067e+00
2.369448857812495923e+00
2.381886377716296188e+00
2.393808399174399248e+00
2.404861706992841519e+00
2.414637892295219856e+00
2.422683672968149793e+00
2.428519892574827033e+00
2.431669982601154967e+00
2.431697023107876721e+00
2.428246279548379238e+00
2.421087709623175321e+00
2.410151229343311829e+00
2.395547387514186166e+00
2.377568053739304688e+00
2.356665545686785990e+00
2.333413233870128778e+00
2.308454546841456345e+00
2.282449190877936296e+00
2.256024864521966933e+00
2.229740306516083237e+00
2.204062250654884814e+00
2.179355868293347154e+00
2.155886245214673202e+00
2.133827537417855691e+00
2.113276474131143612e+00
2.094267461267198982e+00
2.076787337165280523e+00
2.060788602772696709e+00
2.046200567417594929e+00
2.032938283754531117e+00
2.020909409547076763e+00
2.010019268156817418e+00
2.000174426285553864e+00
1.991285100992767454e+00
1.983266673886935116e+00
1.976040545642016921e+00
1.969534517650987526e+00
1.963682846097440704e+00
1.958426078216209287e+00
1.953710751457789385e+00
1.949489013849045493e+00
1.945718206705743913e+00
1.942360437572934639e+00
1.939382162057223136e+00
1.936753786493080165e+00
1.934449298212125079e+00
1.932445927077367731e+00
1.930723839763926142e+00
1.929265866547428709e+00
1.928057259617796282e+00
1.927085481461787264e+00
1.926340021392621837e+00
1.925812238534641008e+00
1.925495229385033813e+00
1.925383718375267117e+00
1.925473970032183901e+00
1.925763721558927832e+00
1.926252134861988097e+00
1.926939767547506621e+00
1.927828562339316099e+00
1.928921855117961215e+00
1.930224401734661921e+00
1.931742424230310506e+00
1.933483677735776451e+00
1.935457539027446217e+00
1.937675119111267330e+00
1.940149401897059311e+00
1.942895412035389624e+00
1.945930415435163985e+00
1.949274156878368247e+00
1.952949139712983229e+00
1.956980953789398292e+00
1.961398658532740757e+00
1.966235229543403795e+00
1.971528077797940259e+00
1.977319652206378287e+00
1.983658137043836200e+00
1.990598256682329703e+00
1.998202200421894892e+00
2.006540679074791278e+00
2.015694122576073166e+00
2.025754021454387654e+00
2.036824404541016431e+00
2.049023424929583115e+00
2.062484994411159178e+00
2.077360352724641590e+00
2.093819373343069223e+00
2.112051274872305040e+00
2.132264202746931403e+00
2.154682838883033469e+00
2.179542745559847727e+00
2.207079510434927005e+00
2.237509901205650742e+00
2.271001184139260332e+00
2.307623682623744177e+00
2.347281033364979397e+00
2.389613508991377699e+00
2.433874165224323871e+00
2.478788308606450830e+00
2.522426634925108324e+00
2.562150676787574799e+00
2.594715495247456261e+00
2.616613041824584318e+00
2.624676042622180017e+00
2.616826999102698892e+00
2.592710388610123484e+00
2.553912481387386357e+00
2.503632511739053879e+00
2.445939316980567213e+00
2.384931253366594284e+00
2.324094792212902938e+00
2.265990562796095453e+00
2.212229812020920949e+00
2.163625678224387450e+00
2.120406998715530733e+00
2.082422344136550585e+00
2.049302256214271090e+00
2.020573976447662456e+00
1.995735449254841809e+00
1.974298997342134099e+00
1.955814373254342042e+00
1.939878735146334243e+00
1.926138856200678928e+00
1.914289059620682076e+00
1.904067058250191291e+00
1.895248993685973771e+00
1.887644403317680464e+00
1.881091493896682953e+00
1.875452893131722254e+00
1.870611932304488745e+00
1.866469449305636630e+00
1.862941070196724835e+00
1.859954914784368585e+00
1.857449669209069620e+00
1.855372971678115546e+00
1.853680062688207064e+00
1.852332657338740196e+00
1.851298003401938175e+00
1.850548094614613559e+00
1.850059013507066252e+00
1.849810382468476400e+00
1.849784905468875751e+00
1.849967985899144685e+00
1.850347408637557534e+00
1.850913076440342975e+00
1.851656792877866886e+00
1.852572085109778000e+00
1.853654061424197197e+00
1.854899299363915510e+00
1.856305761103757224e+00
1.857872733662327080e+00
1.859600792302742223e+00
1.861491785725161607e+00
1.863548842769824798e+00
1.865776400549181258e+00
1.868180254615688041e+00
1.870767632422611682e+00
1.873547291923550295e+00
1.876529647919455757e+00
1.879726929493793053e+00
1.883153373035914457e+00
1.886825456264984879e+00
1.890762180266760906e+00
1.894985408003539762e+00
1.899520270061845428e+00
1.904395650727862987e+00
1.909644770786030232e+00
1.915305887205286384e+00
1.921423134795811949e+00
1.928047541105579521e+00
1.935238253090673988e+00
1.943064023721707834e+00
1.951605018096480570e+00
1.960955012646585338e+00
1.971224077952949960e+00
1.982541855125486752e+00
1.995061557156409870e+00
2.008964847896938632e+00
2.024467766837005023e+00
2.041827868226307352e+00
2.061352705572970567e+00
2.083409679402547177e+00
2.108437000599689526e+00
2.136954968498963936e+00
2.169575674766161200e+00
2.207007195030545432e+00
2.250044611771480962e+00
2.299533751443793683e+00
2.356282979504344510e+00
2.420882983045802295e+00
2.493376728400758413e+00
2.572714759900638359e+00
2.655971525750906004e+00
2.737457436521958165e+00
2.808206120123466487e+00
2.856734710674058597e+00
2.871904993843215959e+00
2.847385913446335959e+00
2.785125613328547800e+00
2.694969949393494435e+00
2.590503616350441796e+00
2.484208906614713275e+00
2.384713740012360805e+00
2.296501511809215579e+00
2.220951197414215095e+00
2.157602714099619234e+00
2.105129578473266427e+00
2.061936146358696931e+00
2.026468049448976405e+00
1.997345694803821514e+00
1.973402541732243609e+00
1.953678114915936348e+00
1.937392966636688252e+00
1.923919105283538711e+00
1.912751930785723253e+00
1.903485921888814936e+00
1.895794527711649691e+00
1.889413953512514510e+00
1.884130268447822276e+00
1.879769229165181077e+00
1.876188272348499275e+00
1.873270216311170522e+00
1.870918300377546473e+00
1.869052267980124471e+00
1.867605263712808883e+00
1.866521365877066074e+00
1.865753616437647588e+00
1.865262441445123098e+00
1.865014379129143141e+00
1.864981051387669009e+00
1.865138328763022102e+00
1.865465649597039199e+00
1.865945463072236965e+00
1.866562771827158240e+00
1.867304755236191882e+00
1.868160458326540985e+00
1.869120534191440086e+00
1.870177030585115308e+00
1.871323212797738389e+00
1.872553416873330656e+00
1.873862928090025637e+00
1.875247880847408899e+00
1.876705176685844467e+00
1.878232417898104023e+00
1.879827854814225541e+00
1.881490344906088463e+00
1.883219322689097863e+00
1.885014779396863016e+00
1.886877251678191980e+00
1.888807818950779538e+00
1.890808109155522221e+00
1.892880312753366212e+00
1.895027205260198189e+00
1.897252178361896524e+00
1.899559280244086823e+00
1.901953265548038674e+00
1.904439655601521064e+00
1.907024809718814495e+00
1.909716008156129741e+00
1.912521547354349538e+00
1.915450847660474132e+00
1.918514573197659612e+00
1.921724762351342930e+00
1.925094965524397184e+00
1.928640383973617256e+00
1.932377998104405359e+00
1.936326666411719577e+00
1.940507163511814515e+00
1.944942106320354691e+00
1.949655687184673303e+00
1.954673085370910002e+00
1.960019355310135269e+00
1.965717478512487792e+00
1.971785098457330188e+00
1.978229213250558560e+00
1.985037761653583699e+00
1.992166608665477900e+00
1.999519999737799703e+00
2.006922378956645492e+00
2.014080246737643076e+00
2.020535899112806622e+00
2.025622818975344686e+00
2.028447599751714847e+00
2.027943898465057515e+00
2.023055153255884697e+00
2.013069652620910421e+00
1.998022004500269899e+00
1.978934946800932959e+00
1.957668300506838266e+00
1.936379617911690776e+00
1.916898465989097744e+00
1.900351963584537174e+00
1.887141000389171319e+00
1.877138090601973675e+00
1.869931572983227541e+00
1.865014582453457193e+00
1.861896320098624935e+00
1.860152308846301672e+00
1.859437835777093762e+00
1.859483250967107093e+00
1.860082364152869649e+00
1.861079664374891696e+00
1.862358814151746200e+00
1.863833183050137121e+00
1.865438422006026498e+00
1.867126793669008133e+00
1.868862909809001938e+00
1.870620553150869503e+00
1.872380317417324358e+00
1.874127856769057132e+00
1.875852586328073945e+00
1.877546715612755657e+00
1.879204527358536936e+00
1.880821837716911249e+00
1.882395590288701515e+00
1.883923549591317359e+00
1.885404068242348075e+00
1.886835908966047581e+00
1.888218107486737907e+00
1.889549865805927320e+00
1.890830467983035890e+00
1.892059212527070766e+00
1.893235356880515141e+00
1.894358070321323861e+00
1.895426392715178876e+00
1.896439196745812072e+00
1.897395151758710208e+00
1.898292687663614586e+00
1.899129957425703008e+00
1.899904796611719293e+00
1.900614678847911909e+00
1.901256665408071589e+00
1.901827347491712006e+00
1.902322779326355073e+00
1.902738399828257654e+00
1.903068940398163766e+00
1.903308315805655626e+00
1.903449494469759307e+00
1.903484343847520854e+00
1.903403445673915062e+00
1.903195874884807903e+00
1.902848934952688476e+00
1.902347841432622255e+00
1.901675344939481205e+00
1.900811284871762874e+00
1.899732067579195105e+00
1.898410068969678122e+00
1.896812975588951344e+00
1.894903108044149187e+00
1.892636829077954719e+00
1.889964252532691624e+00
1.886829686868511269e+00
1.883173657813988155e+00
1.878938121228183933e+00
1.874077880084536352e+00
1.868583687344532729e+00
1.862526527646352292e+00
1.856137943544259983e+00
1.849944541700100809e+00
1.844962005522214676e+00
1.842888533673304075e+00
1.846069864053522025e+00
1.856806652095854604e+00
1.875814488509556233e+00
1.900850923140667392e+00
1.927354457866212734e+00
1.950976162634511901e+00
1.969482658997073976e+00
1.982717442096882721e+00
1.991596079951883036e+00
1.997267365111462967e+00
2.000723184009042477e+00
2.002703669597305502e+00
2.003723994758014992e+00
2.004130562348696465e+00
2.004152373321155700e+00
2.003939577794926041e+00
2.003590181995536845e+00
2.003167894666219695e+00
2.002713870754415648e+00
2.002254402940209399e+00
2.001805964339597566e+00
2.001378527685942377e+00
2.000977761659186172e+00
2.000606492374803480e+00
2.000265681023109643e+00
1.999955080624116865e+00
1.999673678562551071e+00
1.999419995146859419e+00
1.999192284789183427e+00
1.998988670929880973e+00
1.998807235828459872e+00
1.998646079356550365e+00
1.998503356625872973e+00
1.998377301032864706e+00
1.998266237393275357e+00
1.998168588370913268e+00
1.998082876327691437e+00
1.998007722220209059e+00
1.997941842564141757e+00
1.997884045202278580e+00
1.997833224474685476e+00
1.997788355962812901e+00
1.997748491251881031e+00
1.997712752695211647e+00
1.997680328419240814e+00
1.997650467505411198e+00
1.997622475484214677e+00
1.997595710109007605e+00
1.997569577424773035e+00
1.997543528110828248e+00
1.997517054108008727e+00
1.997489685511376178e+00
1.997460987724936743e+00
1.997430558805937784e+00
1.997398027043314483e+00
1.997363048774925431e+00
1.997325306305698600e+00
1.997284506053093711e+00
1.997240376838761877e+00
1.997192668306544405e+00
1.997141149433967700e+00
1.997085607266095630e+00
1.997025845633617180e+00
1.996961684027574790e+00
1.996892956615537118e+00
1.996819511208154374e+00
1.996741208417468716e+00
1.996657920836015565e+00
1.996569532283041015e+00
1.996475937099128739e+00
1.996377039485255356e+00
1.996272752980943199e+00
1.996162999793914095e+00
1.996047710383977103e+00
1.995926822942794665e+00
1.995800282956111893e+00
1.995668042785307517e+00
1.995530061315194503e+00
1.995386303532322714e+00
1.995236740266258080e+00
1.995081347819375850e+00
1.994920107714779789e+00
1.994753006386675187e+00
1.994580034953459258e+00
1.994401188981686168e+00
1.994216468242672846e+00
1.994025876501885675e+00
1.993829421333451313e+00
1.993627113936717876e+00
1.993418968944316472e+00
1.993205004271556335e+00
1.992985240952401371e+00
1.992759703004047811e+00
1.992528417264967766e+00
1.992291413293477920e+00
1.992048723217713535e+00
1.991800381639339035e+00
1.991546425492488614e+00
1.991286893980052985e+00
1.991021828434623275e+00
1.990751272251743309e+00
1.990475270761534743e+00
1.990193871181644925e+00
1.989907122516999527e+00
1.989615075477510375e+00
1.989317782422252101e+00
1.989015297241641722e+00
1.988707675355398274e+00
1.988394973586609105e+00
1.988077250122830320e+00
1.987754564486227782e+00
1.987426977407809936e+00
1.987094550822245731e+00
1.986757347814654739e+00
1.986415432531983161e+00
1.986068870174927836e+00
1.985717726923902804e+00
1.985362069902467219e+00
1.985001967143648960e+00
1.984637487515862553e+00
1.984268700713943678e+00
1.983895677198276752e+00
1.983518488172557159e+00
1.983137205537573999e+00
1.982751901841766085e+00
1.982362650294987594e+00
1.981969524654682679e+00
1.981572599264903367e+00
1.981171948994963294e+00
1.980767649200702918e+00
1.980359775720609727e+00
1.979948404820855767e+00
1.979533613180322060e+00
1.979115477844986870e+00
1.978694076241885869e+00
1.978269486098904517e+00
1.977841785463081203e+00
1.977411052668910374e+00
1.976977366275521675e+00
1.976540805098400355e+00
1.976101448151768469e+00
1.975659374626505205e+00
1.975214663885022981e+00
1.974767395451438645e+00
1.974317648908394007e+00
1.973865504011233840e+00
1.973411040569716501e+00
1.972954338442269639e+00
1.972495477540341824e+00
1.972034537801775622e+00
1.971571599162376565e+00
1.971106741556967856e+00
1.970640044888353870e+00
1.970171589005262458e+00
1.969701453701348415e+00
1.969229718694257114e+00
1.968756463613332119e+00
1.968281767956409745e+00
1.967805711122901480e+00
1.967328372350815480e+00
1.966849830748290451e+00
1.966370165231820177e+00
1.965889454556857929e+00
1.965407777268524336e+00
1.964925211706234132e+00
1.964441836005497377e+00
1.963957728052012852e+00
1.963472965488395561e+00
1.962987625697621530e+00
1.962501785793174136e+00
1.962015522613665519e+00
1.961528912705752026e+00
1.961042032304372462e+00
1.960554957331309467e+00
1.960067763392695062e+00
1.959580525749385460e+00
1.959093319326055127e+00
1.958606218678802469e+00
1.958119298018307086e+00
1.957632631171314141e+00
1.957146291569878516e+00
1.956660352270486847e+00
1.956174885929218510e+00
1.955689964784613100e+00
1.955205660658342781e+00
1.954722044941758385e+00
1.954239188610630507e+00
1.953757162183260121e+00
1.953276035742478101e+00
1.952795878884190373e+00
1.952316760785066441e+00
1.951838750116174470e+00
1.951361915085048748e+00
1.950886323407212686e+00
1.950412042332025697e+00
1.949939138586208154e+00
1.949467678400361725e+00
1.948997727498658294e+00
1.948529351091697226e+00
1.948062613873627003e+00
1.947597579992629280e+00
1.947134313101471781e+00
1.946672876281089426e+00
1.946213332104255400e+00
1.945755742563427537e+00
1.945300169128528989e+00
1.944846672696971757e+00
1.944395313620467025e+00
1.943946151676230416e+00
1.943499246073303599e+00
1.943054655458521740e+00
1.942612437894656985e+00
1.942172650869290695e+00
1.941735351290677647e+00
1.941300595452323474e+00
1.940868439102674481e+00
1.940438937361262717e+00
1.940012144771058988e+00
1.939588115260395984e+00
1.939166902180206487e+00
1.938748558241681241e+00
1.938333135571354449e+00
1.937920685687344990e+00
1.937511259487162185e+00
1.937104907250838393e+00
1.936701678638658164e+00
1.936301622717706339e+00
1.935904787893617973e+00
1.935511221989497432e+00
1.935120972168139941e+00
1.934734084986621250e+00
1.934350606365741410e+00
1.933970581607970862e+00
1.933594055370620124e+00
1.933221071675601754e+00
1.932851673937200587e+00
1.932485904900405504e+00
1.932123806706088187e+00
1.931765420822236345e+00
1.931410788124483080e+00
1.931059948807131832e+00
1.930712942443861380e+00
1.930369807967227347e+00
1.930030583682940337e+00
1.929695307225945067e+00
1.929364015608749261e+00
1.929036745201648140e+00
1.928713531726934161e+00
1.928394410263112757e+00
1.928079415251475304e+00
1.927768580501410645e+00
1.927461939139359259e+00
1.927159523699009114e+00
1.926861366045175883e+00
1.926567497386502348e+00
1.926277948324817579e+00
1.925992748795995135e+00
1.925711928095749537e+00
1.925435514886079780e+00
1.925163537179445106e+00
1.924896022358131731e+00
1.924632997155250269e+00
1.924374487667554146e+00
1.924120519355818404e+00
1.923871117042111889e+00
1.923626304907469775e+00
1.923386106506515647e+00
1.923150544742663115e+00
1.922919641894734744e+00
1.922693419622869992e+00
1.922471898912444521e+00
1.922255100156457397e+00
1.922043043112718674e+00
1.921835746892936791e+00
1.921633229981283275e+00
1.921435510256812362e+00
1.921242604948831811e+00
1.921054530676692851e+00
1.920871303426320065e+00
1.920692938569908081e+00
1.920519450860877164e+00
1.920350854421412512e+00
1.920187162766207045e+00
1.920028388771621408e+00
1.919874544773997327e+00
1.919725642390480491e+00
1.919581692678491214e+00
1.919442706110853880e+00
1.919308692512640135e+00
1.919179661102427881e+00
1.919055620532502671e+00
1.918936578801776260e+00
1.918822543349600007e+00
1.918713520993972521e+00
1.918609517957089894e+00
1.918510539858097719e+00
1.918416591748818956e+00
1.918327678063178388e+00
1.918243802643255558e+00
1.918164968764306533e+00
1.918091179105653632e+00
1.918022435748488741e+00
1.917958740214949831e+00
1.917900093417130636e+00
1.917846495728497080e+00
1.917797946905334117e+00
1.917754446151472836e+00
1.917715992102436928e+00
1.917682582811329306e+00
1.917654215779114546e+00
1.917630887918746696e+00
1.917612595602748105e+00
1.917599334620032181e+00
1.917591100227670653e+00
1.917587887105872246e+00
1.917589689377466877e+00
1.917596500640101453e+00
1.917608313911979057e+00
1.917625121676693745e+00
1.917646915876723979e+00
1.917673687904971391e+00
1.917705428621642838e+00
1.917742128340772512e+00
1.917783776848957622e+00
1.917830363401995530e+00
1.917881876710433087e+00
1.917938304968995977e+00
1.917999635844288342e+00
1.918065856498339494e+00
1.918136953543429390e+00
1.918212913084314630e+00
1.918293720726157003e+00
1.918379361543283368e+00
1.918469820115013658e+00
1.918565080501813958e+00
1.918665126263883636e+00
1.918769940471450219e+00
1.918879505674791597e+00
1.918993803951649646e+00
1.919112816873472793e+00
1.919236525517824754e+00
1.919364910487452613e+00
1.919497951881788067e+00
1.919635629360513240e+00
1.919777922032124495e+00
1.919924808607480049e+00
1.920076267271455750e+00
1.920232275767726371e+00
1.920392811356269602e+00
1.920557850839724967e+00
1.920727370556741143e+00
1.920901346393907527e+00
1.921079753782464428e+00
1.921262567697439083e+00
1.921449762659307892e+00
1.921641312764154064e+00
1.921837191640879183e+00
1.922037372490580154e+00
1.922241828093792071e+00
1.922450530760932308e+00
1.922663452431928155e+00
1.922880564508782530e+00
1.923101838121417773e+00
1.923327243870224690e+00
1.923556751986739810e+00
1.923790332261925418e+00
1.924027954103487703e+00
1.924269586488165817e+00
1.924515198017829665e+00
1.924764756866691240e+00
1.925018230842648226e+00
1.925275587331545468e+00
1.925536793348650466e+00
1.925801815524881944e+00
1.926070620103887965e+00
1.926343172954207983e+00
1.926619439566373382e+00
1.926899385061815018e+00
1.927182974205422061e+00
1.927470171384710884e+00
1.927760940637740505e+00
1.928055245647014804e+00
1.928353049731545976e+00
1.928654315876659364e+00
1.928959006719303870e+00
1.929267084563527135e+00
1.929578511346931480e+00
1.929893248721053611e+00
1.930211257982135109e+00
1.930532500101682425e+00
1.930856935742866431e+00
1.931184525243085259e+00
1.931515228636636383e+00
1.931849005642438444e+00
1.932185815684711150e+00
1.932525617879346180e+00
1.932868371044380362e+00
1.933214033749495853e+00
1.933562564207771839e+00
1.933913920401706621e+00
1.934268060009797674e+00
1.934624940462568166e+00
1.934984518901647244e+00
1.935346752205788778e+00
1.935711597013258345e+00
1.936079009684199548e+00
1.936448946335645571e+00
1.936821362836349314e+00
1.937196214822354934e+00
1.937573457703097857e+00
1.937953046613310581e+00
1.938334936504761297e+00
1.938719082090992751e+00
1.939105437850117575e+00
1.939493958070778623e+00
1.939884596840131925e+00
1.940277308009384694e+00
1.940672045290446013e+00
1.941068762057825525e+00
1.941467411705813051e+00
1.941867947291973984e+00
1.942270321763900354e+00
1.942674487857873888e+00
1.943080398166876943e+00
1.943488005109675232e+00
1.943897260937421212e+00
1.944308117775878975e+00
1.944720527569661517e+00
1.945134442163357846e+00
1.945549813214592527e+00
1.945966592276641594e+00
1.946384730777187988e+00
1.946804180014316099e+00
1.947224891173423122e+00
1.947646815318167857e+00
1.948069903433532923e+00
1.948494106368995116e+00
1.948919374908443691e+00
1.949345659722609980e+00
1.949772911428744315e+00
1.950201080540821863e+00
1.950630117504361216e+00
1.951059972707074985e+00
1.951490596466483929e+00
1.951921939045753618e+00
1.952353950671359195e+00
1.952786581487325535e+00
1.953219781657851373e+00
1.953653501257580860e+00
1.954087690358239815e+00
1.954522299024386456e+00
1.954957277275772842e+00
1.955392575142279377e+00
1.955828142633436739e+00
1.956263929783264466e+00
1.956699886600600902e+00
1.957135963140192780e+00
1.957572109462416554e+00
1.958008275626607064e+00
1.958444411774608263e+00
1.958880468048537216e+00
1.959316394643261461e+00
1.959752141802916237e+00
1.960187659796243542e+00
1.960622899014306864e+00
1.961057809871542768e+00
1.961492342849687764e+00
1.961926448529304201e+00
1.962360077563394478e+00
1.962793180705850515e+00
1.963225708778317369e+00
1.963657612746969150e+00
1.964088843653782446e+00
1.964519352661141971e+00
1.964949091060343545e+00
1.965378010258367558e+00
1.965806061792542581e+00
1.966233197354876117e+00
1.966659368758090665e+00
1.967084527979888087e+00
1.967508627166278945e+00
1.967931618545955219e+00
1.968353454638380073e+00
1.968774088054861204e+00
1.969193471604963497e+00
1.969611558283667962e+00
1.970028301276722571e+00
1.970443653965634700e+00
1.970857569941944165e+00
1.971270002987514092e+00
1.971680907123570137e+00
1.972090236566977239e+00
1.972497945787074825e+00
1.972903989464534380e+00
1.973308322522090652e+00
1.973710900132029877e+00
1.974111677705727708e+00
1.974510610921131670e+00
1.974907655712492938e+00
1.975302768271172571e+00
1.975695905078485026e+00
1.976087022878151522e+00
1.976476078698950145e+00
1.976863029874270872e+00
1.977247833986177872e+00
1.977630448966843035e+00
1.978010833057090689e+00
1.978388944754912782e+00
1.978764742923377673e+00
1.979138186707278368e+00
1.979509235627795460e+00
1.979877849489120267e+00
1.980243988447446313e+00
1.980607613028897651e+00
1.980968684063685314e+00
1.981327162753000692e+00
1.981683010680033385e+00
1.982036189744674992e+00
1.982386662248702081e+00
1.982734390843053252e+00
1.983079338574314843e+00
1.983421468874098093e+00
1.983760745532159753e+00
1.984097132755504589e+00
1.984430595138104936e+00
1.984761097675836305e+00
1.985088605779936843e+00
1.985413085248481702e+00
1.985734502312233474e+00
1.986052823616799357e+00
1.986368016228843070e+00
1.986680047639747926e+00
1.986988885786418857e+00
1.987294499011192261e+00
1.987596856131820688e+00
1.987895926386820333e+00
1.988191679458034100e+00
1.988484085505017873e+00
1.988773115120281654e+00
1.989058739355399119e+00
1.989340929751343579e+00
1.989619658263994006e+00
1.989894897367004978e+00
1.990166619998682052e+00
1.990434799549845923e+00
1.990699409911112161e+00
1.990960425460291505e+00
1.991217821055744519e+00
1.991471572025513836e+00
1.991721654220669269e+00
1.991968043972500713e+00
1.992210718121917967e+00
1.992449653993444869e+00
1.992684829426988324e+00
1.992916222768475132e+00
1.993143812871452036e+00
1.993367579101562370e+00
1.993587501336677059e+00
1.993803559971413231e+00
1.994015735924050459e+00
1.994224010624124466e+00
1.994428366038214495e+00
1.994628784633804885e+00
1.994825249433870074e+00
1.995017743976906788e+00
1.995206252321426010e+00
1.995390759069122222e+00
1.995571249349530785e+00
1.995747708843758961e+00
1.995920123753241571e+00
1.996088480809114385e+00
1.996252767303261066e+00
1.996412971058761032e+00
1.996569080421963127e+00
1.996721084306229299e+00
1.996868972165637190e+00
1.997012733974100618e+00
1.997152360279789152e+00
1.997287842165331728e+00
1.997419171240016444e+00
1.997546339681190775e+00
1.997669340218212408e+00
1.997788166087740347e+00
1.997902811120687350e+00
1.998013269670901870e+00
1.998119536637919635e+00
1.998221607473334771e+00
1.998319478169409136e+00
1.998413145272039060e+00
1.998502605870209337e+00
1.998587857593966621e+00
1.998668898614698985e+00
1.998745727665310223e+00
1.998818344004484882e+00
1.998886747442583989e+00
1.998950938326651716e+00
1.999010917550525956e+00
1.999066686536446369e+00
1.999118247257718473e+00
1.999165602213502035e+00
1.999208754449128600e+00
1.999247707543643671e+00
1.999282465597870928e+00
1.999313033258323768e+00
1.999339415689925126e+00
1.999361618583880285e+00
1.999379648179512303e+00
1.999393511208088947e+00
1.999403214948850982e+00
1.999408767192527803e+00
1.999410176243168635e+00
1.999407450936427022e+00
1.999400600600162781e+00
1.999389635075011551e+00
1.999374564729015091e+00
1.999355400432801133e+00
1.999332153540031909e+00
1.999304835933726654e+00
1.999273459966249611e+00
1.999238038515380733e+00
1.999198584915822918e+00
1.999155113031416464e+00
1.999107637178036745e+00
1.999056172174730861e+00
1.999000733319795442e+00
1.998941336374695732e+00
1.998877997587506616e+00
1.998810733673480167e+00
1.998739561815306764e+00
1.998664499657613058e+00
1.998585565292593902e+00
1.998502777293801103e+00
1.998416154665460187e+00
1.998325716870046342e+00
1.998231483815369858e+00
1.998133475836142647e+00
1.998031713732790093e+00
1.997926218704771051e+00
1.997817012405835646e+00
1.997704116899198468e+00
1.997587554678421196e+00
1.997467348645186158e+00
1.997343522116108216e+00
1.997216098825240538e+00
1.997085102891219099e+00
1.996950558846324775e+00
1.996812491609693874e+00
1.996670926495850207e+00
1.996525889197815484e+00
1.996377405801079252e+00
1.996225502755663461e+00
1.996070206879857478e+00
1.995911545382433427e+00
1.995749545794511581e+00
1.995584236056314742e+00
1.995415644400650335e+00
1.995243799461504208e+00
1.995068730182443684e+00
1.994890465850730488e+00
1.994709036106037114e+00
1.994524470881639866e+00
1.994336800461109949e+00
1.994146055430206399e+00
1.993952266703713949e+00
1.993755465486831469e+00
1.993555683287610014e+00
1.993352951918013316e+00
1.993147303492187827e+00
1.992938770379296676e+00
1.992727385262639261e+00
1.992513181085852292e+00
1.992296191061052157e+00
1.992076448669791278e+00
1.991853987667143944e+00
1.991628842033046576e+00
1.991401046033878242e+00
1.991170634139807660e+00
1.990937641092665578e+00
1.990702101845474470e+00
1.990464051610303597e+00
1.990223525778669789e+00
1.989980559994348308e+00
1.989735190091661554e+00
1.989487452133025913e+00
1.989237382351144001e+00
1.988985017208770634e+00
1.988730393328328683e+00
1.988473547532475960e+00
1.988214516834749146e+00
1.987953338397515646e+00
1.987690049555113303e+00
1.987424687828081460e+00
1.987157290874329352e+00
1.986887896505774354e+00
1.986616542688856457e+00
1.986343267521602618e+00
1.986068109244539359e+00
1.985791106223779634e+00
1.985512296970653789e+00
1.985231720078259210e+00
1.984949414286007574e+00
1.984665418435348050e+00
1.984379771454009900e+00
1.984092512402996222e+00
1.983803680413114501e+00
1.983513314674357764e+00
1.983221454524554117e+00
1.982928139335152107e+00
1.982633408557394006e+00
1.982337301707598698e+00
1.982039858393011444e+00
1.981741118209884522e+00
1.981441120884337215e+00
1.981139906130265915e+00
1.980837513733309851e+00
1.980533983503653506e+00
1.980229355294038429e+00
1.979923668960773764e+00
1.979616964398519530e+00
1.979309281518624841e+00
1.979000660228124930e+00
1.978691140468743503e+00
1.978380762136744631e+00
1.978069565174911615e+00
1.977757589481466072e+00
1.977444874966101773e+00
1.977131461491051123e+00
1.976817388927386121e+00
1.976502697092049177e+00
1.976187425793550112e+00
1.975871614777151786e+00
1.975555303765415882e+00
1.975238532421108362e+00
1.974921340368992029e+00
1.974603767166752233e+00
1.974285852323484303e+00
1.973967635261894893e+00
1.973649155370754471e+00
1.973330451927323148e+00
1.973011564155591424e+00
1.972692531186685416e+00
1.972373392077465093e+00
1.972054185776569657e+00
1.971734951135054148e+00
1.971415726936249335e+00
1.971096551829183641e+00
1.970777464362817311e+00
1.970458502977032067e+00
1.970139706006321934e+00
1.969821111637511502e+00
1.969502757961799189e+00
1.969184682932256569e+00
1.968866924371297067e+00
1.968549519949287285e+00
1.968232507233856232e+00
1.967915923614728557e+00
1.967599806359154213e+00
1.967284192559479949e+00
1.966969119188223036e+00
1.966654623020967607e+00
1.966340740701695067e+00
1.966027508704194737e+00
1.965714963314302066e+00
1.965403140679089722e+00
1.965092076744219263e+00
1.964781807277854009e+00
1.964472367886296311e+00
1.964163793968825233e+00
1.963856120761887869e+00
1.963549383272617188e+00
1.963243616354921173e+00
1.962938854630189356e+00
1.962635132537921434e+00
1.962332484325601367e+00
1.962030944003063659e+00
1.961730545382528446e+00
1.961431322082935802e+00
1.961133307480107169e+00
1.960836534718078061e+00
1.960541036786815239e+00
1.960246846390903075e+00
1.959953996023154899e+00
1.959662517953312477e+00
1.959372444216388676e+00
1.959083806615137480e+00
1.958796636717136774e+00
1.958510965819721505e+00
1.958226825033858365e+00
1.957944245179744858e+00
1.957663256851901235e+00
1.957383890391512837e+00
1.957106175897113332e+00
1.956830143157496593e+00
1.956555821807651752e+00
1.956283241135434503e+00
1.956012430209987940e+00
1.955743417820467345e+00
1.955476232508891687e+00
1.955210902540835072e+00
1.954947455893966346e+00
1.954685920313795622e+00
1.954426323242890673e+00
1.954168691860760809e+00
1.953913053073988770e+00
1.953659433501725218e+00
1.953407859483745179e+00
1.953158357081597130e+00
1.952910952089344621e+00
1.952665669977500240e+00
1.952422535963789008e+00
1.952181574970310418e+00
1.951942811620242191e+00
1.951706270246515773e+00
1.951471974901752615e+00
1.951239949317515654e+00
1.951010216963891875e+00
1.950782800993932753e+00
1.950557724259633474e+00
1.950335009321483293e+00
1.950114678441907223e+00
1.949896753567819330e+00
1.949681256347626013e+00
1.949468208139796932e+00
1.949257629961120175e+00
1.949049542566276827e+00
1.948843966365222391e+00
1.948640921491771039e+00
1.948440427728622026e+00
1.948242504580667944e+00
1.948047171231102714e+00
1.947854446546068541e+00
1.947664349079093249e+00
1.947476897069546409e+00
1.947292108450926706e+00
1.947110000812728448e+00
1.946930591459679505e+00
1.946753897357399676e+00
1.946579935162364938e+00
1.946408721211647430e+00
1.946240271517565068e+00
1.946074601767916024e+00
1.945911727339513897e+00
1.945751663288738831e+00
1.945594424334561756e+00
1.945440024886034180e+00
1.945288479030719220e+00
1.945139800516477724e+00
1.944994002780916942e+00
1.944851098939180289e+00
1.944711101773284989e+00
1.944574023733798729e+00
1.944439876966386871e+00
1.944308673272525656e+00
1.944180424132972984e+00
1.944055140704054052e+00
1.943932833819894013e+00
1.943813513969285589e+00
1.943697191339553987e+00
1.943583875772547875e+00
1.943473576786718837e+00
1.943366303579745047e+00
1.943262065011769124e+00
1.943160869627226672e+00
1.943062725624599141e+00
1.942967640914456950e+00
1.942875623022385367e+00
1.942786679190829258e+00
1.942700816319904211e+00
1.942618040990636175e+00
1.942538359437718576e+00
1.942461777586155458e+00
1.942388301041424237e+00
1.942317935053714972e+00
1.942250684574869712e+00
1.942186554221464245e+00
1.942125548278654357e+00
1.942067670711158600e+00
1.942012925160780501e+00
1.941961314946394346e+00
1.941912843050073612e+00
1.941867512135485807e+00
1.941825324552662657e+00
1.941786282318478607e+00
1.941750387140777745e+00
1.941717640381909415e+00
1.941688043089499605e+00
1.941661596010877844e+00
1.941638299540487944e+00
1.941618153785549028e+00
1.941601158507290315e+00
1.941587313158726458e+00
1.941576616872948469e+00
1.941569068473440351e+00
1.941564666454459021e+00
1.941563408987510453e+00
1.941565293955807681e+00
1.941570318906957526e+00
1.941578481075596496e+00
1.941589777387779048e+00
1.941604204453567961e+00
1.941621758572242840e+00
1.941642435732020111e+00
1.941666231614318283e+00
1.941693141584909466e+00
1.941723160702318429e+00
1.941756283750013301e+00
1.941792505091621823e+00
1.941831818944093291e+00
1.941874219119917200e+00
1.941919699151938294e+00
1.941968252259337557e+00
1.942019871383709351e+00
1.942074549139834572e+00
1.942132277854867528e+00
1.942193049562629836e+00
1.942256855985480257e+00
1.942323688549641103e+00
1.942393538411591569e+00
1.942466396404221918e+00
1.942542253077157222e+00
1.942621098691352799e+00
1.942702923213562416e+00
1.942787716320133695e+00
1.942875467409958645e+00
1.942966165582721505e+00
1.943059799650336261e+00
1.943156358153918850e+00
1.943255829334617601e+00
1.943358201172578958e+00
1.943463461346920385e+00
1.943571597269340812e+00
1.943682596080555713e+00
1.943796444625275344e+00
1.943913129487950808e+00
1.944032636972526040e+00
1.944154953119962448e+00
1.944280063696917304e+00
1.944407954196334387e+00
1.944538609847708432e+00
1.944672015620498406e+00
1.944808156203919003e+00
1.944947016045540433e+00
1.945088579318042354e+00
1.945232829939208985e+00
1.945379751559512149e+00
1.945529327594615498e+00
1.945681541193085229e+00
1.945836375236782212e+00
1.945993812384051225e+00
1.946153835023836542e+00
1.946316425309820408e+00
1.946481565140340653e+00
1.946649236182535825e+00
1.946819419842335863e+00
1.946992097294249158e+00
1.947167249494287322e+00
1.947344857125864248e+00
1.947524900664005854e+00
1.947707360346732086e+00
1.947892216172210311e+00
1.948079447915799012e+00
1.948269035128110227e+00
1.948460957124879211e+00
1.948655193014765974e+00
1.948851721673425574e+00
1.949050521761088950e+00
1.949251571725642229e+00
1.949454849785932531e+00
1.949660333964834846e+00
1.949868002069029771e+00
1.950077831700809172e+00
1.950289800247974714e+00
1.950503884879674299e+00
1.950720062612010475e+00
1.950938310207901649e+00
1.951158604271252539e+00
1.951380921184623585e+00
1.951605237152914674e+00
1.951831528189336140e+00
1.952059770110300407e+00
1.952289938546551973e+00
1.952522008961511180e+00
1.952755956619402600e+00
1.952991756614887109e+00
1.953229383863656521e+00
1.953468813108173885e+00
1.953710018906788193e+00
1.953952975678318493e+00
1.954197657645496466e+00
1.954444038882460655e+00
1.954692093291529043e+00
1.954941794621082973e+00
1.955193116469769565e+00
1.955446032276916490e+00
1.955700515320308641e+00
1.955956538738134576e+00
1.956214075533281749e+00
1.956473098534543986e+00
1.956733580472186151e+00
1.956995493892412119e+00
1.957258811229657836e+00
1.957523504812268111e+00
1.957789546758538668e+00
1.958056909141387081e+00
1.958325563882642228e+00
1.958595482762627960e+00
1.958866637466383898e+00
1.959138999543630799e+00
1.959412540442184270e+00
1.959687231496245463e+00
1.959963043940575966e+00
1.960239948883741645e+00
1.960517917345965033e+00
1.960796920252489750e+00
1.961076928419936083e+00
1.961357912587655683e+00
1.961639843384115123e+00
1.961922691353971571e+00
1.962206426971957018e+00
1.962491020625352300e+00
1.962776442621439799e+00
1.963062663170373146e+00
1.963349652459636330e+00
1.963637380547226474e+00
1.963925817467548907e+00
1.964214933179881939e+00
1.964504697568842495e+00
1.964795080481174017e+00
1.965086051699636016e+00
1.965377580958304726e+00
1.965669637934988501e+00
1.965962192274201659e+00
1.966255213572511540e+00
1.966548671392886138e+00
1.966842535243409573e+00
1.967136774632314511e+00
1.967431359006362568e+00
1.967726257808732448e+00
1.968021440441265257e+00
1.968316876307407037e+00
1.968612534778590106e+00
1.968908385217564616e+00
1.969204396974143068e+00
1.969500539392975202e+00
1.969796781809741049e+00
1.970093093576755550e+00
1.970389444035427928e+00
1.970685802535943054e+00
1.970982138417773255e+00
1.971278421077556242e+00
1.971574619895013480e+00
1.971870704275369368e+00
1.972166643647362161e+00
1.972462407471433865e+00
1.972757965221975551e+00
