2.930696070088273153e+00
2.879297967414939929e+00
3.000935636259873363e+00
3.096593036396227738e+00
2.612200501067988512e+00
2.899643048304237691e+00
3.029217611018279577e+00
2.758652409029640040e+00
2.406628273411055119e+00
2.582971768193568884e+00
3.047848750705577370e+00
2.819014477068686020e+00
2.738230880653146571e+00
2.537593367833670399e+00
2.734840822530899995e+00
2.600511134878751296e+00
2.026032274576115899e+00
1.692690931371540364e+00
1.988683982070661438e+00
2.119282556992020616e+00
2.313230102277544997e+00
2.619657471010892191e+00
2.147667136509527452e+00
1.916829839681458036e+00
1.758859699380819430e+00
2.124743044138238890e+00
2.283220995403119069e+00
2.306711384738121762e+00
2.096811038611352540e+00
2.138838849223545946e+00
2.081134769532536843e+00
1.796308003571357670e+00
2.084334797136944140e+00
2.258834972563103616e+00
2.214080100450191324e+00
2.453034584500100923e+00
2.580890927185820249e+00
2.033457165872936567e+00
1.498358425782324588e+00
1.910848668126820638e+00
1.979645059914308280e+00
1.929601940993419529e+00
1.821800834316984030e+00
1.853806573584428685e+00
1.344821606869289976e+00
1.227927431802050329e+00
1.761143607325076799e+00
2.116075420468762847e+00
1.781336167202541843e+00
1.715925821736455026e+00
2.010386478789328635e+00
1.851037758556458135e+00
1.240361039681040500e+00
1.451247382252377927e+00
1.587275986700946051e+00
1.563365057061745222e+00
2.228754248757417233e+00
1.880941149306619042e+00
1.411418782799796157e+00
1.618578994906352930e+00
1.423280149320790722e+00
1.352100211284972930e+00
1.800796613843902216e+00
2.017506011910744856e+00
1.626279187359759071e+00
1.255741330364764652e+00
9.912182544520535821e-01
1.199174331850743069e+00
1.904281382937985656e+00
1.387544299029237704e+00
1.000983480812182469e+00
1.051430051758160511e+00
1.259728971327011005e+00
1.490245251778737900e+00
1.389701107060164365e+00
1.175274404663102068e+00
1.571788091475396110e+00
1.504771457883899544e+00
1.357535312079360290e+00
1.211241745529739067e+00
1.149703650554328549e+00
1.156767143921500596e+00
1.118471958272584832e+00
1.205459205933156808e+00
1.297971973067265861e+00
1.216458784657924674e+00
1.131169043333632329e+00
1.244402366643006852e+00
1.002440673405179616e+00
1.045470033844262847e+00
1.096750727007620663e+00
8.545775504940320566e-01
9.807456458777686903e-01
1.148390326222189062e+00
1.013332028685450137e+00
1.073187091208429145e+00
9.742412105582863857e-01
9.882443291312560385e-01
1.034707440921779353e+00
9.578411997503863962e-01
9.545328381607514068e-01
