2.471478146225422279e+00
2.479691598792044704e+00
2.487526554863048300e+00
2.494914915939651312e+00
2.501790017700663782e+00
2.508087748565839714e+00
2.513747685278108879e+00
2.518714208696380297e+00
2.522937560760206033e+00
2.526374803623464782e+00
2.528990644483783967e+00
2.530758094033485506e+00
2.531658932987664201e+00
2.531683969658733879e+00
2.530833080537528090e+00
2.529115035633147102e+00
2.526547119843777889e+00
2.523154570065804236e+00
2.518969854661648800e+00
2.514031827260963858e+00
2.508384789515963664e+00
2.502077499108685821e+00
2.495162157306350714e+00
2.487693408620395452e+00
2.479727380526230984e+00
2.471320786519294987e+00
2.462530110453875487e+00
2.453410884734762210e+00
2.444017069765594741e+00
2.434400537255379859e+00
2.424610656263746833e+00
2.414693977422272653e+00
2.404694008462525900e+00
2.394651072253989987e+00
2.384602237810581560e+00
2.374581313957499162e+00
2.364618895633851192e+00
2.354742453083896070e+00
2.344976454675586908e+00
2.335342515339231095e+00
2.325859563011812625e+00
2.316544017027631241e+00
2.307409972751835348e+00
2.298469388322335050e+00
2.289732269479439086e+00
2.281206850027302835e+00
2.272899765459347243e+00
2.264816218321863417e+00
2.256960134079594837e+00
2.249334307024642765e+00
2.241940535612514385e+00
2.234779747377656278e+00
2.227852113482960306e+00
2.221157153153479058e+00
2.214693828564196387e+00
2.208460630518833678e+00
2.202455655569730553e+00
2.196676675181088445e+00
2.191121197456615377e+00
2.185786522065564785e+00
2.180669788983585988e+00
2.175768021525401164e+00
2.171078164326120330e+00
2.166597116537628764e+00
2.162321761026950284e+00
2.158248989772342252e+00
2.154375725853824530e+00
2.150698942607955466e+00
2.147215680082924738e+00
2.143923059125085295e+00
2.140818293483050638e+00
2.137898700057715651e+00
2.135161707588598912e+00
2.132604863937892503e+00
2.130225842173840256e+00
2.128022445625105341e+00
2.125992611962340462e+00
2.124134416593024266e+00
2.122446075311750224e+00
2.120925946366177595e+00
2.119572532098544571e+00
2.118384480075160781e+00
2.117360583953785014e+00
2.116499783947398683e+00
2.115801167130189953e+00
2.115263967420881741e+00
2.114887565459024010e+00
2.114671488219698414e+00
2.114615408586739242e+00
2.114719144657073446e+00
2.114982658999617016e+00
2.115406057706552989e+00
2.115989589357555101e+00
2.116733643695816180e+00
2.117638750279289717e+00
2.118705576739216223e+00
2.119934926939174069e+00
2.121327738727564416e+00
2.122885081374952243e+00
2.124608152643585601e+00
2.126498275308376762e+00
2.128556893190879151e+00
2.130785566476776083e+00
2.133185966313268178e+00
2.135759868556692087e+00
2.138509146420104479e+00
2.141435762060895254e+00
2.144541756740855121e+00
2.147829239520349098e+00
2.151300374138965132e+00
2.154957363936082615e+00
2.158802434503797940e+00
2.162837813690777100e+00
2.167065708769516874e+00
2.171488280231614887e+00
2.176107611907451833e+00
2.180925676919036160e+00
2.185944298784838757e+00
2.191165107509393195e+00
2.196589489643625548e+00
2.202218531880083319e+00
2.208052957421016593e+00
2.214093054415545048e+00
2.220338595561664352e+00
2.226788748113655014e+00
2.233441973506559375e+00
2.240295915599125109e+00
2.247347276693282492e+00
2.254591680715723356e+00
2.262023522529434949e+00
2.269635803063897228e+00
2.277419949589974291e+00
2.285365621197641417e+00
2.293460499467870228e+00
2.301690065029612153e+00
2.310037361393147748e+00
2.318482747607002903e+00
2.327003642730762323e+00
2.335574266245236341e+00
2.344165378695429069e+00
2.352744029995279540e+00
2.361273322718010270e+00
2.369712200726187046e+00
2.378015274688915159e+00
2.386132698196839819e+00
2.394010110032292360e+00
2.401588660039343459e+00
2.408805136900664223e+00
2.415592217550164733e+00
2.421878857214670777e+00
2.427590838531466400e+00
2.432651495120190521e+00
2.436982621241099878e+00
2.440505572804994916e+00
2.443142557550729954e+00
2.444818101695399370e+00
2.445460669894131911e+00
2.445004402238130758e+00
2.443390919250880700e+00
2.440571134367421013e+00
2.436507002224658436e+00
2.431173124816056408e+00
2.424558134102468454e+00
2.416665772580016025e+00
2.407515601635342062e+00
2.397143281693676631e+00
2.385600387907660824e+00
2.372953748774650151e+00
2.359284320962054426e+00
2.344685639552076317e+00
2.329261906682606575e+00
2.313125800753456307e+00
2.296396102140978002e+00
2.279195237268264229e+00
2.261646842394310131e+00
2.243873440974962996e+00
2.225994314994729883e+00
2.208123634123147383e+00
2.190368886971309159e+00
2.172829639099666199e+00
2.155596623962738434e+00
2.138751157061271613e+00
2.122364849824500244e+00
2.106499590904890695e+00
2.091207755997132267e+00
2.076532604524035985e+00
2.062508821314320784e+00
2.049163163491675821e+00
2.036515176242394531e+00
2.024577945420769520e+00
2.013358860425847663e+00
2.002860365377562069e+00
1.993080681742030569e+00
1.984014490014633258e+00
1.975653561901170141e+00
1.967987337616777133e+00
1.961003446181237120e+00
1.954688167936315724e+00
1.949026840734330523e+00
1.944004212290126654e+00
1.939604741785722730e+00
1.935812854343771816e+00
1.932613152492263620e+00
1.929990588260898532e+00
1.927930599777854859e+00
1.926419215998733891e+00
1.925443132548318559e+00
1.924989761837460733e+00
1.925047259751712536e+00
1.925604531092911076e+00
1.926651215479261881e+00
1.928177655274062818e+00
1.930174846170408909e+00
1.932634371704606169e+00
1.935548321763853830e+00
1.938909195453563772e+00
1.942709788480183386e+00
1.946943064850626071e+00
1.951602012891816340e+00
1.956679485370123261e+00
1.962168023866951438e+00
1.968059667527216172e+00
1.974345746723642714e+00
1.981016662693123154e+00
1.988061654613177298e+00
1.995468556485506140e+00
2.003223546941049538e+00
2.011310896229157485e+00
2.019712715805010550e+00
2.028408716870340189e+00
2.037375986316331655e+00
2.046588788801121161e+00
2.056018405970518437e+00
2.065633023972621274e+00
2.075397681845998488e+00
2.085274292935958229e+00
2.095221751627372342e+00
2.105196136095519144e+00
2.115151016071456169e+00
2.125037870940405860e+00
2.134806620501714658e+00
2.144406264530401618e+00
2.153785622745942874e+00
2.162894160105048424e+00
2.171682876449779975e+00
2.180105234027379435e+00
2.188118091642198060e+00
2.195682610822087710e+00
2.202765098753682427e+00
2.209337752590237791e+00
2.215379274166024981e+00
2.220875328202804422e+00
2.225818825514267463e+00
2.230210020265934290e+00
2.234056420295439604e+00
2.237372518117940245e+00
2.240179358911645657e+00
2.242503968952859861e+00
2.244378672442956191e+00
2.245840328882479753e+00
2.246929523221950387e+00
2.247689740428187033e+00
2.248166553590872141e+00
2.248406850413530833e+00
2.248458118401528871e+00
2.248367803884095295e+00
2.248182754777648285e+00
2.247948752261355931e+00
2.247710131801905042e+00
2.247509491424281691e+00
2.247387480822331973e+00
2.247382664191695856e+00
2.247531447464127918e+00
2.247868059912137007e+00
2.248424580372837323e+00
2.249230997406633126e+00
2.250315294257910992e+00
2.251703548604159888e+00
2.253420038956996496e+00
2.255487348968348904e+00
2.257926461882632907e+00
2.260756838008600500e+00
2.263996466594974777e+00
2.267661885866838922e+00
2.271768162358320353e+00
2.276328821353381660e+00
2.281355719257482928e+00
2.286858847282309259e+00
2.292846055221622770e+00
2.299322682195196421e+00
2.306291080072259803e+00
2.313750013682563278e+00
2.321693921301504204e+00
2.330112017511241085e+00
2.338987221707756969e+00
2.348294896875087634e+00
2.358001387466722054e+00
2.368062352595256659e+00
2.378420902054571684e+00
2.389005560191146849e+00
2.399728106635728775e+00
2.410481376144898658e+00
2.421137141375444557e+00
2.431544254430676677e+00
2.441527281785018655e+00
2.450885929311738209e+00
2.459395611837441376e+00
2.466809560820830249e+00
2.472862869149979215e+00
2.477278821513362761e+00
2.479777731250202955e+00
2.480088286897897731e+00
2.477961098724030808e+00
2.473183752468840257e+00
2.465596270681130964e+00
2.455105532136073521e+00
2.441697000389281946e+00
2.425442151074283181e+00
2.406500316001946693e+00
2.385114264658414918e+00
2.361599632267910476e+00
2.336329127106109294e+00
2.309713136842509229e+00
2.282178762878904976e+00
2.254149369646346823e+00
2.226026463538845590e+00
2.198175201775222298e+00
2.170914211197087607e+00
2.144509797817281349e+00
2.119174148395979174e+00
2.095066812708600956e+00
2.072298612645604443e+00
2.050937123459037448e+00
2.031012968481851644e+00
2.012526317377578255e+00
1.995453142200279029e+00
1.979750939168843482e+00
1.965363753513998502e+00
1.952226444277933792e+00
1.940268196966350223e+00
1.929415330045228805e+00
1.919593490656596790e+00
1.910729297061043441e+00
1.902751546343474098e+00
1.895592052213495027e+00
1.889186193121648261e+00
1.883473233735352581e+00
1.878396473798867650e+00
1.873903268134329947e+00
1.869944953508181795e+00
1.866476710354245450e+00
1.863457381191039319e+00
1.860849262432809015e+00
1.858617882144016464e+00
1.856731772944884007e+00
1.855162246818823801e+00
1.853883176380414222e+00
1.852870785782912977e+00
1.852103453215153683e+00
1.851561526015370163e+00
1.851227148963645597e+00
1.851084105784939204e+00
1.851117673340954228e+00
1.851314488341682107e+00
1.851662425597842443e+00
1.852150487342898222e+00
1.852768702670353873e+00
1.853508036530955971e+00
1.854360307280888298e+00
1.855318112303740108e+00
1.856374760914160982e+00
1.857524213859353512e+00
1.858761029003297205e+00
1.860080312371052758e+00
1.861477674385753067e+00
1.862949190590138082e+00
1.864491366544014150e+00
1.866101106534133081e+00
1.867775685764285099e+00
1.869512725715539503e+00
1.871310172326248189e+00
1.873166277066821817e+00
1.875079580197531293e+00
1.877048896615661322e+00
1.879073303466915812e+00
1.881152130318471283e+00
1.883284950636592958e+00
1.885471575393877330e+00
1.887712048374098339e+00
1.890006643070552439e+00
1.892355861303006703e+00
1.894760433362898011e+00
1.897221319831377206e+00
1.899739715007147556e+00
1.902317051943618331e+00
1.904955009273584521e+00
1.907655519641606512e+00
1.910420780155842602e+00
1.913253264672893250e+00
1.916155738202099501e+00
1.919131273518515313e+00
1.922183270189170345e+00
1.925315476205701204e+00
1.928532012453133548e+00
1.931837400269098115e+00
1.935236592500454433e+00
1.938735008222285838e+00
1.942338571784947510e+00
1.946053756295884618e+00
1.949887632464127440e+00
1.953847923037936196e+00
1.957943063739414624e+00
1.962182271275770606e+00
1.966575619403839292e+00
1.971134123878056643e+00
1.975869837512862048e+00
1.980795956314847173e+00
1.985926938306568079e+00
1.991278636229208310e+00
1.996868446031947242e+00
2.002715472663617380e+00
2.008840715494914164e+00
2.015267274924074314e+00
2.022020582993660831e+00
2.029128659753591801e+00
2.036622397866772793e+00
2.044535877521383327e+00
2.052906713241301695e+00
2.061776433696076882e+00
2.071190894467036969e+00
2.081200721879531201e+00
2.091861783603117697e+00
2.103235677599029962e+00
2.115390225514257594e+00
2.128399948803786135e+00
2.142346493953018349e+00
2.157318957971650519e+00
2.173414043584927846e+00
2.190735942960592819e+00
2.209395810586249898e+00
2.229510632448083118e+00
2.251201231619500032e+00
2.274589066701512508e+00
2.299791379004946013e+00
2.326914133439116572e+00
2.356042089887529833e+00
2.387225262723911889e+00
2.420461032137910085e+00
2.455671334610719736e+00
2.492674814502970460e+00
2.531154705435592067e+00
2.570624696938843101e+00
2.610397202657041671e+00
2.649561146913849807e+00
2.686979064128989680e+00
2.721314809960606151e+00
2.751101817653120563e+00
2.774855912570320715e+00
2.791225698729545179e+00
2.799159496814605852e+00
2.798055854767317996e+00
2.787861310381133162e+00
2.769088557498220027e+00
2.742748658481550361e+00
2.710214471020371274e+00
2.673049102004907862e+00
2.632836960038862806e+00
2.591046652524822136e+00
2.548940440142786645e+00
2.507530918338205517e+00
2.467576236782202059e+00
2.429601379562544849e+00
2.393933474227574187e+00
2.360741767582509532e+00
2.330076131616672264e+00
2.301900776515719116e+00
2.276121885557923274e+00
2.252609157502247772e+00
2.231211910846158109e+00
2.211770671362365270e+00
2.194125191233293748e+00
2.178119755065435204e+00
2.163606487007958989e+00
2.150447226112194077e+00
2.138514404535620805e+00
2.127691251950393880e+00
2.117871561788981172e+00
2.108959186883566872e+00
2.100867381613699791e+00
2.093518070592037095e+00
2.086841097000483813e+00
2.080773484805050977e+00
2.075258735870308069e+00
2.070246173639087139e+00
2.065690339258017261e+00
2.061550441543094081e+00
2.057789860019262118e+00
2.054375698316315280e+00
2.051278384720701897e+00
2.048471315796109860e+00
2.045930539369025691e+00
2.043634472824483517e+00
2.041563653217510321e+00
2.039700515585030516e+00
2.038029196516689900e+00
2.036535360058532973e+00
2.035206043398002151e+00
2.034029520133410873e+00
2.032995178976663375e+00
2.032093416308564660e+00
2.031315540778274809e+00
2.030653688739501916e+00
2.030100749233247015e+00
2.029650297371222933e+00
2.029296535411194480e+00
2.029034240338075001e+00
2.028858717661378375e+00
2.028765760421597175e+00
2.028751613049493585e+00
2.028812939644869306e+00
2.028946796100662198e+00
2.029150605753121450e+00
2.029422138529981989e+00
2.029759492761622042e+00
2.030161080039175392e+00
2.030625612527899193e+00
2.031152092775915463e+00
2.031739805818387090e+00
2.032388313508131095e+00
2.033097451007682466e+00
2.033867325438561302e+00
2.034698316598115841e+00
2.035591079846385210e+00
2.036546551167713659e+00
2.037565954448328664e+00
2.038650811149647968e+00
2.039802952434144778e+00
2.041024533912151107e+00
2.042318053329085004e+00
2.043686371288193193e+00
2.045132735255823953e+00
2.046660807562527662e+00
2.048274697264417021e+00
2.049978996789536989e+00
2.051778823624345716e+00
2.053679867814818039e+00
2.055688446024294791e+00
2.057811562883375966e+00
2.060056980787267289e+00
2.062433299148095145e+00
2.064950044498201631e+00
2.067617772992707881e+00
2.070448187100907056e+00
2.073454268547361146e+00
2.076650429913293294e+00
2.080052687787609766e+00
2.083678860605068461e+00
2.087548794989100731e+00
2.091684624975576945e+00
2.096111069173769437e+00
2.100855771510800718e+00
2.105949692395721939e+00
2.111427557593973159e+00
2.117328373478073011e+00
2.123696017919446621e+00
2.130579917000249068e+00
2.138035818564635093e+00
2.146126673113788463e+00
2.154923632378910270e+00
2.164507173110327809e+00
2.174968349008996604e+00
2.186410165509284020e+00
2.198949056949083047e+00
2.212716423028337154e+00
2.227860143657788061e+00
2.244545934419641231e+00
2.262958317971893507e+00
2.283300857810528495e+00
2.305795112703902028e+00
2.330677503896908753e+00
2.358192920158614925e+00
2.388583406775504070e+00
2.422069701912940687e+00
2.458822769415752063e+00
2.498922018354995167e+00
2.542296994492654338e+00
2.588650694670069363e+00
2.637366371397009246e+00
2.687407035807534594e+00
2.737228550598852284e+00
2.784741802113800180e+00
2.827371110328749992e+00
2.862253414323283618e+00
2.886592735876252647e+00
2.898123679605836500e+00
2.895567010432048338e+00
2.878924159413277284e+00
2.849495108851304970e+00
2.809608879609797771e+00
2.762168443773610704e+00
2.710165777021134925e+00
2.656297879991396993e+00
2.602743958972476790e+00
2.551095991813308483e+00
2.502397432195301086e+00
2.457238390503350356e+00
2.415867038619308182e+00
2.378293072208330194e+00
2.344372459653502272e+00
2.313871276562956325e+00
2.286510792862163299e+00
2.261997572387627109e+00
2.240042434607630639e+00
2.220371567954101177e+00
2.202732347414261493e+00
2.186895721374338297e+00
2.172656472124988358e+00
2.159832231926832158e+00
2.148261832802287330e+00
2.137803358334885218e+00
2.128332122947710126e+00
2.119738711036618817e+00
2.111927147649227177e+00
2.104813234185155757e+00
2.098323059759499731e+00
2.092391684877769276e+00
2.086961986753591791e+00
2.081983652111875305e+00
2.077412301810598549e+00
2.073208731917322467e+00
2.069338256737247583e+00
2.065770140503831787e+00
2.062477105783172338e+00
2.059434908185647561e+00
2.056621968171790549e+00
2.054019052139142598e+00
2.051608995745668018e+00
2.049376463715390173e+00
2.047307741098411960e+00
2.045390551475311014e+00
2.043613898672140827e+00
2.041967928539040855e+00
2.040443808285389071e+00
2.039033620943960123e+00
2.037730273018750538e+00
2.036527413579118040e+00
2.035419363395962300e+00
2.034401052860915993e+00
2.033467967457882608e+00
2.032616100189804875e+00
2.031841909855998551e+00
2.031142284666832776e+00
2.030514510555765373e+00
2.029956243743316513e+00
2.029465487072693808e+00
2.029040569788082227e+00
2.028680130480231547e+00
2.028383102839637964e+00
2.028148704148882597e+00
2.027976426249356035e+00
2.027866028881907479e+00
2.027817535278681582e+00
2.027831229986570172e+00
2.027907658852370343e+00
2.028047631132414264e+00
2.028252223830289580e+00
2.028522788249956577e+00
2.028860958905413181e+00
2.029268664745818906e+00
2.029748143142894534e+00
2.030301956536941788e+00
2.030933012156105111e+00
2.031644584964670930e+00
2.032440344313772407e+00
2.033324384563595544e+00
2.034301260162127978e+00
2.035376025788483201e+00
2.036554282098177460e+00
2.037842227855149790e+00
2.039246719302028499e+00
2.040775337729856531e+00
2.042436466408888318e+00
2.044239378267834084e+00
2.046194335806404752e+00
2.048312705162659064e+00
2.050607086308882554e+00
2.053091462017474278e+00
2.055781368258785768e+00
2.058694089501543090e+00
2.061848882668586125e+00
2.065267234142527997e+00
2.068973155011195164e+00
2.072993520023997949e+00
2.077358457123160029e+00
2.082101794310103227e+00
2.087261571797800919e+00
2.092880627465592003e+00
2.099007263340593621e+00
2.105695999901421089e+00
2.113008422238508821e+00
2.121014117117854259e+00
2.129791690522175429e+00
2.139429839887494911e+00
2.150028429514142303e+00
2.161699476069966153e+00
2.174567885867030093e+00
2.188771683529426859e+00
2.204461314829493812e+00
2.221797370039464870e+00
2.240945724502816372e+00
2.262068591652797167e+00
2.285309297820745211e+00
2.310767717792859166e+00
2.338462359302960980e+00
2.368274390333540591e+00
2.399869271185345987e+00
2.432594666562938546e+00
2.465361534161082169e+00
2.496531724918242379e+00
2.523861000030775514e+00
2.544574054147241249e+00
2.555655606310824002e+00
2.554392825841471648e+00
2.539077917728761680e+00
2.509622021465395925e+00
2.467772067431251326e+00
2.416770446414750140e+00
2.360588485677557191e+00
2.303075657732562398e+00
2.247342925546456982e+00
2.195506066150843427e+00
2.148728503352012265e+00
2.107425014191652846e+00
2.071504025955722028e+00
2.040578321243085025e+00
2.014119720674235836e+00
1.991559649834957924e+00
1.972347692841354139e+00
1.955981392737634827e+00
1.942018100290143767e+00
1.930076510534743495e+00
1.919832830213612729e+00
1.911014565183939196e+00
1.903393624012724272e+00
1.896779630353256918e+00
1.891013861963115827e+00
1.885963966929164792e+00
1.881519465874845976e+00
1.877587980531837175e+00
1.874092101450566705e+00
1.870966801698734416e+00
1.868157308558269447e+00
1.865617354936205396e+00
1.863307743056643595e+00
1.861195164138330416e+00
1.859251227017001851e+00
1.857451657524489930e+00
1.855775636814174900e+00
1.854205253772485129e+00
1.852725050347476143e+00
1.851321642095955289e+00
1.849983403943841642e+00
1.848700203818723908e+00
1.847463181309992653e+00
1.846264560472525407e+00
1.845097491734790429e+00
1.843955918019912987e+00
1.842834460914101635e+00
1.841728323634130637e+00
1.840633208073077176e+00
1.839545243530045893e+00
1.838460925409652891e+00
1.837377062118711324e+00
1.836290729139293809e+00
1.835199228878402922e+00
1.834100055605490720e+00
1.832990864537487941e+00
1.831869444565011440e+00
1.830733693975202581e+00
1.829581598657173291e+00
1.828411212540618003e+00
1.827220639730175789e+00
1.826008018198632010e+00
1.824771504657109134e+00
1.823509260434891033e+00
1.822219438161188032e+00
1.820900169097331656e+00
1.819549550813467365e+00
1.818165635330307284e+00
1.816746417341225772e+00
1.815289822527938357e+00
1.813793695874652778e+00
1.812255789771951120e+00
1.810673751973084000e+00
1.809045113182491393e+00
1.807367274279140457e+00
1.805637493124889525e+00
1.803852870851654133e+00
1.802010337636152704e+00
1.800106637982791247e+00
1.798138315435084067e+00
1.796101696902399736e+00
1.793992876637555023e+00
1.791807700003050785e+00
1.789541747430721141e+00
1.787190318829314561e+00
1.784748419098064698e+00
1.782210745431078935e+00
1.779571677558730913e+00
1.776825272342138717e+00
1.773965264690525290e+00
1.770985077411094011e+00
1.767877843672254201e+00
1.764636446743933273e+00
1.761253583508941789e+00
1.757721860368297140e+00
1.754033932893080960e+00
1.750182704905577369e+00
1.746161607051646358e+00
1.741964982784229843e+00
1.737588617762534815e+00
1.733030461472095052e+00
1.728291604759624178e+00
1.723377597411952733e+00
1.718300215247674068e+00
1.713079816586804194e+00
1.707748464215396167e+00
1.702354026409552468e+00
1.696965502939099535e+00
1.691679832894459112e+00
1.686630401778927757e+00
1.681997320515500771e+00
1.678019215503291584e+00
1.675005614995788816e+00
1.673347884036510136e+00
1.673524903780488460e+00
1.676097338851858076e+00
1.681681881038637805e+00
1.690895698257126600e+00
1.704264052751750302e+00
1.722093894906861822e+00
1.744334506602257528e+00
1.770468004989360855e+00
1.799483881134273489e+00
1.829975990377317174e+00
1.860354166675654675e+00
1.889108412702954265e+00
1.915037929347125356e+00
1.937378506034407311e+00
1.955812711876582233e+00
1.970392838358545617e+00
1.981424644460003215e+00
1.989352633490317990e+00
1.994669423851392454e+00
1.997855316705939632e+00
1.999344421584035691e+00
1.999510121390727369e+00
1.998662766341672503e+00
1.997054089481891115e+00
1.994884646089980507e+00
1.992312058521232609e+00
1.989458879388596113e+00
1.986419534085653194e+00
1.983266176344200771e+00
1.980053484740337044e+00
1.976822516216930614e+00
1.973603761664816547e+00
1.970419547120318748e+00
1.967285909159292023e+00
1.964214053687515005e+00
1.961211487265395403e+00
1.958282892987082580e+00
1.955430807422599226e+00
1.952656143407959233e+00
1.949958593166205345e+00
1.947336938740665824e+00
1.944789290648615276e+00
1.942313270752230814e+00
1.939906151983743943e+00
1.937564964312821658e+00
1.935286574658181769e+00
1.933067746328112735e+00
1.930905182471214454e+00
1.928795557051861120e+00
1.926735535911786368e+00
1.924721790013476985e+00
1.922751002437085743e+00
1.920819870310344291e+00
1.918925102535432581e+00
1.917063414025215407e+00
1.915231516860052663e+00
1.913426108731329789e+00
1.911643858715089239e+00
1.909881390602634843e+00
1.908135263483524691e+00
1.906401949730578638e+00
1.904677809729263371e+00
1.902959063321129518e+00
1.901241757237554175e+00
1.899521727919749825e+00
1.897794558982033752e+00
1.896055532274489641e+00
1.894299571314506769e+00
1.892521175654803933e+00
1.890714344285561399e+00
1.888872485803317458e+00
1.886988312911878296e+00
1.885053717013092323e+00
1.883059620085926866e+00
1.880995797397832403e+00
1.878850665701105038e+00
1.876611028891645550e+00
1.874261772050821451e+00
1.871785492819531438e+00
1.869162057202457650e+00
1.866368065435133339e+00
1.863376212563133238e+00
1.860154530501327841e+00
1.856665504313108617e+00
1.852865072954222425e+00
1.848701560982718428e+00
1.844114663857917558e+00
1.839034759405190567e+00
1.833383108127452088e+00
1.827074057113334593e+00
1.820021389403605028e+00
1.812152816402973432e+00
1.803439782570860350e+00
1.793954589897932328e+00
1.783972331817172741e+00
1.774134990477576501e+00
1.765669244544286753e+00
1.760556901239737515e+00
1.761372565153651593e+00
1.770390746798116366e+00
1.788030997700517766e+00
1.811858020246803536e+00
1.837528319183841408e+00
1.861041851826954252e+00
1.880221209904074042e+00
1.894658968717535474e+00
1.904941356111445439e+00
1.911967651653284195e+00
1.916592431882203629e+00
1.919503558006933508e+00
1.921213634616531829e+00
1.922090390871984189e+00
1.922392874004050123e+00
1.922302220439453091e+00
1.921944886730128532e+00
1.921409278529271791e+00
1.920757362299529758e+00
1.920032689791043357e+00
1.919265929941493365e+00
1.918478690206040005e+00
1.917686168258021739e+00
1.916899003108724520e+00
1.916124575759014625e+00
1.915367929385821011e+00
1.914632424554347123e+00
1.913920208832013303e+00
1.913232555330752982e+00
1.912570107768442274e+00
1.911933059161831761e+00
1.911321282196505100e+00
1.910734424719332525e+00
1.910171979936418518e+00
1.909633337886237792e+00
1.909117823267731273e+00
1.908624723096613129e+00
1.908153306912684366e+00
1.907702841322153064e+00
1.907272600489305914e+00
1.906861873439137378e+00
1.906469969140553555e+00
1.906096219783401713e+00
1.905739982872180605e+00
1.905400642295156155e+00
1.905077608778900755e+00
1.904770319787939536e+00
1.904478239083658098e+00
1.904200856034897082e+00
1.903937684767901706e+00
1.903688263164626138e+00
1.903452151845613560e+00
1.903228933089378350e+00
1.903018209757894041e+00
1.902819604229592176e+00
1.902632757368793337e+00
1.902457327480782556e+00
1.902292989360155673e+00
1.902139433393965628e+00
1.901996364617786206e+00
1.901863501906595033e+00
1.901740577181032510e+00
1.901627334638861910e+00
1.901523530082124491e+00
1.901428930208046930e+00
1.901343312000565389e+00
1.901266462162510162e+00
1.901198176515050742e+00
