2.446210374129814902e+00
2.445615035099125034e+00
2.445112330760921715e+00
2.444701713727632786e+00
2.444382739287237261e+00
2.444155065039510077e+00
2.444018450588839375e+00
2.443972757415432184e+00
2.444017948889985803e+00
2.444154090375013411e+00
2.444381349550684757e+00
2.444699996795991037e+00
2.445110405701048872e+00
2.445613053819797766e+00
2.446208523452950701e+00
2.446897502530943846e+00
2.447680785875666398e+00
2.448559276288035491e+00
2.449533985928308510e+00
2.450606037854662134e+00
2.451776667635374718e+00
2.453047225098652806e+00
2.454419176248105572e+00
2.455894105272383943e+00
2.457473716691429111e+00
2.459159837635502388e+00
2.460954420215548666e+00
2.462859544056331895e+00
2.464877418866514347e+00
2.467010387204153332e+00
2.469260927212918233e+00
2.471631655565614594e+00
2.474125330405910095e+00
2.476744854356100589e+00
2.479493277586316324e+00
2.482373800913624695e+00
2.485389778861629484e+00
2.488544722773798679e+00
2.491842303806748316e+00
2.495286355915609988e+00
2.498880878667588235e+00
2.502630039928142036e+00
2.506538178359109637e+00
2.510609805702679331e+00
2.514849608611835929e+00
2.519262450292516498e+00
2.523853371583533622e+00
2.528627591515780981e+00
2.533590507263158376e+00
2.538747693381731452e+00
2.544104900104544598e+00
2.549668050764058780e+00
2.555443238035278508e+00
2.561436718825310432e+00
2.567654907804805209e+00
2.574104369138499493e+00
2.580791806447994219e+00
2.587724050465538550e+00
2.594908044449360851e+00
2.602350826752065860e+00
2.610059510481822276e+00
2.618041259650758956e+00
2.626303261742811923e+00
2.634852695988509907e+00
2.643696697091471925e+00
2.652842313910663830e+00
2.662296462575442835e+00
2.672065873569573036e+00
2.682157032116388340e+00
2.692576111431340014e+00
2.703328898333892560e+00
2.714420710308447227e+00
2.725856303881750708e+00
2.737639773498805607e+00
2.749774440334473713e+00
2.762262730861685611e+00
2.775106044485698753e+00
2.788304610227053892e+00
2.801857332103849796e+00
2.815761623434097860e+00
2.830013230256811951e+00
2.844606044323268357e+00
2.859531906701440640e+00
2.874780403018610375e+00
2.890338652010401521e+00
2.906191089774499581e+00
2.922319252012911317e+00
2.938701557543103249e+00
2.955313098167317687e+00
2.972125437157378869e+00
2.989106424080714586e+00
3.006220030546287614e+00
3.023426214052958194e+00
3.040680816869349989e+00
3.057935508072585407e+00
3.075137776315262972e+00
3.092230981940453205e+00
3.109154476075207008e+00
3.125843794371606865e+00
3.142230932093356799e+00
3.158244706028394244e+00
3.173811206892982906e+00
3.188854343881236009e+00
3.203296480766381737e+00
3.217059159340428742e+00
3.230063903561905647e+00
3.242233093887507245e+00
3.253490898050429792e+00
3.263764241061339000e+00
3.272983794559981785e+00
3.281084962599173593e+00
3.288008839979318587e+00
3.293703117420234250e+00
3.298122908726794922e+00
3.301231475713597430e+00
3.303000829385781323e+00
3.303412188634705871e+00
3.302456282402670418e+00
3.300133485753246276e+00
3.296453786016690923e+00
3.291436580464385919e+00
3.285110312540207023e+00
3.277511959275266840e+00
3.268686385140488149e+00
3.258685584672212698e+00
3.247567834777019158e+00
3.235396782111937597e+00
3.222240490303419858e+00
3.208170471364660603e+00
3.193260724206791856e+00
3.177586801213338585e+00
3.161224920808337391e+00
3.144251141180120612e+00
3.126740606612217643e+00
3.108766874981280015e+00
3.090401331431390730e+00
3.071712690573911608e+00
3.052766586804339877e+00
3.033625250064099443e+00
3.014347262787673731e+00
2.994987392204634613e+00
2.975596491163312596e+00
2.956221460290716863e+00
2.936905263639704167e+00
2.917686990263608227e+00
2.898601954160435756e+00
2.879681825524833094e+00
2.860954786685468765e+00
2.842445706673108585e+00
2.824176329046168110e+00
2.806165468207632685e+00
2.788429210171404105e+00
2.770981114156539693e+00
2.753832412293064635e+00
2.736992204960959185e+00
2.720467649893878459e+00
2.704264143619615091e+00
2.688385494243515694e+00
2.672834084824760481e+00
2.657611026695090750e+00
2.642716302866341849e+00
2.628148901164496287e+00
2.613906937383768891e+00
2.599987768701454982e+00
2.586388097649325868e+00
2.573104067040872245e+00
2.560131346365581262e+00
2.547465210264125979e+00
2.535100608825573421e+00
2.523032232159142740e+00
2.511254566828343027e+00
2.499761947359402825e+00
2.488548601877675459e+00
2.477608692550488989e+00
2.466936351608744360e+00
2.456525712995731858e+00
2.446370940192791998e+00
2.436466250716601056e+00
2.426805937310478445e+00
2.417384386490935899e+00
2.408196094453999514e+00
2.399235680877426891e+00
2.390497900561487921e+00
2.381977653381071480e+00
2.373669992657094330e+00
2.365570132147988947e+00
2.357673451757456906e+00
2.349975502233276003e+00
2.342472008874753264e+00
2.335158874547269559e+00
2.328032181808805223e+00
2.321088194616805822e+00
2.314323359435626060e+00
2.307734305882804371e+00
2.301317847101484571e+00
2.295070979789007204e+00
2.288990883955227762e+00
2.283074922525669237e+00
2.277320640827372511e+00
2.271725765845457712e+00
2.266288205529295663e+00
2.261006047961902965e+00
2.255877560575416219e+00
2.250901189253670776e+00
2.246075557556574509e+00
2.241399465861753093e+00
2.236871890633338911e+00
2.232491983651141876e+00
2.228259071363161148e+00
2.224172654144236372e+00
2.220232405787695207e+00
2.216438172847019050e+00
2.212789974136562421e+00
2.209288000199486124e+00
2.205932612782311342e+00
2.202724344350749153e+00
2.199663897494511300e+00
2.196752144362712489e+00
2.193990126037824506e+00
2.191379051715840909e+00
2.188920297884279442e+00
2.186615407247155307e+00
2.184466087479826069e+00
2.182474209778848984e+00
2.180641807023943723e+00
2.178971071751521826e+00
2.177464353519126927e+00
2.176124156053618197e+00
2.174953133680690875e+00
2.173954087225467013e+00
2.173129959300200476e+00
2.172483828699559805e+00
2.172018904068187872e+00
2.171738516563671340e+00
2.171646111461980944e+00
2.171745238667941891e+00
2.172039541871371604e+00
2.172532746410611892e+00
2.173228645565642214e+00
2.174131085225631921e+00
2.175243946788220306e+00
2.176571128186864712e+00
2.178116522872076022e+00
2.179883996583126482e+00
2.181877361956262362e+00
2.184100350538571877e+00
2.186556582475275512e+00
2.189249533413895499e+00
2.192182498818482816e+00
2.195358555429339109e+00
2.198780519945892742e+00
2.202450904923769937e+00
2.206371871827430109e+00
2.210545181410048521e+00
2.214972141432671293e+00
2.219653552048896916e+00
2.224589648867240310e+00
2.229780044301657327e+00
2.235223667157345329e+00
2.240918701453479045e+00
2.246862524457652999e+00
2.253051645036824091e+00
2.259481642731516526e+00
2.266147108540666810e+00
2.273041588198908336e+00
2.280157529025657936e+00
2.287486231439470163e+00
2.295017806062868537e+00
2.302741137877016619e+00
2.310643858421739250e+00
2.318712327382843164e+00
2.326931624758606265e+00
2.335285554688871112e+00
2.343756662200520147e+00
2.352326263587902755e+00
2.360974491548454957e+00
2.369680355425183294e+00
2.378421817146716855e+00
2.387175882925729464e+00
2.395918710571026455e+00
2.404625732062194654e+00
2.413271790288456398e+00
2.421831289404733578e+00
2.430278356578099874e+00
2.438587014046595947e+00
2.446731358843522663e+00
2.454685748226459019e+00
2.462424987962208434e+00
2.469924520849888339e+00
2.477160612625111114e+00
2.484110532295556339e+00
2.490752724168133092e+00
2.497066968780554230e+00
2.503034530304839578e+00
2.508638287966251212e+00
2.513862849834413993e+00
2.518694647037488021e+00
2.523122007579565285e+00
2.527135208648399800e+00
2.530726507538013426e+00
2.533890150843231659e+00
2.536622362787730900e+00
2.538921313448703643e+00
2.540787068336058052e+00
2.542221520421960257e+00
2.543228307221391926e+00
2.543812713953174764e+00
2.543981565899336772e+00
2.543743111037361615e+00
2.543106896293641395e+00
2.542083638561734471e+00
2.540685093234642089e+00
2.538923921715698917e+00
2.536813560029536951e+00
2.534368089873086927e+00
2.531602113745922811e+00
2.528530635081713385e+00
2.525168944655797887e+00
2.521532513770735839e+00
2.517636895171373457e+00
2.513497631759596729e+00
2.509130173524793506e+00
2.504549802776390166e+00
2.499771567696055907e+00
2.494810223825117745e+00
2.489680183533359514e+00
2.484395472952405370e+00
2.478969696055902450e+00
2.473416005352202518e+00
2.467747078948184125e+00
2.461975103171880619e+00
2.456111760566979552e+00
2.450168222457322909e+00
2.444155146002479295e+00
2.438082674735865041e+00
2.431960442666209588e+00
2.425797581055614049e+00
2.419602727871286163e+00
2.413384039170165973e+00
2.407149202355926665e+00
2.400905450836548827e+00
2.394659579808629424e+00
2.388417962928722993e+00
2.382186569737122284e+00
2.375970983491071387e+00
2.369776419033406523e+00
2.363607741298220155e+00
2.357469483244799324e+00
2.351365864057605837e+00
2.345300806859382803e+00
2.339277956260858993e+00
2.333300695415976733e+00
2.327372162767008312e+00
2.321495268216144936e+00
2.315672708744004105e+00
2.309906983666212721e+00
2.304200409198545074e+00
2.298555132516065136e+00
2.292973145218042408e+00
2.287456296347576412e+00
2.282006304726567514e+00
2.276624770900011363e+00
2.271313188430156949e+00
2.266072954771130465e+00
2.260905381682076332e+00
2.255811705061667283e+00
2.250793094507125502e+00
2.245850662309892165e+00
2.240985472145987867e+00
2.236198547329938613e+00
2.231490878830055369e+00
2.226863432793392050e+00
2.222317157938435095e+00
2.217852992519378397e+00
2.213471871178501083e+00
2.209174731396766234e+00
2.204962519922266218e+00
2.200836198846116254e+00
2.196796751537784864e+00
2.192845188510240018e+00
2.188982553049424240e+00
2.185209926737572417e+00
2.181528434954409956e+00
2.177939252177536034e+00
2.174443607252106059e+00
2.171042788694052206e+00
2.167738149737208797e+00
2.164531113554509112e+00
2.161423178293647496e+00
2.158415922238154927e+00
2.155511008801800799e+00
2.152710191610085921e+00
2.150015319614649201e+00
2.147428342067733364e+00
2.144951313622069478e+00
2.142586399375674411e+00
2.140335879913257244e+00
2.138202156302818402e+00
2.136187755122050724e+00
2.134295333374766734e+00
2.132527683398484086e+00
2.130887737635502432e+00
2.129378573327344260e+00
2.128003417040810419e+00
2.126765649047352991e+00
2.125668807380474146e+00
2.124716591726725667e+00
2.123912866850663050e+00
2.123261665699153866e+00
2.122767191956844268e+00
2.122433822016733362e+00
2.122266106287608700e+00
2.122268769645170305e+00
2.122446710970039785e+00
2.122805001739259012e+00
2.123348883086158878e+00
2.124083761721640151e+00
2.125015204120265899e+00
2.126148928915811531e+00
2.127490797185043636e+00
2.129046800525205008e+00
2.130823046450326608e+00
2.132825740952368321e+00
2.135061167876366461e+00
2.137535664749172781e+00
2.140255594744270518e+00
2.143227314408859385e+00
2.146457136801345644e+00
2.149951289573480917e+00
2.153715867781148319e+00
2.157756780870182745e+00
2.162079693643747191e+00
2.166689960797289594e+00
2.171592554726514024e+00
2.176791986551519287e+00
2.182292220031116781e+00
2.188096578406221404e+00
2.194207644309374761e+00
2.200627152984405477e+00
2.207355879045109770e+00
2.214393517700870007e+00
2.221738561021437075e+00
2.229388170558410209e+00
2.237338047641391547e+00
2.245582303034398208e+00
2.254113328109012659e+00
2.262921669907067113e+00
2.271995912387044125e+00
2.281322568276908491e+00
2.290885982596911674e+00
2.300668253670700381e+00
2.310649174130209982e+00
2.320806196173229363e+00
2.331114424850289080e+00
2.341546643166414921e+00
2.352073372222641456e+00
2.362662969649571121e+00
2.373281768368486588e+00
2.383894257393192273e+00
2.394463305173857304e+00
2.404950424863880887e+00
2.415316079877780187e+00
2.425520026483656721e+00
2.435521689014946034e+00
2.445280562080115239e+00
2.454756632598519062e+00
2.463910813727907989e+00
2.472705381967321703e+00
2.481104407602645612e+00
2.489074169354016153e+00
2.496583543284348838e+00
2.503604357078833775e+00
2.510111701403293427e+00
2.516084192302064260e+00
2.521504175368638911e+00
2.526357874131873515e+00
2.530635473853214190e+00
2.534331144314048601e+00
2.537443001714584589e+00
2.539973012750811776e+00
2.541926845637710208e+00
2.543313673420774190e+00
2.544145936850851442e+00
2.544439073546050700e+00
2.544211221715962701e+00
2.543482905728966958e+00
2.542276711606621387e+00
2.540616958992964580e+00
2.538529376648686942e+00
2.536040786868843711e+00
2.533178803938919366e+00
2.529971550537543301e+00
2.526447395296308684e+00
2.522634713688466146e+00
2.518561673850423066e+00
2.514256047750915712e+00
2.509745048118174005e+00
2.505055190383795427e+00
2.500212178738102864e+00
2.495240815119414535e+00
2.490164929449720788e+00
2.485007329327137082e+00
2.479789767570072634e+00
2.474532925421763174e+00
2.469256409670307573e+00
2.463978761885861513e+00
2.458717477905151494e+00
2.453489035972790333e+00
2.448308932077300160e+00
2.443191720944740908e+00
2.438151061500360761e+00
2.433199765806644876e+00
2.428349850171721336e+00
2.423612587986253786e+00
2.418998563121567802e+00
2.414517723643165414e+00
2.410179434948661825e+00
2.405992532269013218e+00
2.401965371693807416e+00
2.398105879946650365e+00
2.394421602243320013e+00
2.390919748248192978e+00
2.387607235880784273e+00
2.384490733354632575e+00
2.381576697572350909e+00
2.378871411979366801e+00
2.376381020403790512e+00
2.374111559037229480e+00
2.372068985536299746e+00
2.370259205471534347e+00
2.368688095816716466e+00
2.367361525545069512e+00
2.366285372965138745e+00
2.365465539840617026e+00
2.364907961814049386e+00
2.364618615087954900e+00
2.364603518849172747e+00
2.364868733269607670e+00
2.365420352444332686e+00
2.366264491936549419e+00
2.367407270264485497e+00
2.368854783795828922e+00
2.370613074193410608e+00
2.372688087884163632e+00
2.375085626406918671e+00
2.377811286924141232e+00
2.380870391831469313e+00
2.384267906442657292e+00
2.388008343583916560e+00
2.392095654139123617e+00
2.396533102303177287e+00
2.401323124544657350e+00
2.406467171336785782e+00
2.411965530796519097e+00
2.417817133711023470e+00
2.424019339650104854e+00
2.430567704313123745e+00
2.437455728830459467e+00
2.444674592488490728e+00
2.452212870986155036e+00
2.460056243479612270e+00
2.468187192959202303e+00
2.476584705539537801e+00
2.485223975944601094e+00
2.494076128125277236e+00
2.503107961350630184e+00
2.512281734069663042e+00
2.521554999192681557e+00
2.530880505849025131e+00
2.540206183570043574e+00
2.549475225201340400e+00
2.558626284581970278e+00
2.567593803452325130e+00
2.576308479974087629e+00
2.584697887451132381e+00
2.592687246914609833e+00
2.600200351219986050e+00
2.607160631280739604e+00
2.613492346723368609e+00
2.619121875430432400e+00
2.623979068283464500e+00
2.627998627934037934e+00
2.631121465338302823e+00
2.633295983810855834e+00
2.634479240094652841e+00
2.634637933655338493e+00
2.633749181660473226e+00
2.631801044556946856e+00
2.628792778947122599e+00
2.624734806377871710e+00
2.619648400302971414e+00
2.613565106693389595e+00
2.606525925751455475e+00
2.598580292111101642e+00
2.589784897972160493e+00
2.580202408538532666e+00
2.569900119465529542e+00
2.558948604888715561e+00
2.547420400065021795e+00
2.535388756735772464e+00
2.522926501728570692e+00
2.510105021538315384e+00
2.496993387510058060e+00
2.483657628870859391e+00
2.470160154115964346e+00
2.456559315827242962e+00
2.442909109814185964e+00
2.429258995226138751e+00
2.415653823137082767e+00
2.402133856132228296e+00
2.388734864626578247e+00
2.375488284564797326e+00
2.362421422362705581e+00
2.349557694555309162e+00
2.336916890647845690e+00
2.324515449808035150e+00
2.312366743134937064e+00
2.300481354912010890e+00
2.288867357700452576e+00
2.277530577136101630e+00
2.266474843651534510e+00
2.255702229049670215e+00
2.245213266533486074e+00
2.235007153839739580e+00
2.225081939138527254e+00
2.215434689950115832e+00
2.206061645837841478e+00
2.196958355358734405e+00
2.188119798322442300e+00
2.179540494324315958e+00
2.171214598663067985e+00
2.163135986430128721e+00
2.155298326123828101e+00
2.147695143604281043e+00
2.140319877271230187e+00
2.133165925595921664e+00
2.126226687635092372e+00
2.119495597369810636e+00
2.112966152582075985e+00
2.106631938922217007e+00
2.100486649738283251e+00
2.094524102195030935e+00
2.088738250134427155e+00
2.083123194222597618e+00
2.077673189532885267e+00
2.072382651141694510e+00
2.067246157913427140e+00
2.062258454670614860e+00
2.057414453246940056e+00
2.052709232211570978e+00
2.048138035844506266e+00
2.043696272302470973e+00
2.039379511130543943e+00
2.035183480284773694e+00
2.031104062728788406e+00
2.027137292731709728e+00
2.023279351920250768e+00
2.019526565077000235e+00
2.015875395958114602e+00
2.012322442830025260e+00
2.008864434181075076e+00
2.005498224251387018e+00
2.002220788674529128e+00
1.999029220139579177e+00
1.995920724112795419e+00
1.992892614666238460e+00
1.989942310325506281e+00
1.987067330126116360e+00
1.984265289648536212e+00
1.981533897305661096e+00
1.978870950649847860e+00
1.976274332822914870e+00
1.973742009153828469e+00
1.971272023864390377e+00
1.968862496888156954e+00
1.966511620839573427e+00
1.964217658043829973e+00
1.961978937792861144e+00
1.959793853587865842e+00
1.957660860596940999e+00
1.955578473200268119e+00
1.953545262569994945e+00
1.951559854488252865e+00
1.949620927151552552e+00
1.947727209126558723e+00
1.945877477419425405e+00
1.944070555581760118e+00
1.942305311953292701e+00
1.940580657971513689e+00
1.938895546576029583e+00
1.937248970698785877e+00
1.935639961820944999e+00
1.934067588580591357e+00
1.932530955549378149e+00
1.931029201966153686e+00
1.929561500603581559e+00
1.928127056709295850e+00
1.926725106974282342e+00
1.925354918613862987e+00
1.924015788465125221e+00
1.922707042174871761e+00
1.921428033460282014e+00
1.920178143389908998e+00
1.918956779766861631e+00
1.917763376533187403e+00
1.916597393284459327e+00
1.915458314759371561e+00
1.914345650488894934e+00
1.913258934426777413e+00
1.912197724695431367e+00
1.911161603318926705e+00
1.910150176112149767e+00
1.909163072553447860e+00
1.908199945752634408e+00
1.907260472508185645e+00
1.906344353373942369e+00
1.905451312837905364e+00
1.904581099596577287e+00
1.903733486822657861e+00
1.902908272596786965e+00
1.902105280380866903e+00
1.901324359590587543e+00
1.900565386274362334e+00
1.899828263788714056e+00
1.899112923778605744e+00
1.898419327072695451e+00
1.897747464788768879e+00
1.897097359549399620e+00
1.896469066825989147e+00
1.895862676402193303e+00
1.895278314047980750e+00
1.894716143296364397e+00
1.894176367382844672e+00
1.893659231452306191e+00
1.893165024885331338e+00
1.892694083822962892e+00
1.892246794034223134e+00
1.891823593885347599e+00
1.891424977640005833e+00
1.891051499049072770e+00
1.890703775222356997e+00
1.890382490726429277e+00
1.890088402205177598e+00
1.889822343209343281e+00
1.889585229431021141e+00
1.889378064368227195e+00
1.889201945397675608e+00
1.889058070286201207e+00
1.888947744154568120e+00
1.888872386934864478e+00
1.888833541284049122e+00
1.888832881044685941e+00
1.888872220164925730e+00
1.888953522118784756e+00
1.889078909821677366e+00
1.889250675991988926e+00
1.889471293877573288e+00
1.889743428417716364e+00
1.890069947502996728e+00
1.890453933486623939e+00
1.890898694598987850e+00
1.891407776087949522e+00
1.891984970920342901e+00
1.892634329508836144e+00
1.893360168343281469e+00
1.894167076704468933e+00
1.895059921141206694e+00
1.896043846716479075e+00
1.897124274373319430e+00
1.898306893241727300e+00
1.899597646731261191e+00
1.901002711008942914e+00
1.902528464294624522e+00
1.904181445123305005e+00
1.905968297679272894e+00
1.907895701947663447e+00
1.909970286552917784e+00
1.912198521731363510e+00
1.914586590480252593e+00
1.917140235416553429e+00
1.919864579979740915e+00
1.922763922717160456e+00
1.925841504533391646e+00
1.929099250159423962e+00
1.932537486574979146e+00
1.936154643381847951e+00
1.939946942538551822e+00
1.943908087875254820e+00
1.948028967620053731e+00
1.952297386343583963e+00
1.956697845633669886e+00
1.961211394528722396e+00
1.965815571834350184e+00
1.970484461913255769e+00
1.975188882460008788e+00
1.979896718099764419e+00
1.984573406136364904e+00
1.989182571087861007e+00
1.993686794300039811e+00
1.998048492053695169e+00
2.002230866352257888e+00
2.006198882143710005e+00
2.009920220147799697e+00
2.013366152859013880e+00
2.016512294663466154e+00
2.019339185332329922e+00
2.021832677849487503e+00
2.023984115708587606e+00
2.025790300131371069e+00
2.027253261650533656e+00
2.028379862441008541e+00
2.029181264073529611e+00
2.029672300620725345e+00
2.029870797063117571e+00
2.029796871452251406e+00
2.029472253845019392e+00
2.028919648649380569e+00
2.028162160121028457e+00
2.027222793467275963e+00
2.026124037655831600e+00
2.024887530621978016e+00
2.023533803442692847e+00
2.022082097135657897e+00
2.020550243545230718e+00
2.018954601197858523e+00
2.017310036631746240e+00
2.015629942206553338e+00
2.013926281919796502e+00
2.012209657820273723e+00
2.010489390866018411e+00
2.008773610671181320e+00
2.007069349892301791e+00
2.005382640075167089e+00
2.003718606059292640e+00
2.002081557239776544e+00
2.000475074294093769e+00
1.998902090510181973e+00
1.997364967146230796e+00
1.995865562710052998e+00
1.994405296018146867e+00
1.992985203332318100e+00
1.991605989706134228e+00
1.990268074880400695e+00
1.988971634243247744e+00
1.987716635031336887e+00
1.986502868354471207e+00
1.985329977343181618e+00
1.984197481828931853e+00
1.983104799848319777e+00
1.982051266518868093e+00
1.981036150225855330e+00
1.980058666750917018e+00
1.979117991502745477e+00
1.978213269802652663e+00
1.977343625953428718e+00
1.976508170855389768e+00
1.975706008433903760e+00
1.974936241116562519e+00
1.974197974473975270e+00
1.973490320978266377e+00
1.972812403270271853e+00
1.972163356685029623e+00
1.971542331397293957e+00
1.970948494131630646e+00
1.970381029461846012e+00
1.969839140814950706e+00
1.969322051244789540e+00
1.968829003933573629e+00
1.968359262554355338e+00
1.967912111349825910e+00
1.967486855275966340e+00
1.967082819786855064e+00
1.966699350810161118e+00
1.966335814325857578e+00
1.965991596128559671e+00
1.965666101453841463e+00
1.965358754522108509e+00
1.965068998120978572e+00
1.964796293125506743e+00
1.964540117995766444e+00
1.964299968280940556e+00
1.964075356131356864e+00
1.963865809747799895e+00
1.963670872896094988e+00
1.963490104402458192e+00
1.963323077619205881e+00
1.963169379974808448e+00
1.963028612429724484e+00
1.962900389074242469e+00
1.962784336589727285e+00
1.962680093833425454e+00
1.962587311394470735e+00
1.962505651158759523e+00
1.962434785898736322e+00
1.962374398869585423e+00
1.962324183405800948e+00
1.962283842576116877e+00
1.962253088776924059e+00
1.962231643460444985e+00
1.962219236690776691e+00
1.962215606894337938e+00
1.962220500539651136e+00
1.962233671808275570e+00
1.962254882323854366e+00
1.962283900880856802e+00
1.962320503150403406e+00
1.962364471455299464e+00
1.962415594508784222e+00
1.962473667170767877e+00
1.962538490227733634e+00
1.962609870177293825e+00
1.962687619022039032e+00
1.962771554041586874e+00
1.962861497650071341e+00
1.962957277139355972e+00
1.963058724591688176e+00
1.963165676616197564e+00
1.963277974254207470e+00
1.963395462790273216e+00
1.963517991605095769e+00
1.963645414031498726e+00
1.963777587234049937e+00
1.963914372038426004e+00
1.964055632831874343e+00
1.964201237443960135e+00
1.964351057000980338e+00
1.964504965847434725e+00
1.964662841407917249e+00
1.964824564094656889e+00
1.964990017215187068e+00
1.965159086865116089e+00
1.965331661833612742e+00
1.965507633526262454e+00
1.965686895879354745e+00
1.965869345253459910e+00
1.966054880399752181e+00
1.966243402338633706e+00
1.966434814324956148e+00
1.966629021725009085e+00
1.966825932020386247e+00
1.967025454693382081e+00
1.967227501175821791e+00
1.967431984799608236e+00
1.967638820718613069e+00
1.967847925877451942e+00
1.968059218946675459e+00
1.968272620275896889e+00
1.968488051819690110e+00
1.968705437121893054e+00
1.968924701282413814e+00
1.969145770838164111e+00
1.969368573828423230e+00
1.969593039663791290e+00
1.969819099114756611e+00
1.970046684309781471e+00
1.970275728642103763e+00
1.970506166770936485e+00
1.970737934569981142e+00
1.970970969111917714e+00
1.971205208629007721e+00
1.971440592468866493e+00
1.971677061071237524e+00
1.971914555981797879e+00
1.972153019735982893e+00
1.972392395920454344e+00
1.972632629095755430e+00
1.972873664801394034e+00
1.973115449511175123e+00
1.973357930617251288e+00
1.973601056399405529e+00
1.973844776026081771e+00
1.974089039521894184e+00
1.974333797736761209e+00
1.974579002319295062e+00
1.974824605764821328e+00
1.975070561280190873e+00
1.975316822897480451e+00
1.975563345347492117e+00
1.975810084119950849e+00
1.976056995397696081e+00
1.976304036057308755e+00
1.976551163670012157e+00
1.976798336471160100e+00
1.977045513350140782e+00
1.977292653842293024e+00
1.977539718086639420e+00
1.977786666875599897e+00
1.978033461575386287e+00
1.978280064161147767e+00
1.978526437169668029e+00
1.978772543728346545e+00
1.979018347509968079e+00
1.979263812732466432e+00
1.979508904165046212e+00
1.979753587092304645e+00
1.979997827330989280e+00
1.980241591197885009e+00
1.980484845507662017e+00
1.980727557582007359e+00
1.980969695219825022e+00
1.981211226685273719e+00
1.981452120731608701e+00
1.981692346558508344e+00
1.981931873817784906e+00
1.982170672614640861e+00
1.982408713504259623e+00
1.982645967456387215e+00
1.982882405852633090e+00
1.983118000560468719e+00
1.983352723747277446e+00
1.983586548117650006e+00
1.983819446693020350e+00
1.984051392921812207e+00
1.984282360629543218e+00
1.984512324041697084e+00
1.984741257755089361e+00
1.984969136725620142e+00
1.985195936329368527e+00
1.985421632252220459e+00
1.985646200570557740e+00
1.985869617713141855e+00
1.986091860462124048e+00
1.986312905934676021e+00
1.986532731621739600e+00
1.986751315310636423e+00
1.986968635160833108e+00
1.987184669645671198e+00
1.987399397577677584e+00
1.987612798079298138e+00
1.987824850599653193e+00
1.988035534912796720e+00
1.988244831108971544e+00
1.988452719572180172e+00
1.988659181003214815e+00
1.988864196413305807e+00
1.989067747105869310e+00
1.989269814687147253e+00
1.989470381056839043e+00
1.989669428414126306e+00
1.989866939232593612e+00
1.990062896294778172e+00
1.990257282644912529e+00
1.990450081627772594e+00
1.990641276846844221e+00
1.990830852207857493e+00
1.991018791873860438e+00
1.991205080293435348e+00
1.991389702164019893e+00
1.991572642464021881e+00
1.991753886440245092e+00
1.991933419588334031e+00
1.992111227698335929e+00
1.992287296764854387e+00
1.992461613091121686e+00
1.992634163204312525e+00
1.992804933885716112e+00
1.992973912199367925e+00
1.993141085418616454e+00
1.993306441076988067e+00
1.993469966969209528e+00
1.993631651107742098e+00
1.993791481762878348e+00
1.993949447442745271e+00
1.994105536891514374e+00
1.994259739096148731e+00
1.994412043270686885e+00
1.994562438861377851e+00
1.994710915550158781e+00
1.994857463248534968e+00
1.995002072100829471e+00
1.995144732471866744e+00
1.995285434952298154e+00
1.995424170360746707e+00
1.995560929741255318e+00
1.995695704343861010e+00
1.995828485651534256e+00
1.995959265367256874e+00
1.996088035406790251e+00
1.996214787899924570e+00
1.996339515180292512e+00
1.996462209826971312e+00
1.996582864579126593e+00
1.996701472440848502e+00
1.996818026597083406e+00
1.996932520429295144e+00
1.997044947549132532e+00
1.997155301765628499e+00
1.997263577078300933e+00
1.997369767701740129e+00
1.997473868057089819e+00
1.997575872752344939e+00
1.997675776598294428e+00
1.997773574610227199e+00
1.997869261991046530e+00
1.997962834145598610e+00
1.998054286667260149e+00
1.998143615339561308e+00
1.998230816149534794e+00
1.998315885267817338e+00
1.998398819047888741e+00
1.998479614038178198e+00
1.998558266975859032e+00
1.998634774792604984e+00
1.998709134571234891e+00
1.998781343621197637e+00
1.998851399399661277e+00
1.998919299576257913e+00
1.998985041971231391e+00
1.999048624604813584e+00
1.999110045664458823e+00
1.999169303510956341e+00
1.999226396703124076e+00
1.999281323957366130e+00
1.999334084163184366e+00
1.999384676384212245e+00
1.999433099854282414e+00
1.999479353984840113e+00
1.999523438359026573e+00
1.999565352712663779e+00
1.999605096961661888e+00
1.999642671187878085e+00
1.999678075630882956e+00
1.999711310704401557e+00
1.999742376973441926e+00
1.999771275179119012e+00
1.999798006213939550e+00
1.999822571121650405e+00
1.999844971124824289e+00
1.999865207595090455e+00
1.999883282055279432e+00
1.999899196193686501e+00
1.999912951789581061e+00
1.999924550984644611e+00
1.999933995784602736e+00
1.999941288539701212e+00
1.999946431650058365e+00
1.999949427764312393e+00
1.999950279598454950e+00
1.999948990050119502e+00
1.999945562144357147e+00
1.999939999080858621e+00
1.999932304176680331e+00
1.999922480898691290e+00
1.999910532852660294e+00
1.999896463799061275e+00
1.999880277632615888e+00
1.999861978363064452e+00
1.999841570180176387e+00
1.999819057371761799e+00
1.999794444396906679e+00
1.999767735812423286e+00
1.999738936332637440e+00
1.999708050794908099e+00
1.999675084177107376e+00
1.999640041577894767e+00
1.999602928225323817e+00
1.999563749484836617e+00
1.999522510843970480e+00
1.999479217912543794e+00
1.999433876438501567e+00
1.999386492259277226e+00
1.999337071383776365e+00
1.999285619908395928e+00
1.999232144061735772e+00
1.999176650189002924e+00
1.999119144770829415e+00
1.999059634372246874e+00
1.998998125698510098e+00
1.998934625571737067e+00
1.998869140919893539e+00
1.998801678788602043e+00
1.998732246320985562e+00
1.998660850803550160e+00
1.998587499594689731e+00
1.998512200201541855e+00
1.998434960201804333e+00
1.998355787302613651e+00
1.998274689307645069e+00
1.998191674139797369e+00
1.998106749809885230e+00
1.998019924426254201e+00
1.997931206234120571e+00
1.997840603531164883e+00
1.997748124755645671e+00
1.997653778413480463e+00
1.997557573128245778e+00
1.997459517615606917e+00
1.997359620676232961e+00
1.997257891215026726e+00
1.997154338240885174e+00
1.997048970828199321e+00
1.996941798159605153e+00
1.996832829512563467e+00
1.996722074226914057e+00
1.996609541764143403e+00
1.996495241650944719e+00
1.996379183517294820e+00
1.996261377052175101e+00
1.996141832052947374e+00
1.996020558389902000e+00
1.995897565999056988e+00
1.995772864931565804e+00
1.995646465293439364e+00
1.995518377272101240e+00
1.995388611137275392e+00
1.995257177229993406e+00
1.995124085974004258e+00
1.994989347860412598e+00
1.994852973452959422e+00
1.994714973394060342e+00
1.994575358392258080e+00
1.994434139228209890e+00
1.994291326756476135e+00
1.994146931881971563e+00
1.994000965593996089e+00
1.993853438959032109e+00
1.993704363063754093e+00
1.993553749095860583e+00
1.993401608319055551e+00
1.993247952017564772e+00
1.993092791549753606e+00
1.992936138357138898e+00
1.992778003909128737e+00
1.992618399759794157e+00
1.992457337496180925e+00
1.992294828774745952e+00
1.992130885308898591e+00
1.991965518855387751e+00
1.991798741231235903e+00
1.991630564297578898e+00
1.991460999985573688e+00
1.991290060263939177e+00
1.991117757108013198e+00
1.990944102632901114e+00
1.990769108928917897e+00
1.990592788140079783e+00
1.990415152493730799e+00
1.990236214371858825e+00
1.990055985594931132e+00
1.989874478973048699e+00
1.989691706714992181e+00
1.989507681222841162e+00
1.989322414962034546e+00
1.989135920413728886e+00
1.988948210093528735e+00
1.988759296574835744e+00
1.988569192457307233e+00
1.988377910357997047e+00
1.988185462956722827e+00
1.987991862935021059e+00
1.987797123030748958e+00
1.987601256001208183e+00
1.987404274623837175e+00
1.987206191727858506e+00
1.987007020153895409e+00
1.986806772777129915e+00
1.986605462489752894e+00
1.986403102214455263e+00
1.986199704893306439e+00
1.985995283508818821e+00
1.985789851043635368e+00
1.985583420507437635e+00
1.985376004946345807e+00
1.985167617406756513e+00
1.984958270951296733e+00
1.984747978693334192e+00
1.984536753720374413e+00
1.984324609163771624e+00
1.984111558159389332e+00
1.983897613862496856e+00
1.983682789444820349e+00
1.983467098075571755e+00
1.983250552947620537e+00
1.983033167261417873e+00
1.982814954248987238e+00
1.982595927110256451e+00
1.982376099078777099e+00
1.982155483403446050e+00
1.981934093318674650e+00
1.981711942084890987e+00
1.981489042953006985e+00
1.981265409180702486e+00
1.981041054041403626e+00
1.980815990792850423e+00
1.980590232714296794e+00
1.980363793074356060e+00
1.980136685138251140e+00
1.979908922184524522e+00
1.979680517471802847e+00
1.979451484284889817e+00
1.979221835879619418e+00
1.978991585522291263e+00
1.978760746463450237e+00
1.978529331967804783e+00
1.978297355278630709e+00
1.978064829635880484e+00
1.977831768273186075e+00
1.977598184421484939e+00
1.977364091301816451e+00
1.977129502121249383e+00
1.976894430073715458e+00
1.976658888358818311e+00
1.976422890144694078e+00
1.976186448596570555e+00
1.975949576882692682e+00
1.975712288120622162e+00
1.975474595447721526e+00
1.975236511972507270e+00
1.974998050800230276e+00
1.974759224991833761e+00
1.974520047627356334e+00
1.974280531736576139e+00
1.974040690360498784e+00
1.973800536491240765e+00
1.973560083137707144e+00
1.973319343249965607e+00
1.973078329795346031e+00
1.972837055686527563e+00
1.972595533831370762e+00
1.972353777118379892e+00
1.972111798404842853e+00
1.971869610528559802e+00
1.971627226296746693e+00
1.971384658499074405e+00
1.971141919900699868e+00
1.970899023234473635e+00
1.970655981211433483e+00
1.970412806458597954e+00
1.970169511787803085e+00
1.969926109668840519e+00
1.969682612751350037e+00
1.969439033611163792e+00
1.969195384759494738e+00
1.968951678735611610e+00
1.968707927997679352e+00
1.968464144991329157e+00
1.968220342136027368e+00
1.967976531804080942e+00
1.967732726348301098e+00
1.967488938083506111e+00
1.967245179273517275e+00
1.967001462179083227e+00
1.966757798996976669e+00
1.966514201925416483e+00
1.966270683074871739e+00
1.966027254558238013e+00
1.965783928432026206e+00
1.965540716731377868e+00
1.965297631440472870e+00
1.965054684502577809e+00
1.964811887841934279e+00
1.964569253268033666e+00
1.964326792780213049e+00
1.964084517990164036e+00
1.963842440721504490e+00
1.963600572684877532e+00
1.963358925534731236e+00
1.963117510907242735e+00
1.962876340406142006e+00
1.962635425507054832e+00
1.962394777763398324e+00
1.962154408628934199e+00
1.961914329493330333e+00
1.961674551735007599e+00
1.961435086666450056e+00
1.961195945570862076e+00
1.960957139666443139e+00
1.960718680162911953e+00
1.960480578171474031e+00
1.960242844802959850e+00
1.960005491091275198e+00
1.959768528033609014e+00
1.959531966584237894e+00
1.959295817638712300e+00
1.959060092064679681e+00
1.958824800652806175e+00
1.958589954161166435e+00
1.958355563301501512e+00
1.958121638728465674e+00
1.957888191050159765e+00
1.957655230813673430e+00
1.957422768544156533e+00
1.957190814675989987e+00
1.956959379624602535e+00
1.956728473733225782e+00
1.956498107315975732e+00
1.956268290614581629e+00
1.956039033821352247e+00
1.955810347086111900e+00
1.955582240496592794e+00
1.955354724089636731e+00
1.955127807858493272e+00
1.954901501712548617e+00
1.954675815554971274e+00
1.954450759191175724e+00
1.954226342385578352e+00
1.954002574869097009e+00
1.953779466287284050e+00
1.953557026250933859e+00
1.953335264299695062e+00
1.953114189936048684e+00
1.952893812585626554e+00
1.952674141641304262e+00
1.952455186417121125e+00
1.952236956187440864e+00
1.952019460162020215e+00
1.951802707494706191e+00
1.951586707290325462e+00
1.951371468576464041e+00
1.951157000342450987e+00
1.950943311516547318e+00
1.950730410969415685e+00
1.950518307499233162e+00
1.950307009865650310e+00
1.950096526757917115e+00
1.949886866816738396e+00
1.949678038608562591e+00
1.949470050662319709e+00
1.949262911432956491e+00
1.949056629314495526e+00
1.948851212654239884e+00
1.948646669730626613e+00
1.948443008758112827e+00
1.948240237912155060e+00
1.948038365283894402e+00
1.947837398919943341e+00
1.947637346791450730e+00
1.947438216841881120e+00
1.947240016912759053e+00
1.947042754813433030e+00
1.946846438284042247e+00
1.946651075004647513e+00
1.946456672593603443e+00
1.946263238608557211e+00
1.946070780551819590e+00
1.945879305848783769e+00
1.945688821883786890e+00
1.945499335964141041e+00
1.945310855351672030e+00
1.945123387233489876e+00
1.944936938734340037e+00
1.944751516930085078e+00
1.944567128818839752e+00
1.944383781351866958e+00
1.944201481412427102e+00
1.944020235815455466e+00
1.943840051330875784e+00
1.943660934648356653e+00
1.943482892403465501e+00
1.943305931172128798e+00
1.943130057464959926e+00
1.942955277716167606e+00
1.942781598345498129e+00
1.942609025647838106e+00
1.942437565902597196e+00
1.942267225290675858e+00
1.942098009973129757e+00
1.941929925998058692e+00
1.941762979405184053e+00
1.941597176134632452e+00
1.941432522064752808e+00
1.941269023018805884e+00
1.941106684781895408e+00
1.940945513034294523e+00
1.940785513418892938e+00
1.940626691504528489e+00
1.940469052808691197e+00
1.940312602783061946e+00
1.940157346819039175e+00
1.940003290228156763e+00
1.939850438282513689e+00
1.939698796161965166e+00
1.939548369026875330e+00
1.939399161937697125e+00
1.939251179907099498e+00
1.939104427887360815e+00
1.938958910761616750e+00
1.938814633351031214e+00
1.938671600429275887e+00
1.938529816671923145e+00
1.938389286737966621e+00
1.938250015188418773e+00
1.938112006527275888e+00
1.937975265218280008e+00
1.937839795637400941e+00
1.937705602110056047e+00
1.937572688900967011e+00
1.937441060212574451e+00
1.937310720166130817e+00
1.937181672855667003e+00
1.937053922277776286e+00
1.936927472374080583e+00
1.936802327074651719e+00
1.936678490173810552e+00
1.936555965425671433e+00
1.936434756558853776e+00
1.936314867190807476e+00
1.936196300919169611e+00
1.936079061247091948e+00
1.935963151635262669e+00
1.935848575478857470e+00
1.935735336106176874e+00
1.935623436788141749e+00
1.935512880733855301e+00
1.935403671087930988e+00
1.935295810941666028e+00
1.935189303313938902e+00
1.935084151175347378e+00
1.934980357418443431e+00
1.934877924892381529e+00
1.934776856383458865e+00
1.934677154595353832e+00
1.934578822193502079e+00
1.934481861775209310e+00
1.934386275884606654e+00
1.934292066998890558e+00
1.934199237520365822e+00
1.934107789818108936e+00
1.934017726189897424e+00
1.933929048856612987e+00
1.933841760001680621e+00
1.933755861748824412e+00
1.933671356136364539e+00
1.933588245174444387e+00
1.933506530802819423e+00
1.933426214879463645e+00
1.933347299231040539e+00
1.933269785620110870e+00
1.933193675734860006e+00
1.933118971219671689e+00
1.933045673655872543e+00
1.932973784562494579e+00
1.932903305403100624e+00
1.932834237574045932e+00
1.932766582427456914e+00
1.932700341248636766e+00
1.932635515263003256e+00
1.932572105632201165e+00
1.932510113480903291e+00
1.932449539852179043e+00
1.932390385746596495e+00
1.932332652101459436e+00
1.932276339792588837e+00
1.932221449636576605e+00
1.932167982411014728e+00
1.932115938808865341e+00
1.932065319487929589e+00
1.932016125041054799e+00
1.931968355998877174e+00
1.931922012846122527e+00
1.931877096000884864e+00
1.931833605821686506e+00
1.931791542632219860e+00
1.931750906670725909e+00
1.931711698138969258e+00
1.931673917179660416e+00
1.931637563873186858e+00
1.931602638256847637e+00
1.931569140289298492e+00
1.931537069896593906e+00
1.931506426929939124e+00
1.931477211218642687e+00
1.931449422488844769e+00
1.931423060454865448e+00
1.931398124745494105e+00
1.931374614995486905e+00
1.931352530619382613e+00
1.931331871213124218e+00
1.931312636154675300e+00
1.931294824818127864e+00
1.931278436522926523e+00
1.931263470531646487e+00
1.931249926033437481e+00
1.931237802206254628e+00
1.931227098146600651e+00
1.931217812903428532e+00
1.931209945459813504e+00
1.931203494772689711e+00
1.931198459724315031e+00
1.931194839155269793e+00
1.931192631844280472e+00
1.931191836533922235e+00
1.931192451903547713e+00
1.931194476570254226e+00
1.931197909123459455e+00
1.931202748078695519e+00
1.931208991917172879e+00
1.931216639057460549e+00
1.931225687869309926e+00
1.931236136684188365e+00
1.931247983754096564e+00
1.931261227312996098e+00
1.931275865520707846e+00
1.931291896501104999e+00
1.931309318314593959e+00
1.931328128991246285e+00
1.931348326493758316e+00
1.931369908733120866e+00
1.931392873596496029e+00
1.931417218881023912e+00
1.931442942382629591e+00
1.931470041801830240e+00
1.931498514828126511e+00
1.931528359070640688e+00
1.931559572122180768e+00
1.931592151507498079e+00
1.931626094695826801e+00
1.931661399129028345e+00
1.931698062185608133e+00
1.931736081214386891e+00
1.931775453497974970e+00
1.931816176278060571e+00
1.931858246747802044e+00
1.931901662068688630e+00
1.931946419327354114e+00
1.931992515590997161e+00
1.932039947867377316e+00
1.932088713123934376e+00
1.932138808254400875e+00
1.932190230166924705e+00
1.932242975667037621e+00
1.932297041548712402e+00
1.932352424533718027e+00
1.932409121323830803e+00
1.932467128562760372e+00
1.932526442855260207e+00
1.932587060755812214e+00
1.932648978773869208e+00
1.932712193401235234e+00
1.932776701047054013e+00
1.932842498089973438e+00
1.932909580881851275e+00
1.932977945707930134e+00
1.933047588822919938e+00
1.933118506450413276e+00
1.933190694747445315e+00
1.933264149832017775e+00
1.933338867801513317e+00
1.933414844695418688e+00
1.933492076505726853e+00
1.933570559199120575e+00
1.933650288685474061e+00
1.933731260843477795e+00
1.933813471504574721e+00
1.933896916472365390e+00
1.933981591488852070e+00
1.934067492268230160e+00
1.934154614489658863e+00
1.934242953779186314e+00
1.934332505740231190e+00
1.934423265918342238e+00
1.934515229824380178e+00
1.934608392938455657e+00
1.934702750700461937e+00
1.934798298498649594e+00
1.934895031701693746e+00
1.934992945626268446e+00
1.935092035546616573e+00
1.935192296726172767e+00
1.935293724355671818e+00
1.935396313612393282e+00
1.935500059626324099e+00
1.935604957502860657e+00
1.935711002288036608e+00
1.935818189005442447e+00
1.935926512649083664e+00
1.936035968158715814e+00
1.936146550464777683e+00
1.936258254426981518e+00
1.936371074899050804e+00
1.936485006684711907e+00
1.936600044564712686e+00
1.936716183260337232e+00
1.936833417489879805e+00
1.936951741913597536e+00
1.937071151178227479e+00
1.937191639871862270e+00
1.937313202568952120e+00
1.937435833796204543e+00
1.937559528063050651e+00
1.937684279828098655e+00
1.937810083537667927e+00
1.937936933578407794e+00
1.938064824338132652e+00
1.938193750140936977e+00
1.938323705298023336e+00
1.938454684082327795e+00
1.938586680745231661e+00
1.938719689491033904e+00
1.938853704490730134e+00
1.938988719913841807e+00
1.939124729872103714e+00
1.939261728452701616e+00
1.939399709713836240e+00
1.939538667698551544e+00
1.939678596390258969e+00
1.939819489767119709e+00
1.939961341775470416e+00
1.940104146322558787e+00
1.940247897292155743e+00
1.940392588551453246e+00
1.940538213913979293e+00
1.940684767178090020e+00
1.940832242145754227e+00
1.940980632539111239e+00
1.941129932069724395e+00
1.941280134441948801e+00
1.941431233318964278e+00
1.941583222340399706e+00
1.941736095118128835e+00
1.941889845237358969e+00
1.942044466253350032e+00
1.942199951710990247e+00
1.942356295111653086e+00
1.942513489956787964e+00
1.942671529684651732e+00
1.942830407751949817e+00
1.942990117553840879e+00
1.943150652484597618e+00
1.943312005922067875e+00
1.943474171193981581e+00
1.943637141614604547e+00
1.943800910491690903e+00
1.943965471080793872e+00
1.944130816652434701e+00
1.944296940423233533e+00
1.944463835602843860e+00
1.944631495364455454e+00
1.944799912890676552e+00
1.944969081309071202e+00
1.945138993748834144e+00
1.945309643312470582e+00
1.945481023059763226e+00
1.945653126076768880e+00
1.945825945388349743e+00
1.945999474022435116e+00
1.946173704979500041e+00
1.946348631234390059e+00
1.946524245762936589e+00
1.946700541509980065e+00
1.946877511389685456e+00
1.947055148320201212e+00
1.947233445186789202e+00
1.947412394872042984e+00
1.947591990233986659e+00
1.947772224095735583e+00
1.947953089297156160e+00
1.948134578637144676e+00
1.948316684906619578e+00
1.948499400885746358e+00
1.948682719328553636e+00
1.948866632974512791e+00
1.949051134554604214e+00
1.949236216797928911e+00
1.949421872380772580e+00
1.949608093997625025e+00
1.949794874327857030e+00
1.949982206021727116e+00
1.950170081720582260e+00
1.950358494063946235e+00
1.950547435653674944e+00
1.950736899118894252e+00
1.950926877023792416e+00
1.951117361969862962e+00
1.951308346522300008e+00
1.951499823242193399e+00
1.951691784670344987e+00
1.951884223339658275e+00
1.952077131787072650e+00
1.952270502505315752e+00
1.952464328018617801e+00
1.952658600810504907e+00
1.952853313380919387e+00
1.953048458184304170e+00
1.953244027698103347e+00
1.953440014380946943e+00
1.953636410679918889e+00
1.953833209033499330e+00
1.954030401879231160e+00
1.954227981647799428e+00
1.954425940738897971e+00
1.954624271580053474e+00
1.954822966567813847e+00
1.955022018102524184e+00
1.955221418579315751e+00
1.955421160382631252e+00
1.955621235882117892e+00
1.955821637460879892e+00
1.956022357494921149e+00
1.956223388337820834e+00
1.956424722349920930e+00
1.956626351897076566e+00
1.956828269320888047e+00
1.957030466971473537e+00
1.957232937199556710e+00
1.957435672340992916e+00
1.957638664732160860e+00
1.957841906721136116e+00
1.958045390629826965e+00
1.958249108795337312e+00
1.958453053544524813e+00
1.958657217233858772e+00
1.958861592122175255e+00
1.959066170602094648e+00
1.959270944980786355e+00
1.959475907578549059e+00
1.959681050727426932e+00
1.959886366747363384e+00
1.960091847975409474e+00
1.960297486727774929e+00
1.960503275343511209e+00
1.960709206149084949e+00
1.960915271474152455e+00
1.961121463654043939e+00
1.961327775034089171e+00
1.961534197936983581e+00
1.961740724713342710e+00
1.961947347716386014e+00
1.962154059279278107e+00
1.962360851763145231e+00
1.962567717529589917e+00
1.962774648923125254e+00
1.962981638323592737e+00
1.963188678094426987e+00
1.963395760618401376e+00
1.963602878267008744e+00
1.963810023424283679e+00
1.964017188492946486e+00
1.964224365859455812e+00
1.964431547948652934e+00
1.964638727160537224e+00
1.964845895905870998e+00
1.965053046628282285e+00
1.965260171748220763e+00
1.965467263716555335e+00
1.965674314983210547e+00
1.965881318004477185e+00
1.966088265248700173e+00
1.966295149199262626e+00
1.966501962341593357e+00
1.966708697154896601e+00
1.966915346167306788e+00
1.967121901891516922e+00
1.967328356848371707e+00
1.967534703579541411e+00
1.967740934633673389e+00
1.967947042570891591e+00
1.968153019961133232e+00
1.968358859396056593e+00
1.968564553465557365e+00
1.968770094779325852e+00
1.968975475960031751e+00
1.969180689614162816e+00
1.969385728482375697e+00
1.969590585126254734e+00
1.969795252262450447e+00
1.969999722569569345e+00
1.970203988767436964e+00
1.970408043564358946e+00
1.970611879695245428e+00
1.970815489916229790e+00
1.971018866983717199e+00
1.971222003672703726e+00
1.971424892799096051e+00
1.971627527164008686e+00
1.971829899598222857e+00
1.972032002948255425e+00
1.972233830079355599e+00
1.972435373869138031e+00
1.972636627225835548e+00
1.972837583062424960e+00
1.973038234309900218e+00
1.973238573928443262e+00
1.973438594881154362e+00
1.973638290171693122e+00
1.973837652803876352e+00
1.974036675806959851e+00
1.974235352242519115e+00
1.974433675169831259e+00
1.974631637681718122e+00
1.974829232891923692e+00
1.975026453931935766e+00
1.975223293958092929e+00
1.975419746143960431e+00
1.975615803682346350e+00
1.975811459799860614e+00
1.976006707727241629e+00
1.976201540737454243e+00
1.976395952113188415e+00
1.976589935165662393e+00
1.976783483220106774e+00
1.976976589634324988e+00
1.977169247799584806e+00
1.977361451100048351e+00
1.977553192976919005e+00
1.977744466875806184e+00
1.977935266277709436e+00
1.978125584679925719e+00
1.978315415618132622e+00
1.978504752637353814e+00
1.978693589300641653e+00
1.978881919242339249e+00
1.979069736069838381e+00
1.979257033448090786e+00
1.979443805061360973e+00
1.979630044617233464e+00
1.979815745850419306e+00
1.980000902532237150e+00
1.980185508441735243e+00
1.980369557410405434e+00
1.980553043282889503e+00
1.980735959933394907e+00
1.980918301269865234e+00
1.981100061219569053e+00
1.981281233747164583e+00
1.981461812845874970e+00
1.981641792541717573e+00
1.981821166875117113e+00
1.981999929926145043e+00
1.982178075819480023e+00
1.982355598672687735e+00
1.982532492679924596e+00
1.982708752029142651e+00
1.982884370951580211e+00
1.983059343722184176e+00
1.983233664628676340e+00
1.983407327994082037e+00
1.983580328197443787e+00
1.983752659586159650e+00
1.983924316623089767e+00
1.984095293752377032e+00
1.984265585461725045e+00
1.984435186262368145e+00
1.984604090719443326e+00
1.984772293415003164e+00
1.984939788970691010e+00
1.985106572036766215e+00
1.985272637297455622e+00
1.985437979482568727e+00
1.985602593347940203e+00
1.985766473674048349e+00
1.985929615288744898e+00
1.986092013058931238e+00
1.986253661869308074e+00
1.986414556655914598e+00
1.986574692374760476e+00
1.986734064024832103e+00
1.986892666657535278e+00
1.987050495330729749e+00
1.987207545145752263e+00
1.987363811263692659e+00
1.987519288850038146e+00
1.987673973131185878e+00
1.987827859353330506e+00
1.987980942804075113e+00
1.988133218812861314e+00
1.988284682752279542e+00
1.988435330011568469e+00
1.988585156029938794e+00
1.988734156289974075e+00
1.988882326300235759e+00
1.989029661619837519e+00
1.989176157831566316e+00
1.989321810562117543e+00
1.989466615477146538e+00
1.989610568294528425e+00
1.989753664753458606e+00
1.989895900623860125e+00
1.990037271746416092e+00
1.990177773964031394e+00
1.990317403186913969e+00
1.990456155359993540e+00
1.990594026444940878e+00
1.990731012431759650e+00
1.990867109498935639e+00
1.991002313630858778e+00
1.991136620983682937e+00
1.991270027752481075e+00
1.991402530154778860e+00
1.991534124452756682e+00
1.991664806932600396e+00
1.991794573948795888e+00
1.991923421870752220e+00
1.992051347128965144e+00
1.992178346175371040e+00
1.992304415525375738e+00
1.992429551718985392e+00
1.992553751346204827e+00
1.992677011029320155e+00
1.992799327439199519e+00
1.992920697278003583e+00
1.993041117313052224e+00
1.993160584333969920e+00
1.993279095174252502e+00
1.993396646702277009e+00
1.993513235852867327e+00
1.993628859582744273e+00
1.993743514895837565e+00
1.993857198836404221e+00
1.993969908500217825e+00
1.994081641006779870e+00
