8.391367643535172505e+00
8.401648313820762937e+00
8.412706736775884764e+00
8.424560168954206674e+00
8.437226287987249052e+00
8.450723565505908752e+00
8.465071671201604531e+00
8.480291910502007369e+00
8.496407698909145267e+00
8.513445076068432371e+00
8.531433263145419943e+00
8.550405267310322799e+00
8.570398537168511410e+00
8.591455673184832165e+00
8.613625196681958585e+00
8.636962380698339103e+00
8.661530144698703637e+00
8.687400013502719176e+00
8.714653137781361636e+00
8.743381369425243577e+00
8.773688378468577298e+00
8.805690789353091574e+00
8.839519301218537350e+00
8.875319738797783131e+00
8.913253955450413102e+00
8.953500475747773635e+00
8.996254719168229386e+00
9.041728585850719924e+00
9.090149106646880028e+00
9.141755760043153600e+00
9.196795936252666337e+00
9.255517885061527394e+00
9.318160327093398365e+00
9.384937755372341428e+00
9.456020342428244518e+00
9.531507357887479159e+00
9.611393191177977968e+00
9.695525599012745133e+00
9.783556832064816078e+00
9.874890014289837481e+00
9.968625660094298624e+00
1.006351642305416405e+01
1.015794159839739308e+01
1.024991551666721534e+01
1.033714415865547132e+01
1.041714024849541786e+01
1.048739750994778674e+01
1.054561030600396343e+01
1.058990890896677151e+01
1.061906900790135211e+01
1.063265281599734280e+01
1.063105115382127508e+01
1.061541834563112019e+01
1.058751682618130019e+01
1.054950696178894987e+01
1.050372406546325266e+01
1.045247893099343983e+01
1.039790497941498870e+01
1.034186028469991392e+01
1.028588088291433600e+01
1.023117482497147890e+01
1.017864413343267316e+01
1.012892274135928261e+01
1.008242102651656147e+01
1.003937047755998790e+01
9.999864624785388401e+00
9.963894346182261330e+00
9.931376997669639550e+00
9.902179621160232870e+00
9.876136899576446027e+00
9.853064686596280097e+00
9.832769944763199987e+00
9.815057850790232408e+00
9.799736717940028541e+00
9.786621269949307589e+00
9.775534692798020231e+00
9.766309797065853004e+00
9.758789545834904544e+00
9.752827140079673995e+00
9.748285804852557135e+00
9.745038381010681761e+00
9.742966798607035628e+00
9.741961486190767516e+00
9.741920754015845674e+00
9.742750177328328931e+00
9.744361997048368806e+00
9.746674548964689322e+00
9.749611728070458838e+00
9.753102491418635722e+00
9.757080400872634840e+00
9.761483205424839937e+00
9.766252462020029057e+00
9.771333193114568161e+00
9.776673578864931713e+00
9.782224681729001503e+00
9.787940201213867653e+00
9.793776256546124159e+00
9.799691195097372187e+00
9.805645424617354777e+00
9.811601267285187333e+00
9.817522834002625487e+00
9.823375917161953907e+00
9.829127900387382155e+00
9.834747684133024137e+00
9.840205625484864882e+00
9.845473491313716963e+00
9.850524423445548905e+00
9.855332914957909196e+00
9.859874796539882524e+00
9.864127232035553305e+00
9.868068722110638902e+00
9.871679115646232461e+00
9.874939627284611277e+00
9.877832861057973091e+00
9.880342838914575765e+00
9.882455033459994098e+00
9.884156404236271953e+00
9.885435436822396227e+00
9.886282184001522921e+00
9.886688308408873027e+00
9.886647126018042187e+00
9.886153649784104047e+00
9.885204632975110428e+00
9.883798611537175205e+00
9.881935945091743889e+00
9.879618855912749353e+00
9.876851465612091374e+00
9.873639828959191789e+00
9.869991964468194823e+00
9.865917881378134524e+00
9.861429602622109769e+00
9.856541183362548253e+00
9.851268724767235696e+00
9.845630382503673061e+00
9.839646369614138521e+00
9.833338953008652794e+00
9.826732443251081861e+00
9.819853176606908818e+00
9.812729488615625328e+00
9.805391678030606073e+00
9.797871959884261628e+00
9.790204405944443522e+00
9.782424870755594526e+00
9.774570900857836975e+00
9.766681624383110716e+00
9.758797617680112779e+00
9.750960745019792597e+00
9.743213966640929868e+00
9.735601109626184524e+00
9.728166595126578997e+00
9.720955114495691163e+00
9.714011245672594441e+00
9.707378999863248481e+00
9.701101287390683225e+00
9.695219289942238916e+00
9.689771725191459240e+00
9.684793988201926496e+00
9.680317152855376861e+00
9.676366815242667840e+00
9.672961760515455865e+00
9.670112434478955521e+00
9.667819202040632831e+00
9.666070376817662790e+00
9.664840010179393204e+00
9.664085434144553233e+00
9.663744562307904573e+00
9.663732966209185093e+00
9.663940763514945687e+00
9.664229379052462932e+00
9.664428272661631070e+00
9.664331769026338392e+00
9.663696176639783531e+00
9.662237445892767340e+00
9.659629690875746633e+00
9.655504985538371443e+00
9.649454940478413789e+00
9.641034668674889119e+00
9.629769850394836794e+00
9.615167700105880400e+00
9.596732705211493908e+00
9.573988027037984239e+00
9.546503392040150970e+00
9.513930107533106195e+00
9.476043434076110827e+00
9.432791828059208683e+00
9.384351383605707753e+00
9.331181967382267572e+00
9.274078873534081779e+00
9.214210255488440637e+00
9.153126373926307124e+00
9.092722773898263000e+00
9.035137900756231133e+00
8.982569677115879614e+00
8.937009043170800027e+00
8.899913524107168072e+00
8.871877058857702281e+00
8.852381318152030332e+00
8.839719397639704823e+00
8.831149630131582384e+00
8.823268587583021016e+00
8.812516226095954863e+00
8.795681476878794314e+00
8.770286342253905687e+00
8.734781420871613022e+00
8.688553343819712893e+00
8.631793575121857742e+00
8.565295572555807979e+00
8.490239066738553220e+00
8.407999822727397543e+00
8.320002475599011404e+00
8.227618900190078577e+00
8.132106159550222202e+00
8.034574904731695000e+00
7.935979099459824049e+00
7.837119423467711066e+00
7.738654595074533127e+00
7.641116598325063514e+00
7.544927208448181766e+00
7.450414218562909419e+00
7.357826500287584892e+00
7.267347474598452983e+00
7.179106864835646640e+00
7.093190767838786215e+00
7.009650169223495375e+00
6.928508069043933126e+00
6.849765395341791852e+00
6.773405879203371782e+00
6.699400048310730327e+00
6.627708482188312544e+00
6.558284451135624415e+00
6.491076044584835891e+00
6.426027878254413572e+00
6.363082455087310407e+00
6.302181242788866378e+00
6.243265519975142119e+00
6.186277034126244523e+00
6.131158506970856514e+00
6.077854016595947151e+00
6.026309280511442878e+00
5.976471859295148015e+00
5.928291297194280496e+00
5.881719212911696637e+00
5.836709351460120487e+00
5.793217606000886200e+00
5.751202016974519715e+00
5.710622754479121710e+00
5.671442088922624691e+00
5.633624353975328347e+00
5.597135905359141184e+00
5.561945078338099258e+00
5.528022146653986724e+00
5.495339285177695210e+00
5.463870538586117931e+00
5.433591798409046270e+00
5.404480790861328821e+00
5.376517078258048699e+00
5.349682077278879788e+00
5.323959098077293284e+00
5.299333409308316867e+00
5.275792335508730169e+00
5.253325395337635761e+00
5.231924491965597390e+00
5.211584170691887508e+00
5.192301964421640825e+00
5.174078855443329239e+00
5.156919892818247142e+00
5.140835021940914018e+00
5.125840205485326706e+00
5.111958953344359458e+00
5.099224433742397977e+00
5.087682425944501041e+00
5.077395514797009568e+00
5.068449156034153802e+00
5.060960625271754054e+00
5.055092526409958431e+00
5.051073716260300550e+00
5.049232683206390959e+00
5.050052607662875559e+00
5.054265750774163735e+00
5.063022610599034579e+00
5.078211099842104836e+00
5.103095959754823774e+00
5.143691239896642564e+00
5.211940503635753785e+00
5.333634931170480264e+00
5.568212449436960476e+00
6.036400455185834346e+00
6.672873197481228758e+00
6.437032993744304044e+00
5.723225144466015379e+00
5.340545145388771786e+00
5.168224341568148361e+00
5.085655542318443523e+00
5.043448102874408256e+00
5.021401815829971582e+00
5.010486221002594220e+00
5.006286481108519482e+00
5.006472880665113756e+00
5.009735715219478358e+00
5.015299132247813318e+00
5.022683033760837468e+00
5.031579231321011925e+00
5.041783626222913206e+00
5.053157388672950390e+00
5.065603866382958564e+00
5.079054379753308979e+00
5.093459220166828949e+00
5.108781792111446229e+00
5.124994708624083017e+00
5.142077130917052763e+00
5.160012918362718359e+00
5.178789316948678056e+00
5.198396011995319199e+00
5.218824431403092490e+00
5.240067223724810042e+00
5.262117859858044255e+00
5.284970323296050765e+00
5.308618864420881600e+00
5.333057801728459779e+00
5.358281357649229193e+00
5.384283520263138278e+00
5.411057924476143199e+00
5.438597748095271633e+00
5.466895619424939845e+00
5.495943533940160997e+00
5.525732778297346215e+00
5.556253860430965474e+00
5.587496444916018490e+00
5.619449293042478644e+00
5.652100207277769073e+00
5.685435980097082620e+00
5.719442347075684552e+00
5.754103944587384944e+00
5.789404272256685857e+00
5.825325660525715321e+00
5.861849243891998462e+00
5.898954940062015595e+00
5.936621435731364471e+00
5.974826179440351659e+00
6.013545382022931207e+00
6.052754025258471948e+00
6.092425879173955394e+00
6.132533528511595833e+00
6.173048408780453578e+00
6.213940852210746435e+00
6.255180143928651404e+00
6.296734588407533195e+00
6.338571586268425762e+00
6.380657721209735733e+00
6.422958856813687056e+00
6.465440242579607144e+00
6.508066628489774352e+00
6.550802387115569836e+00
6.593611641858403871e+00
6.636458400274007019e+00
6.679306689278234010e+00
6.722120692389876417e+00
6.764864884268186884e+00
6.807504161174069424e+00
6.850003963935253459e+00
6.892330390116258698e+00
6.934450291900434493e+00
6.976331355871105977e+00
7.017942160832753018e+00
7.059252209503839914e+00
7.100231930097952393e+00
7.140852643552409340e+00
7.181086492567779977e+00
7.220906328604589142e+00
7.260285553440374962e+00
7.299197912369029595e+00
7.337617236723549929e+00
7.375517134369887096e+00
7.412870627444138272e+00
7.449649738491920026e+00
7.485825026968789153e+00
7.521365080205431930e+00
7.556235964778880820e+00
7.590400646441426424e+00
7.623818389177310806e+00
7.656444146814598284e+00
7.688227963277632249e+00
7.719114400387615760e+00
7.749042015504175041e+00
7.777942913421914461e+00
7.805742399715663637e+00
7.832358763373242105e+00
7.857703228587972433e+00
7.881680075645154382e+00
7.904187011126113660e+00
7.925115762189834712e+00
7.944352947643678498e+00
7.961781230781071805e+00
7.977280762293814220e+00
7.990730909526797099e+00
8.002012257006166251e+00
8.011008848960599948e+00
8.017610631604931370e+00
8.021716038695076989e+00
8.023234651478588830e+00
8.022089853696229511e+00
8.018221394620177023e+00
8.011587769783572455e+00
8.002168330016630193e+00
7.989965035342395439e+00
7.975003781265557201e+00
7.957335240378468733e+00
7.937035181210874590e+00
7.914204247800623371e+00
7.888967206157500023e+00
7.861471686009816828e+00
7.831886466294102789e+00
7.800399370575063607e+00
7.767214850616968924e+00
7.732551345251098773e+00
7.696638504149884596e+00
7.659714364491393646e+00
7.622022562292912973e+00
7.583809650184089257e+00
7.545322581233021353e+00
7.506806403936311156e+00
7.468502198994978691e+00
7.430645273402991080e+00
7.393463613811885438e+00
7.357176588259457084e+00
7.321993874486086185e+00
7.288114583870359375e+00
7.255726542536479862e+00
7.225005685400718747e+00
7.196115514773053334e+00
7.169206572105617070e+00
7.144415869959911625e+00
7.121866230238829587e+00
7.101665476112978048e+00
7.083905425720194771e+00
7.068660639986069860e+00
7.055986881814192202e+00
7.045919252178602932e+00
7.038469980251814917e+00
7.033625861124090051e+00
7.031345356755227982e+00
7.031555404928904629e+00
7.034148018065772057e+00
7.038976799090698400e+00
7.045853555325489737e+00
7.054545251179478171e+00
7.064771603470492600e+00
7.076203683081669027e+00
7.088463935169537322e+00
7.101128055706793951e+00
7.113729151819504715e+00
7.125764553315623751e+00
7.136705521308890354e+00
7.146009910944540522e+00
7.153137592012069668e+00
7.157568129826408665e+00
7.158819909397114323e+00
7.156469592219058207e+00
7.150170577463206278e+00
7.139669047641891808e+00
7.124816248388004425e+00
7.105575895229541139e+00
7.082025998038145254e+00
7.054354897157101512e+00
7.022851842476272921e+00
6.987892938916147934e+00
6.949923658950554639e+00
6.909439337900177058e+00
6.866965105703044081e+00
6.823036585077588256e+00
6.778182439794805170e+00
6.732909540279716332e+00
6.687691178958389493e+00
6.642958459238459845e+00
6.599094728522202580e+00
6.556432742877809972e+00
6.515254139377580245e+00
6.475790744363526308e+00
6.438227248294124294e+00
6.402704815405763306e+00
6.369325255184942414e+00
6.338155450722302575e+00
6.309231807697188721e+00
6.282564551501684136e+00
6.258141754982563754e+00
6.235933024938285385e+00
6.215892811033541854e+00
6.197963327602603378e+00
6.182077097678225108e+00
6.168159141445596738e+00
6.156128838754286292e+00
6.145901499476392971e+00
6.137389676491404877e+00
6.130504255581183948e+00
6.125155354399232976e+00
6.121253060174018934e+00
6.118708032690345355e+00
6.117431995964778046e+00
6.117338138925893176e+00
6.118341442463383295e+00
6.120358947518800719e+00
6.123309976354080142e+00
6.127116317048470151e+00
6.131702379216846133e+00
6.136995327354804353e+00
6.142925196694251966e+00
6.149424995049884934e+00
6.156430793624925180e+00
6.163881807991106854e+00
6.171720470521226076e+00
6.179892494472547071e+00
6.188346929616081127e+00
6.197036208969994853e+00
6.205916185779747352e+00
6.214946159909745305e+00
6.224088892517768201e+00
6.233310608043943546e+00
6.242580982462801131e+00
6.251873116840436673e+00
6.261163495442241711e+00
6.270431927824905216e+00
6.279661474424112377e+00
6.288838355511533251e+00
6.297951843610396061e+00
6.306994139654714893e+00
6.315960233460035766e+00
6.324847749362884741e+00
6.333656777994050024e+00
6.342389695512824055e+00
6.351050971705703319e+00
6.359646968512900678e+00
6.368185730811252832e+00
6.376676771170659563e+00
6.385130850596837604e+00
6.393559757113429498e+00
6.401976084203922390e+00
6.410393010978014949e+00
6.418824086030952891e+00
6.427283016675386484e+00
6.435783465419244287e+00
6.444338855155952395e+00
6.452962184652114352e+00
6.461665855590122298e+00
6.470461512441375795e+00
6.479359896158926269e+00
6.488370712614609737e+00
6.497502516537982054e+00
6.506762611472466595e+00
6.516156966308416898e+00
6.525690148548862091e+00
6.535365274599246987e+00
6.545183976986554519e+00
6.555146388476043917e+00
6.565251142796841854e+00
6.575495391674675005e+00
6.585874837652449187e+00
6.596383782183121269e+00
6.607015188246605497e+00
6.617760756727210314e+00
6.628611015855726762e+00
6.639555422345860158e+00
6.650582473638800174e+00
6.661679829778862860e+00
6.672834443927141201e+00
6.684032700110269509e+00
6.695260556948547936e+00
6.706503695908597074e+00
6.717747672827571570e+00
6.728978070908888220e+00
6.740180654235652824e+00
6.751341519859617613e+00
6.762447247309120613e+00
6.773485044058454640e+00
6.784442885516606125e+00
6.795309648382534817e+00
6.806075236093468206e+00
6.816730695333997225e+00
6.827268322629633346e+00
6.837681760229240346e+00
6.847966080669296574e+00
6.858117859451501985e+00
6.868135235647045533e+00
6.878017960267842845e+00
6.887767432517475363e+00
6.897386724187907880e+00
6.906880592748191994e+00
6.916255483736295062e+00
6.925519523358354412e+00
6.934682502328205267e+00
6.943755852166498599e+00
6.952752615205118225e+00
6.961687409943429827e+00
6.970576393179698904e+00
6.979437220684066467e+00
6.988289008171368444e+00
6.997152294345760914e+00
7.006049007918041305e+00
7.015002440440539111e+00
7.024037226898838249e+00
7.033179335905907159e+00
7.042456071480860835e+00
7.051896088219847591e+00
7.061529421805890827e+00
7.071387536777226757e+00
7.081503392950896369e+00
7.091911535816039169e+00
7.102648203011925787e+00
7.113751465525075091e+00
7.125261389466425399e+00
7.137220230759619533e+00
7.149672662461006745e+00
7.162666038238778121e+00
7.176250696173123167e+00
7.190480307399838900e+00
7.205412275533636723e+00
7.221108194360140509e+00
7.237634373537260579e+00
7.255062445393799742e+00
7.273470070937365861e+00
7.292941770233239751e+00
7.313569914514166825e+00
7.335455934527197464e+00
7.358711829531778825e+00
7.383462108936128310e+00
7.409846380292438361e+00
7.438022938941014850e+00
7.468173969439941828e+00
7.500513442704237477e+00
7.535299711279568768e+00
7.572856671280144170e+00
7.613611370180345617e+00
7.658165153551657056e+00
7.707438396723531149e+00
7.762992026400690193e+00
7.827825960542273087e+00
7.908675578188724131e+00
8.024085291450010260e+00
8.241597159867161793e+00
8.858001283870800435e+00
8.863913335805804650e+00
8.263245628000577270e+00
8.205278295349058837e+00
8.246192613041049668e+00
8.311752692653641361e+00
8.386331725782179447e+00
8.465038583485839041e+00
8.545609021487406309e+00
8.626506571542767787e+00
8.706375787755666451e+00
8.783877548389057210e+00
8.857660151749453092e+00
8.926390102251168912e+00
8.988812546622838795e+00
9.043824296542794627e+00
9.090545967644777292e+00
9.128381448778581486e+00
9.157055322523373064e+00
9.176622637339205468e+00
9.187450136664098821e+00
9.190172679323314497e+00
9.185632088950304919e+00
9.174807372276726269e+00
9.158745046081980590e+00
9.138496625955118802e+00
9.115067851452673509e+00
9.089381653191354715e+00
9.062254718571585599e+00
9.034386037366230582e+00
9.006355027585808415e+00
8.978626634207332202e+00
8.951560977139822128e+00
8.925425521834775111e+00
8.900408218793611326e+00
8.876630514585940546e+00
8.854159527664464235e+00
8.833018989440159174e+00
8.813198775326652523e+00
8.794663003278612834e+00
8.777356773649437116e+00
8.761211678138414172e+00
8.746150230624852639e+00
8.732089378154869408e+00
8.718943244022032246e+00
8.706625242325511493e+00
8.695049687320503651e+00
8.684133004425696356e+00
8.673794633353709926e+00
8.663957699201377594e+00
8.654549513195316734e+00
8.645501953382794369e+00
8.636751764261950015e+00
8.628240805306452543e+00
8.619916269880246062e+00
8.611730888633026382e+00
8.603643124964802880e+00
8.595617364284965589e+00
8.587624093763686517e+00
8.579640064688586421e+00
8.571648425893744871e+00
8.563638813710221953e+00
8.555607381519623189e+00
8.547556750858404939e+00
8.539495865433185173e+00
8.531439730265079291e+00
8.523409020199210318e+00
8.515429545389151755e+00
8.507531566351307362e+00
8.499748958935988696e+00
8.492118238497223359e+00
8.484677466411866931e+00
8.477465078814470090e+00
8.470518701097708103e+00
8.463874043066255126e+00
8.457564012820673938e+00
8.451618247556693220e+00
8.446063344261967032e+00
8.440924194918659751e+00
8.436227007249252452e+00
8.432004851856762073e+00
8.428306961686175214e+00
8.425213581352434034e+00
8.422859006217935374e+00
8.421466647646344228e+00
8.421401511152421193e+00
8.423246960890944379e+00
8.427912168172664309e+00
8.436767557322324862e+00
8.451767111654508113e+00
8.475390328475512547e+00
8.509889774367199067e+00
8.554624254132608741e+00
8.599925562210227525e+00
8.620298648148018827e+00
8.582517901100489510e+00
8.476919928213682454e+00
8.330056642116238308e+00
8.175296541740214806e+00
8.029648200831410065e+00
7.896049073748469205e+00
7.771872726423363353e+00
7.653663139893131628e+00
7.538666179309738702e+00
7.425043546338280898e+00
7.311715824326535440e+00
7.198158425036202068e+00
7.084232906644305494e+00
6.970062306178905764e+00
6.855941874392915025e+00
6.742275452075234377e+00
6.629530025285649941e+00
6.518203316123336144e+00
6.408800941703493237e+00
6.301820764950605280e+00
6.197742746142351322e+00
6.097023037983343663e+00
6.000091354018151968e+00
5.907350843686843156e+00
5.819179863638447969e+00
5.735935163200540643e+00
5.657956110193157251e+00
5.585569676837040198e+00
5.519095983436455022e+00
5.458854261380775341e+00
5.405169143248288677e+00
5.358377215531855420e+00
5.318833771904738050e+00
5.286919674534861890e+00
5.263048152827422221e+00
5.247671220144064286e+00
5.241285135841336817e+00
5.244433931229624868e+00
5.257709386713634636e+00
5.281744909832266188e+00
5.317199439560763352e+00
5.364725758671666789e+00
5.424915559009914290e+00
5.498211760330393716e+00
5.584778113132940369e+00
5.684319292410010327e+00
5.795855048311735480e+00
5.917473477538506721e+00
6.046122372791335131e+00
6.177536277444112933e+00
6.306417240147480285e+00
6.426953292237675974e+00
6.533645524874141408e+00
6.622250105396140896e+00
6.690522548946884918e+00
6.738485136651221730e+00
6.768134989296246573e+00
6.782749030167547488e+00
6.786071373022834585e+00
6.781636339769467448e+00
6.772351792129086334e+00
6.760341034050153297e+00
6.746971567040310092e+00
6.732985479174169896e+00
6.718664212112797962e+00
6.703986484557483472e+00
6.688759836211114695e+00
6.672720243211539781e+00
6.655601646668507065e+00
6.637180294216172172e+00
6.617299470332084432e+00
6.595879763146746733e+00
6.572919193420309725e+00
6.548486655994627093e+00
6.522711332049541788e+00
6.495770061416306973e+00
6.467874116345165625e+00
6.439256378124470714e+00
6.410159569998923779e+00
6.380825929990832535e+00
6.351488504019552117e+00
6.322364092042905170e+00
6.293647779239095463e+00
6.265508920148371352e+00
6.238088409905105713e+00
6.211497064081769715e+00
6.185814932315554238e+00
6.161091384355029454e+00
6.137345826997886888e+00
6.114568932794544054e+00
6.092724284128442136e+00
6.071750357916359420e+00
6.051562795739607203e+00
6.032056921432182861e+00
6.013110483484410018e+00
5.994586614322160223e+00
5.976337013936577236e+00
5.958205385719322678e+00
5.940031181327781518e+00
5.921653758726423078e+00
5.902917135522453229e+00
5.883675652010874835e+00
5.863801084698785360e+00
5.843192141951802476e+00
5.821787959221845554e+00
5.799588433131654064e+00
5.776686457714714784e+00
5.753321258666694860e+00
5.729969876127674056e+00
5.707509063996040410e+00
5.687509703449209475e+00
5.672783847344676111e+00
5.668410876602142601e+00
5.683623312477248390e+00
5.734924587406159624e+00
5.849330323106358698e+00
6.058793880865974479e+00
6.359069953516989671e+00
6.637396683567889255e+00
6.736533374648739247e+00
6.651016628984806722e+00
6.486304083467372195e+00
6.317616617009622182e+00
6.170766348487727093e+00
6.048668361672408622e+00
5.947674332813208231e+00
5.863373693299071654e+00
5.792097364670016013e+00
5.731087357026297902e+00
5.678338615033660552e+00
5.632406292391361369e+00
5.592248293076193200e+00
5.557109743859281359e+00
5.526441345688593465e+00
5.499842356161133594e+00
5.477020849838472039e+00
5.457765997038817929e+00
5.441928748574163421e+00
5.429408488102879460e+00
5.420144022815325258e+00
5.414107840019595663e+00
5.411302946078282439e+00
5.411761885893739077e+00
5.415547756874482310e+00
5.422757207987211281e+00
5.433525568674694384e+00
5.448034388705944586e+00
5.466521774938671641e+00
5.489295934746118988e+00
5.516752153681768966e+00
5.549392757769407325e+00
5.587847807388440557e+00
5.632889999489184341e+00
5.685427810522122094e+00
5.746441243913775310e+00
5.816786841184278245e+00
5.896736815285397171e+00
5.985051489789184664e+00
6.077437828835427602e+00
6.164769279065888341e+00
6.232833353146003397e+00
6.266638862205350158e+00
6.259462877253246127e+00
6.219096974748120843e+00
6.163360127453736403e+00
6.109449073356572946e+00
6.067527938610014715e+00
6.040907522544392450e+00
6.028889340724655987e+00
6.029203015048906877e+00
6.039334930710926308e+00
6.057062703985219621e+00
6.080589695222953672e+00
6.108519981647380526e+00
6.139787116025587466e+00
6.173581460630074957e+00
6.209290173454403039e+00
6.246451895273005483e+00
6.284724235428082117e+00
6.323861348938818239e+00
6.363699156577786731e+00
6.404146271113773103e+00
6.445179168369318035e+00
6.486840494777355914e+00
6.529239609465959937e+00
6.572554504480081050e+00
6.617034098736370495e+00
6.662999489591732605e+00
6.710841948381685462e+00
6.761014067533307248e+00
6.814008226840731375e+00
6.870313102454068677e+00
6.930334021274985545e+00
6.994256763632654028e+00
7.061828593694722933e+00
7.132029919712270960e+00
7.202626487088452656e+00
7.269644990653099548e+00
7.326925238182490752e+00
7.366061412888578630e+00
7.377162252908856743e+00
7.350760127555257206e+00
7.280906296155815305e+00
7.170108241701833585e+00
7.042139433837456330e+00
6.979277904316054659e+00
7.103795727766150314e+00
7.248446320289362532e+00
7.207058912129343575e+00
7.078084920812282022e+00
6.941533782956957666e+00
6.819081629578715997e+00
6.713584153484379868e+00
6.623483842438999680e+00
6.546516312114697200e+00
6.480593856000491648e+00
6.423973705961381064e+00
6.375244433919763587e+00
6.333271094138297919e+00
6.297137345157270083e+00
6.266094397148385120e+00
6.239518410656557990e+00
6.216875651436214234e+00
6.197694207260999733e+00
6.181541142828013591e+00
6.168004202065459296e+00
6.156677422867503857e+00
6.147150260421160084e+00
6.139000002011084867e+00
6.131787391859664815e+00
6.125055464125360061e+00
6.118331593094085363e+00
6.111132730030575111e+00
6.102973670700533759e+00
6.093378037308830208e+00
6.081891444392724111e+00
6.068096096808758944e+00
6.051625866024707534e+00
6.032180748111112045e+00
6.009539558409366933e+00
5.983569788341231543e+00
5.954233744948610685e+00
5.921590400299727719e+00
5.885792757619976001e+00
5.847080945494601778e+00
5.805771623398639392e+00
5.762244572635997208e+00
5.716927522831903197e+00
5.670280312534187850e+00
5.622779412682472611e+00
5.574903678785871897e+00
5.527121976714507667e+00
5.479883085239533713e+00
5.433608047309296474e+00
5.388684944890004047e+00
5.345465922092600408e+00
5.304266181859452978e+00
5.265364629254629669e+00
5.229005821673117893e+00
5.195402903061794753e+00
5.164741235642501316e+00
5.137182490078378017e+00
5.112869006448963027e+00
5.091928289043721634e+00
5.074477544518305017e+00
5.060628213819790666e+00
5.050490482681202487e+00
5.044177783215082478e+00
5.041811320311198941e+00
5.043524670875942917e+00
5.049468511015546390e+00
5.059815522591098791e+00
5.074765513602299549e+00
5.094550746885765591e+00
5.119441395839591458e+00
5.149750911085845928e+00
5.185840849902765726e+00
5.228124329943728554e+00
5.277066622224514170e+00
5.333180345555597057e+00
5.397011042271881109e+00
5.469106301634332645e+00
5.549957706977310501e+00
5.639899507851566796e+00
5.738941508833211635e+00
5.846508598946802415e+00
5.961062459868251118e+00
6.079607452020188596e+00
6.197158257114959490e+00
6.306397411272151032e+00
6.397955952662761625e+00
6.461851627657287267e+00
6.490282773471629518e+00
6.480984248812196924e+00
6.439262469508744147e+00
6.376998735920948569e+00
6.308841429774320275e+00
6.247777820966891937e+00
6.202284325583266700e+00
6.175674502073181138e+00
6.166922862584597098e+00
6.171986003356871642e+00
6.185040081343430529e+00
6.199483447361714639e+00
6.208765753840350676e+00
6.207124131388485289e+00
6.190230609290401809e+00
6.155670423073988928e+00
6.103139684095292949e+00
6.034297078774921275e+00
5.952304008302751193e+00
5.861183063611119515e+00
5.765163780292893669e+00
5.668155014593592611e+00
5.573413039314994322e+00
5.483404134875870639e+00
5.399816300594193486e+00
5.323661072707854380e+00
5.255413773200254823e+00
5.195156502253872155e+00
5.142704113445347502e+00
5.097705335947449790e+00
5.059718528838584639e+00
5.028265211190857009e+00
5.002865788884379050e+00
4.983061867155972990e+00
4.968428918701864205e+00
4.958582289190792025e+00
4.953178772723788370e+00
4.951915363324230768e+00
4.954526300616000078e+00
4.960779166255680828e+00
4.970470528919003428e+00
4.983421455774879050e+00
4.999473086953263312e+00
5.018482389549095757e+00
5.040318157629481988e+00
5.064857294771540452e+00
5.091981399864677016e+00
5.121573670312556281e+00
5.153516136924549684e+00
5.187687248037107679e+00
5.223959826689344332e+00
5.262199431061286070e+00
5.302263154882874474e+00
5.343998909273254050e+00
5.387245229918726785e+00
5.431831652588721582e+00
5.477579694422558987e+00
5.524304468313959937e+00
5.571816941661006162e+00
5.619926829055241768e+00
5.668446081819809024e+00
5.717192905888953902e+00
5.765996205514751338e+00
5.814700315573749556e+00
5.863169853167580214e+00
5.911294491468115808e+00
5.958993440440007561e+00
6.006219410581778995e+00
6.052961841452289882e+00
6.099249195244268229e+00
6.145150147906923266e+00
6.190773553637503035e+00
6.236267109246369067e+00
6.281814697911699774e+00
6.327632442346605934e+00
6.373963536708374455e+00
6.421071951352837814e+00
6.469235105057952850e+00
6.518735573489659707e+00
6.569851843883062870e+00
6.622848033920353039e+00
6.677962368529252402e+00
6.735394060221235435e+00
6.795288086318744369e+00
6.857717235383950616e+00
6.922660766993858239e+00
6.989979189210960620e+00
7.059385136263365723e+00
7.130411285183556380e+00
7.202377826997442334e+00
7.274364259443530933e+00
7.345193007796961382e+00
7.413435016538760358e+00
7.477448858472151016e+00
7.535463493367311472e+00
7.585709032414357011e+00
7.626589207687925587e+00
7.656875371794613194e+00
7.675889116540606238e+00
7.683634923255324267e+00
7.680850233633037760e+00
7.668957971883815894e+00
7.649930168676020159e+00
7.626091970558086963e+00
7.599905366304764875e+00
7.573768796288892879e+00
7.549854957033792502e+00
7.529989408132428785e+00
7.515550714598118631e+00
7.507349505818584845e+00
7.505417602319037762e+00
7.508610434225222896e+00
7.513911650392609332e+00
7.515381173128847792e+00
7.502928716370321105e+00
7.461687311995735428e+00
7.373622330594083785e+00
7.223122321168468751e+00
7.005716958630370250e+00
6.734141108162892131e+00
6.435148416454449460e+00
6.138345397984031671e+00
5.865861443057922564e+00
5.628930420315065852e+00
5.430128468127291441e+00
5.267234286998317749e+00
5.136241100440368079e+00
5.033025913673319529e+00
4.954039605516138423e+00
4.896467126680363435e+00
4.858156750821512659e+00
4.837472823116445220e+00
4.833137954859243024e+00
4.844086293179179492e+00
4.869330564992468524e+00
4.907839443720201089e+00
4.958421828960141831e+00
5.019617907128502310e+00
5.089602142063218260e+00
5.166109818904121020e+00
5.246405144072102011e+00
5.327312808792415311e+00
5.405332868241508493e+00
5.476847271346124479e+00
5.538404336662170024e+00
5.587039297648112246e+00
5.620565645960134304e+00
5.637767136802347423e+00
5.638442151746136943e+00
5.623295379874431177e+00
5.593718017631331918e+00
5.551525648546938640e+00
5.498721828739863149e+00
5.437330346010564419e+00
5.369305758649553617e+00
5.296505542127884603e+00
5.220695599781388196e+00
5.143563020001051811e+00
5.066719824103839365e+00
4.991692569946308389e+00
4.919900804346482914e+00
4.852631083722791061e+00
4.791013271798461481e+00
4.736003684469952901e+00
4.688376877816804011e+00
4.648725555395073705e+00
4.617466594511733469e+00
4.594850602253905514e+00
4.580972491194377660e+00
4.575781057469288982e+00
4.579086234216287465e+00
4.590563443919433162e+00
4.609755209744551330e+00
4.636070884037719608e+00
4.668785997489023565e+00
4.707043302054951361e+00
4.749858020882173903e+00
4.796130033933032166e+00
4.844665587913861593e+00
4.894210484853847021e+00
4.943495469501621997e+00
4.991292708482655271e+00
5.036480005728667386e+00
5.078107110563133020e+00
5.115456690160144149e+00
5.148091840729215996e+00
5.175882821247491883e+00
5.199008074324996898e+00
5.217928163570719313e+00
5.233335236995223738e+00
5.246084110310095916e+00
5.257113297250124440e+00
5.267364934026287138e+00
5.277711649664755811e+00
5.288896479978512311e+00
5.301489514850829643e+00
5.315862651196877842e+00
5.332181947282918166e+00
5.350415767164784953e+00
5.370356109540327161e+00
5.391650088221986437e+00
5.413838307256785498e+00
5.436396739619270946e+00
5.458778631494892508e+00
5.480452947294501165e+00
5.500936024436410499e+00
5.519813517986287721e+00
5.536750458284715570e+00
5.551488342645005680e+00
5.563829600473499504e+00
5.573611409680253814e+00
5.580672572257609154e+00
5.584818828842295524e+00
5.585793479253773341e+00
5.583261388978768558e+00
5.576815410776458037e+00
5.566015124349061871e+00
5.550469105765912126e+00
5.529974628460732511e+00
5.504733882811638779e+00
5.475672992072550649e+00
5.444890643268810670e+00
5.416221644372698485e+00
5.395717876513632660e+00
5.391352526296537384e+00
5.410501549505076113e+00
5.454149436454865274e+00
5.511175994282619506e+00
5.561370316637277433e+00
5.588307543923444420e+00
5.588479297260224854e+00
5.568630856925879336e+00
5.538523553573342362e+00
5.506473565405140214e+00
5.478249131503198477e+00
5.457472806880655725e+00
5.446297981602176819e+00
5.445944993695330361e+00
5.457047354914976722e+00
5.479854809556043982e+00
5.514343876928656130e+00
5.560271320210767421e+00
5.617192373205945444e+00
5.684456823459174579e+00
5.761191290723912672e+00
5.846273955859618177e+00
5.938307661887793465e+00
6.035598098049524296e+00
6.136145180565764967e+00
6.237657156447885320e+00
6.337597571442918465e+00
6.433274033209227305e+00
6.521973638011379748e+00
6.601142432205460153e+00
6.668595834325596883e+00
6.722735568004045703e+00
6.762739748585855359e+00
6.788690021092573801e+00
6.801605248923205949e+00
6.803364310518984936e+00
6.796516961320413053e+00
6.783995878374333266e+00
6.768750862835060111e+00
6.753327831118897784e+00
6.739416063484782171e+00
6.727397046548467152e+00
6.715958344844043637e+00
6.701891908491665717e+00
6.680264988730543863e+00
6.645184948309394102e+00
6.591291486790704646e+00
6.515828663058736758e+00
6.420722642867940699e+00
6.313752490581546084e+00
6.207922783880786888e+00
6.118551452849558814e+00
6.058184361285472441e+00
6.030414330763402830e+00
6.025597688396794105e+00
6.023146215106011780e+00
6.001969051831009594e+00
5.952169684491987134e+00
5.878313380966430302e+00
5.793502470675676363e+00
5.711452707371920567e+00
5.641886234974976766e+00
5.589469083802602434e+00
5.554487539284465925e+00
5.533918389671166338e+00
5.522423137715931851e+00
5.513291890196923006e+00
5.499488002529569819e+00
5.474843946143959528e+00
5.435253884259992674e+00
5.379536405595986892e+00
5.309644175231174934e+00
5.230119619270294784e+00
5.147009010740728918e+00
5.066641127751093876e+00
4.994643199022642754e+00
4.935375370134983619e+00
4.891763870252876956e+00
4.865399350630875475e+00
4.856747716737818799e+00
4.865355086052898237e+00
4.889975843153514745e+00
4.928593733936390109e+00
4.978339783123614026e+00
5.035345564803809459e+00
5.094612743838897728e+00
5.150025137310742629e+00
5.194652798049459008e+00
5.221455436741856637e+00
5.224351600310097155e+00
5.199410072932976412e+00
5.145761344711702101e+00
5.065863597543233787e+00
4.965015335064420832e+00
4.850331348950382981e+00
4.729579653868274391e+00
4.610231976220874550e+00
4.498895337862831134e+00
4.401106920516712151e+00
4.321367577742946331e+00
4.263259448583845312e+00
4.229500866837849316e+00
4.221803022460218102e+00
4.240400116396944696e+00
4.283159148787302861e+00
4.344318070603125470e+00
4.413263817591031035e+00
4.474344428631981785e+00
4.509076696295415410e+00
4.501290106775408972e+00
4.443328011607747818e+00
4.339382149373726349e+00
4.203443341607165706e+00
4.053498292726696484e+00
3.905918580225730352e+00
3.772551545379148052e+00
3.660446444166305824e+00
3.572938166411588679e+00
3.510981624770258769e+00
3.474204840229581315e+00
3.461559344446664799e+00
3.471620272234379190e+00
3.502624581307686391e+00
3.552324454486741168e+00
3.617722322312562078e+00
3.694763836951810543e+00
3.778098190651339561e+00
3.861056567392007199e+00
3.936011612932446724e+00
3.995210569657615007e+00
4.031993033131218596e+00
4.042066701707390131e+00
4.024374747417422959e+00
3.981193692748215440e+00
3.917430707868324369e+00
3.839432930457487458e+00
3.753759411956798520e+00
3.666259900696332341e+00
3.581585679452908177e+00
3.503076788297242672e+00
3.432890450650324166e+00
3.372238788062591919e+00
3.321644279590282967e+00
3.281164474013555488e+00
3.250568494640400541e+00
3.229465363996364413e+00
3.217391765102543211e+00
3.213868713283893008e+00
3.218435765304747065e+00
3.230669607949018474e+00
3.250192008420976109e+00
3.276670514110038734e+00
3.309814033576639947e+00
3.349364481745336075e+00
3.395084966824311934e+00
3.446744475049329015e+00
3.504098641595860819e+00
3.566865981416936116e+00
3.634698940530562972e+00
3.707149417387606949e+00
3.783629159648831841e+00
3.863366875731350625e+00
3.945366227847749485e+00
4.028372171546659608e+00
4.110857090294104843e+00
4.191041845050865078e+00
4.266968230563679576e+00
4.336635534504204692e+00
4.398202202485785861e+00
4.450233630923778883e+00
4.491953356155995891e+00
4.523437523245283032e+00
4.545693486738387357e+00
4.560588596603656342e+00
4.570637623893121670e+00
4.578698431271062574e+00
4.587646400328719842e+00
4.600091349677811969e+00
4.618173684191328121e+00
4.643444655970146329e+00
4.676812024412839719e+00
4.718522566778690752e+00
4.768155520963222038e+00
4.824611918603267213e+00
4.886099843238576490e+00
4.950131908935918368e+00
5.013565726980217185e+00
5.072726324623025640e+00
5.123644907500335854e+00
5.162424751720443794e+00
5.185701926862135380e+00
5.191117672458124055e+00
5.177684851230393015e+00
5.145938508589899207e+00
5.097817625427089716e+00
5.036309615874500878e+00
4.964960244200802286e+00
4.887377064817648886e+00
4.806830419361619811e+00
4.726004265542246507e+00
4.646897925041420407e+00
4.570847013167954387e+00
4.498620387554763234e+00
4.430553637880333184e+00
4.366690063018746848e+00
4.306911116805556716e+00
4.251046990205182396e+00
4.198963714900717292e+00
4.150626443071582905e+00
4.106140188903351529e+00
4.065769966612414521e+00
4.029942310062549993e+00
3.999229751580041015e+00
3.974318969376252397e+00
3.955961950564802265e+00
3.944907708244577371e+00
3.941810095675942982e+00
3.947105734889237549e+00
3.960856314171488979e+00
3.982553699560566596e+00
4.010897522011300786e+00
4.043576181329793684e+00
4.077113732459836548e+00
4.106878962270545941e+00
4.127367579983807211e+00
4.132830714685343132e+00
4.118208808779042052e+00
4.080162699629178213e+00
4.017865079491482305e+00
3.933239856308090587e+00
3.830544037219201225e+00
3.715463027431189946e+00
3.594060919336408588e+00
3.471907038576309112e+00
3.353546684856584470e+00
3.242318126672771417e+00
3.140419579195393496e+00
3.049108379407201141e+00
2.968939100878723814e+00
2.899984750948213730e+00
2.842016542699865589e+00
2.794637539635447254e+00
2.757375291676297469e+00
2.729741938654486777e+00
2.711270221421696380e+00
2.701532408057718104e+00
2.700147390812314807e+00
2.706779620116174012e+00
2.721132273586741146e+00
2.742936122370231100e+00
2.771934911913736865e+00
2.807867674450502449e+00
2.850448202920783380e+00
2.899341929385832017e+00
2.954140670452183315e+00
3.014336143773392873e+00
3.079293833328493157e+00
3.148229669949494713e+00
3.220193020635622183e+00
3.294060472424220620e+00
3.368545561429002966e+00
3.442229520754941596e+00
3.513616845459435201e+00
3.581216643801201638e+00
3.643646349846164867e+00
3.699748969546543087e+00
3.748709833072812803e+00
3.790155482893313277e+00
3.824217372989447306e+00
3.851547162652077638e+00
3.873277847933713325e+00
3.890933742709709708e+00
3.906299765850450356e+00
3.921264472713807958e+00
3.937651044863241356e+00
3.957046960008249403e+00
3.980638623253475394e+00
4.009054937728437906e+00
4.042226828979500475e+00
4.079280522738448767e+00
4.118500701478137849e+00
4.157419337407792348e+00
4.193091304435513145e+00
4.222585524861845130e+00
4.243635597974901863e+00
4.255279369725869287e+00
4.258246826826739273e+00
4.254911686614959443e+00
4.248804864969769390e+00
4.243884557929313850e+00
4.243833069259988378e+00
4.251572853427051157e+00
4.269046409036834078e+00
4.297188700131422401e+00
4.335979483664608836e+00
4.384481052558244052e+00
4.440812215533877172e+00
4.502060888085564372e+00
4.564188678217037776e+00
4.622027513576589364e+00
4.669496856590931166e+00
4.700151440231472577e+00
4.708073247673446815e+00
4.688952351116099315e+00
4.641034516529969345e+00
4.565573998463214878e+00
4.466591561743541661e+00
4.350027810849121934e+00
4.222617758323551129e+00
4.090857516202127009e+00
3.960303464042938870e+00
3.835258635325035748e+00
3.718767987859906032e+00
3.612796796219330364e+00
3.518480766749289224e+00
3.436374904446940715e+00
3.366664917404651014e+00
3.309330115630617630e+00
3.264260248098675543e+00
3.231333974888308980e+00
3.210467228213185198e+00
3.201638045637750896e+00
3.204891949100194370e+00
3.220329245734038448e+00
3.248073006053403766e+00
3.288214098793416529e+00
3.340727847729089817e+00
3.405356342914386047e+00
3.481452571887810432e+00
3.567789532923247631e+00
3.662352047951114464e+00
3.762152838735469018e+00
3.863144979736977014e+00
3.960328278486525466e+00
4.048143561914865352e+00
4.121187668679406890e+00
4.175154451253444421e+00
4.207755999109938472e+00
4.219298909424438193e+00
4.212668561042567816e+00
4.192696886276936041e+00
4.165128313057002707e+00
4.135512015105053507e+00
4.108296681519266080e+00
4.086261615489726218e+00
4.070289469580113284e+00
4.059426042879302976e+00
4.051172716015063457e+00
4.041976043123628237e+00
4.027877377210911547e+00
4.005247845312911892e+00
3.971478520993766637e+00
3.925465675779692631e+00
3.867765925014672757e+00
3.800395680900195305e+00
3.726365470043405459e+00
3.649110416171593929e+00
3.571974317727359960e+00
3.497844927633296574e+00
3.428964874134428076e+00
3.366889801942816618e+00
3.312543197933894845e+00
3.266318988002823165e+00
3.228196020678388845e+00
3.197843366346359684e+00
3.174707155312306739e+00
3.158077297326802313e+00
3.147136516581577670e+00
3.140995836053249057e+00
3.138720955077521246e+00
3.139353559505526636e+00
3.141930872416635268e+00
3.145505877309342946e+00
3.149169697417189440e+00
3.152076626920804703e+00
3.153471319093990921e+00
3.152716715773623335e+00
3.149320554155764285e+00
3.142957842381653766e+00
3.133486660241321164e+00
3.120955076336680456e+00
3.105597839459761200e+00
3.087822669270736231e+00
3.068187226457874672e+00
3.047368946279617408e+00
3.026130669730819012e+00
3.005285287487640566e+00
2.985662417910573740e+00
2.968079568708612559e+00
2.953319437558168836e+00
2.942114161363097669e+00
2.935136568333660101e+00
2.932997912985455091e+00
2.936251215354833910e+00
2.945399168067170947e+00
2.960905576577962606e+00
2.983209397902964355e+00
3.012740580491366060e+00
3.049937018729553362e+00
3.095261955535281384e+00
3.149221017268196920e+00
3.212377638349056763e+00
3.285364766001053205e+00
3.368889174448117085e+00
3.463722091271623782e+00
3.570665635692859219e+00
3.690478236759726194e+00
3.823733492284001390e+00
3.970576904184547118e+00
4.130338160764964961e+00
4.300965126909377823e+00
4.478293179016423764e+00
4.655282982250314561e+00
4.821566349502869997e+00
4.963859628008176372e+00
5.067796044761823993e+00
5.121172680405724265e+00
5.117541860427088807e+00
5.058315402293323437e+00
4.952114040601466982e+00
4.811791999386762164e+00
4.650865405548926468e+00
4.480923906753957020e+00
4.310544881230347514e+00
4.145355766247868168e+00
3.988639845942790085e+00
3.842036737578392813e+00
3.706126037471704215e+00
3.580844724802216827e+00
3.465761587176237057e+00
3.360249626298626779e+00
3.263592103902717589e+00
3.175047228967805779e+00
3.093887300160815368e+00
3.019421861352585612e+00
2.951010618958405551e+00
2.888069671828378926e+00
2.830073345741789925e+00
2.776553179008980354e+00
2.727095135625482669e+00
2.681335805433195496e+00
2.638958123852036319e+00
2.599686978156756201e+00
2.563284944784432362e+00
2.529548313029502449e+00
2.498303486706177967e+00
2.469403811704956375e+00
2.442726848195062139e+00
2.418172088757138738e+00
2.395659114104228493e+00
2.375126175104720794e+00
2.356529190550985309e+00
2.339841154986670446e+00
2.325051957942406489e+00
2.312168625241016517e+00
2.301216004605600052e+00
2.292237931080300939e+00
2.285298923594183407e+00
2.280486481586163627e+00
2.277914070694759818e+00
2.277724908098076373e+00
2.280096680146893817e+00
2.285247344483809062e+00
2.293442180047462475e+00
2.305002240534691715e+00
2.320314319382990487e+00
2.339842412310849440e+00
2.364140403907547316e+00
2.393865202268450787e+00
2.429788624055325474e+00
2.472804709148823221e+00
2.523926389578716289e+00
2.584260960012595199e+00
2.654946930181922404e+00
2.737025252454137192e+00
2.831206762246933906e+00
2.937490176517314477e+00
3.054594981645773810e+00
3.179228006683578300e+00
3.305336990731412516e+00
3.423727639027945191e+00
3.522630265635401603e+00
3.589714135075018575e+00
3.615355699559792413e+00
3.595865535803602242e+00
3.534860141641052333e+00
3.441900516917865804e+00
3.329275387356550375e+00
3.208739728997170193e+00
3.089500605923002574e+00
2.977644723734336196e+00
2.876513152429418962e+00
2.787440524794820185e+00
2.710483794924853918e+00
2.644987253245015602e+00
2.589964307496347651e+00
2.544330941565809745e+00
2.507035944430271002e+00
2.477125729536839405e+00
2.453770573366472973e+00
2.436269611745418118e+00
2.424045113370774107e+00
2.416632088813075008e+00
2.413666536907344451e+00
2.414873998374897468e+00
2.420059155033983167e+00
2.429096708129601101e+00
2.441923522544418468e+00
2.458531938063595934e+00
2.478964168186523320e+00
2.503307793536819315e+00
2.531692466262298602e+00
2.564288002259932142e+00
2.601303927378327607e+00
2.642990078483455463e+00
2.689636809356722225e+00
2.741571479793237121e+00
2.799145055710491992e+00
2.862698832913741498e+00
2.932496847307136889e+00
3.008605364153701167e+00
3.090699109706057435e+00
3.177779273414281569e+00
3.267809412977613182e+00
3.357324432545083503e+00
3.441152639766610122e+00
3.512492608671836436e+00
3.563627355850597755e+00
3.587404142567946597e+00
3.579185257334632109e+00
3.538478168480088115e+00
3.469353970357341499e+00
3.379345567971134390e+00
3.277393471353264864e+00
3.171834939280449461e+00
3.069150401337315426e+00
2.973595621761371710e+00
2.887447688925947276e+00
2.811511851263175377e+00
2.745640620826007350e+00
2.689150207182262164e+00
2.641110247507380659e+00
2.600525224771278676e+00
2.566437445259758032e+00
2.537978770500821657e+00
2.514391421900650236e+00
2.495031508518123609e+00
2.479363830846137873e+00
2.466953038663552089e+00
2.457454013582246688e+00
2.450603016374567567e+00
2.446210374132035792e+00
2.444155065039988362e+00
2.444381349550534210e+00
2.446897502530103186e+00
2.451776667635346296e+00
2.459159837635850554e+00
2.469260927213513312e+00
2.482373800913270756e+00
2.498880878667330663e+00
2.519262450291611444e+00
2.544104900105775613e+00
2.574104369137072190e+00
2.610059510481290701e+00
2.652842313910556804e+00
2.703328898332948871e+00
2.762262730861611004e+00
2.830013230256119616e+00
2.906191089773691782e+00
2.989106424081768854e+00
3.075137776315272298e+00
3.158244706027462101e+00
3.230063903562543359e+00
3.281084962599591037e+00
3.303000829386072645e+00
3.291436580464526251e+00
3.247567834778414930e+00
3.177586801213458045e+00
3.090401331430424836e+00
2.994987392206595711e+00
2.898601954159399696e+00
2.806165468207482583e+00
2.720467649893649309e+00
2.642716302866575440e+00
2.573104067040972609e+00
2.511254566826917500e+00
2.456525712994952038e+00
2.408196094454222447e+00
2.365570132148323346e+00
2.328032181807805578e+00
2.295070979789380239e+00
2.266288205529375155e+00
2.241399465862134122e+00
2.220232405787529117e+00
2.202724344347199548e+00
2.188920297885154742e+00
2.178971071751447219e+00
2.173129959300375447e+00
2.171745238667869504e+00
2.175243946788731897e+00
2.184100350539026625e+00
2.198780519945510825e+00
2.219653552048498568e+00
2.246862524456537447e+00
2.280157529026177521e+00
2.318712327382738358e+00
2.360974491547075171e+00
2.404625732061989485e+00
2.446731358843686532e+00
2.484110532296061269e+00
2.513862849834899826e+00
2.533890150843912004e+00
2.543228307210212424e+00
2.542083638561727810e+00
2.531602113746420635e+00
2.513497631759447071e+00
2.489680183533656166e+00
2.461975103171912593e+00
2.431960442666472932e+00
2.400905450836571919e+00
2.369776419033356341e+00
2.339277956261376357e+00
2.309906983666304647e+00
2.282006304725967105e+00
2.255811705061312455e+00
2.231490878829955449e+00
2.209174731397098412e+00
2.188982553049590329e+00
2.171042788693261727e+00
2.155511008801174633e+00
2.142586399376669615e+00
2.132527683397759777e+00
2.125668807380642455e+00
2.122433822016795535e+00
2.123348883085671712e+00
2.129046800524812877e+00
2.140255594754990387e+00
2.157756780849590772e+00
2.182292220032020058e+00
2.214393517700527170e+00
2.254113328108937608e+00
2.300668253669166052e+00
2.352073372222418080e+00
2.404950424863472325e+00
2.454756632597963062e+00
2.496583543275802786e+00
2.526357874131594183e+00
2.541926845637946908e+00
2.543482905729167687e+00
2.533178803938424650e+00
2.514256047750941025e+00
2.490164929447144626e+00
2.463978761903566905e+00
2.438151061501426131e+00
2.414517723642844338e+00
2.394421602243863134e+00
2.378871411979386341e+00
2.368688095816463779e+00
2.364618615088144971e+00
2.367407270264608954e+00
2.377811286923368073e+00
2.396533102304631235e+00
2.424019339650243410e+00
2.460056243484205929e+00
2.503107961347004640e+00
2.549475225202605166e+00
2.592687246914174626e+00
2.623979068283194493e+00
2.634637933652676622e+00
2.619648400303340896e+00
2.580202408538845749e+00
2.522926501728393500e+00
2.456559315875224581e+00
2.388734864627534371e+00
2.324515449807666556e+00
2.266474843651636650e+00
2.215434689949878688e+00
2.171214598663253170e+00
2.133165925595866597e+00
2.100486649738260159e+00
2.072382651142294918e+00
2.048138035845088467e+00
2.027137292731714169e+00
2.008864434181642178e+00
1.992892614669871998e+00
1.978870950650052141e+00
1.966511620839740848e+00
1.955578473200353162e+00
1.945877477418539003e+00
1.937248970698432382e+00
1.929561500604762170e+00
1.922707042174542469e+00
1.916597393284491968e+00
1.911161603320735924e+00
1.906344353374066936e+00
1.902105280372417662e+00
1.898419327073677554e+00
1.895278314047816215e+00
1.892694083821670592e+00
1.890703775222939420e+00
1.889378064368422594e+00
1.888833541284005157e+00
1.889250675991533068e+00
1.890898694599093544e+00
1.894167076704563746e+00
1.899597646730363909e+00
1.907895701947277090e+00
1.919864579978656227e+00
1.936154643381754692e+00
1.956697845634905564e+00
1.979896718099482422e+00
2.002230866356183636e+00
2.019339185331082476e+00
2.028379862441568982e+00
2.029472253845086005e+00
2.024887530621245713e+00
2.017310036634559989e+00
2.008773610671552134e+00
2.000475074293972977e+00
1.992985203331483657e+00
1.986502868353941187e+00
1.981036150226896053e+00
1.976508170855456603e+00
1.972812403270240766e+00
1.969839140814638956e+00
1.967486855275768276e+00
1.965666101454985881e+00
1.964299968280580622e+00
1.963323077619004930e+00
1.962680093832955164e+00
1.962324183405805833e+00
1.962215606894464281e+00
1.962320503152903628e+00
1.962609870177551397e+00
1.963058724592205317e+00
1.963645414031478298e+00
1.964351057000744971e+00
1.965159086865706950e+00
1.966054880399729754e+00
1.967025454692900022e+00
1.968059218946631272e+00
1.969145770838638843e+00
1.970275728642013391e+00
1.971440592468600261e+00
1.972632629095401713e+00
1.973844776026397296e+00
1.975070561279772097e+00
1.976304036057009883e+00
1.977539718087720999e+00
1.978772543728111843e+00
1.979997827330728821e+00
1.981211226685501314e+00
