3.702404782015044304e+00
3.715193806661237108e+00
3.728075074962238666e+00
3.741030383373026069e+00
3.754044360713989281e+00
3.767104960287861903e+00
3.780203957739136644e+00
3.793337453524517677e+00
3.806506375051491808e+00
3.819716976956619714e+00
3.832981338422465800e+00
3.846317857203269686e+00
3.859751744147084107e+00
3.873315523230454360e+00
3.887049547413520045e+00
3.901002546532279958e+00
3.915232228814863547e+00
3.929805968329090682e+00
3.944801619407160675e+00
3.960308512946214332e+00
3.976428701677561239e+00
3.993278534898482057e+00
4.010990651606115343e+00
4.029716479156690845e+00
4.049629298374219033e+00
4.070927866217836311e+00
4.093840430593287394e+00
4.118628668146671501e+00
4.145590516613872012e+00
4.175059892332163791e+00
4.207399645528010268e+00
4.242981514754571748e+00
4.282143049725329220e+00
4.325106650373204964e+00
4.371841446724525682e+00
4.421849115365341198e+00
4.473869493120838925e+00
4.525546154650388786e+00
4.573177508309978379e+00
4.611784069208740178e+00
4.635752008719341788e+00
4.640115433360919361e+00
4.622086331580062435e+00
4.582051552025049546e+00
4.523418956689071457e+00
4.451415605341565218e+00
4.371562874649947084e+00
4.288544356790847445e+00
4.205728458445658902e+00
4.125205931201265663e+00
4.048075433458328654e+00
3.974772244594134918e+00
3.905340360312625325e+00
3.839622825917854865e+00
3.777380325898948676e+00
3.718357915418023296e+00
3.662318300821583605e+00
3.609055305162855998e+00
3.558396531732384904e+00
3.510200725512441444e+00
3.464353009897980229e+00
3.420759692037858457e+00
3.379343468386428295e+00
3.340039368324730695e+00
3.302791510272466979e+00
3.267550615071216580e+00
3.234272167535696685e+00
3.202915103199827307e+00
3.173440903061522267e+00
3.145812995520995692e+00
3.119996381044549238e+00
3.095957413430520777e+00
3.073663685892627395e+00
3.053083983762080678e+00
3.034188274719239686e+00
3.016947716655101086e+00
3.001334668382311666e+00
2.987322693584615774e+00
2.974886551504382748e+00
2.964002170205375375e+00
2.954646599919080519e+00
2.946797945040985134e+00
2.940435274527183118e+00
2.935538509877624769e+00
2.932088291347869635e+00
2.930065822440815815e+00
2.929452692928644630e+00
2.930230681152562244e+00
2.932381536008856759e+00
2.935886739540169099e+00
2.940727251028322442e+00
2.946883234267903440e+00
2.954333769768924256e+00
2.963056554402542009e+00
2.973027591853257157e+00
2.984220878154857370e+00
2.996608087343129334e+00
3.010158263945341695e+00
3.024837530225165327e+00
3.040608817057701696e+00
3.057431629769514991e+00
3.075261861111874051e+00
3.094051665044009969e+00
3.113749406751432858e+00
3.134299705108279266e+00
3.155643584358234222e+00
3.177718752255216828e+00
3.200460021542480771e+00
3.223799890048008265e+00
3.247669293795716339e+00
3.271998543674947246e+00
3.296718454339310878e+00
3.321761669129069450e+00
3.347064182411506827e+00
3.372567056090731263e+00
3.398218325911110949e+00
3.423975092651838636e+00
3.449805796323424101e+00
3.475692678725297746e+00
3.501634453342567177e+00
3.527649222845039567e+00
3.553777715133712878e+00
3.580086953452085385e+00
3.606674535759571310e+00
3.633673778205367633e+00
3.661260080782433590e+00
3.689659004944549014e+00
3.719156712517599939e+00
3.750113594559997932e+00
3.782982087949752437e+00
3.818329745609779557e+00
3.856868389513707918e+00
3.899489152882060772e+00
3.947300402762604410e+00
4.001658858921739004e+00
4.064169821430174245e+00
4.136604009581393626e+00
4.220629233813867565e+00
4.317189197725498140e+00
4.425332280097788562e+00
4.540474798441383797e+00
4.652776684498804549e+00
4.747481675633183684e+00
4.809270135232697641e+00
4.829547140380284986e+00
4.811054983844891275e+00
4.765478151106107063e+00
4.706766626142117715e+00
4.645908400072940481e+00
4.589368769460411279e+00
4.539901494243891555e+00
4.497962318687131145e+00
4.462851758152870829e+00
4.433422715014676996e+00
4.408454138615308437e+00
4.386822657247781976e+00
4.367566844535749837e+00
4.349899662194518513e+00
4.333198338673312833e+00
4.316985953100432205e+00
4.300911179633350123e+00
4.284728826817297609e+00
4.268282060516278342e+00
4.251486474524503123e+00
4.234315921993670351e+00
4.216789969104976166e+00
4.198962852692444514e+00
4.180913854184508338e+00
4.162739023272039596e+00
4.144544189580520843e+00
4.126439194382242270e+00
4.108533260891503502e+00
4.090931405044727853e+00
4.073731776989463427e+00
4.057023813765818332e+00
4.040887081888087096e+00
4.025390690049259312e+00
4.010593161508657190e+00
3.996542664712932069e+00
3.983277515315826189e+00
3.970826875310356829e+00
3.959211590449979390e+00
3.948445117989878739e+00
3.938534509987890342e+00
3.929481426786613163e+00
3.921283162771980191e+00
3.913933674841187926e+00
3.907424607514617954e+00
3.901746315086685346e+00
3.896888882100095763e+00
3.892843149361880251e+00
3.889601754003456868e+00
3.887160197334815326e+00
3.885517958258237314e+00
3.884679678321182550e+00
3.884656453976154999e+00
3.885467287615153253e+00
3.887140770371270371e+00
3.889717103199204828e+00
3.893250612362087359e+00
3.897812988892826347e+00
3.903497596803247927e+00
3.910425371796949268e+00
3.918753113641880503e+00
3.928685428792450196e+00
3.940492324510442845e+00
3.954535703135106939e+00
3.971310127715085514e+00
3.991506897026276146e+00
4.016116828944558570e+00
4.046598039572182337e+00
4.085152496750311002e+00
4.135177425064270551e+00
4.201957277424575032e+00
4.293488617813459918e+00
4.420341368415758865e+00
4.589655118148353807e+00
4.780868271498947664e+00
4.909309523698905053e+00
4.882362227203771887e+00
4.741472812714582652e+00
4.594486387593274657e+00
4.489212877900903287e+00
4.425595738174043170e+00
4.392170004668554562e+00
4.378968878508541884e+00
4.379206634634552842e+00
4.388493104596667749e+00
4.403959388125099572e+00
4.423660685788102676e+00
4.446210087037621328e+00
4.470560015438546309e+00
4.495872294207044817e+00
4.521441081816520047e+00
4.546647866098241231e+00
4.570936371518198094e+00
4.593800102399560714e+00
4.614777954455291820e+00
4.633454840314412237e+00
4.649465138640352713e+00
4.662497305056214181e+00
4.672298354292128586e+00
4.678677238284326023e+00
4.681506446470983462e+00
4.680721460065448092e+00
4.676317983540080547e+00
4.668347142247908366e+00
4.656909039898878611e+00
4.642145206753015785e+00
4.624230523285014272e+00
4.603365189910428867e+00
4.579767232126089382e+00
4.553665922906145802e+00
4.525296372797325439e+00
4.494895422064852042e+00
4.462698875259267339e+00
4.428940058311333416e+00
4.393849673868555072e+00
4.357656971653598887e+00
4.320592375202950031e+00
4.282891928972722084e+00
4.244804332950518955e+00
4.206602053314222545e+00
4.168599348465185983e+00
4.131182718558704003e+00
4.094864847222329018e+00
4.060385437033898093e+00
4.028911551726547913e+00
4.002464521327708802e+00
3.984905316016681631e+00
3.984411389155805061e+00
4.020092066687313448e+00
4.137138770428709478e+00
4.380719632056205626e+00
4.416218986157006476e+00
4.078213375652693706e+00
3.844040446628479213e+00
3.719340883317680646e+00
3.642568476247757925e+00
3.587275363289751606e+00
3.542903349688579340e+00
3.504859741489409153e+00
3.470948253114821469e+00
3.440028071166993939e+00
3.411463186549024584e+00
3.384876018779395590e+00
3.360028667426591120e+00
3.336761950880119620e+00
3.314962399343991617e+00
3.294543559247351983e+00
3.275434988386591861e+00
3.257575563408216635e+00
3.240909295625146846e+00
3.225382664110935771e+00
3.210942919097946824e+00
3.197537089890949868e+00
3.185111677665016128e+00
3.173613385438490919e+00
3.162992077980515404e+00
3.153209536727387796e+00
3.144265209306602138e+00
3.136278538783517700e+00
3.129794731410166619e+00
3.127230248529286882e+00
3.143236940648137523e+00
3.373154428007196337e+00
3.580912127892677876e+00
3.220704437552913468e+00
3.159866189400862613e+00
3.137160151610655756e+00
3.124929387774449285e+00
3.116937948919658918e+00
3.111089531242404060e+00
3.106489421068951984e+00
3.102688490277959676e+00
3.099433131665983776e+00
3.096567250024820694e+00
3.093988834239006280e+00
3.091628837210394387e+00
3.089440119935040752e+00
3.087391298655527194e+00
3.085463128497741625e+00
3.083646261493920626e+00
3.081939775310965857e+00
3.080350144062475870e+00
3.078890466018204375e+00
3.077579841154771234e+00
3.076442835621254535e+00
3.075508996676348250e+00
3.074812397048248158e+00
3.074391197991237501e+00
3.074287226136953599e+00
3.074545563332851561e+00
3.075214150938466950e+00
3.076343411208662282e+00
3.077985889580889811e+00
3.080195921168418671e+00
3.083029325022612177e+00
3.086543129312261158e+00
3.090795329692878735e+00
3.095844682754112398e+00
3.101750535717116453e+00
3.108572692537071802e+00
3.116371316050587925e+00
3.125206864779875193e+00
3.135140062389405458e+00
3.146231896511759274e+00
3.158543642784819916e+00
3.172136908673037325e+00
3.187073689902731211e+00
3.203416430462576514e+00
3.221228074440423583e+00
3.240572094864414332e+00
3.261512480303232486e+00
3.284113654592197840e+00
3.308440298247397049e+00
3.334557031261283111e+00
3.362527906682963419e+00
3.392415650826470674e+00
3.424280571337091850e+00
3.458179036617347268e+00
3.494161411813007767e+00
3.532269318446551232e+00
3.572532070219541556e+00
3.614962131540979229e+00
3.659549455370993520e+00
3.706254593839252376e+00
3.755000553749558989e+00
3.805663505307713912e+00
3.858062666416262054e+00
3.911949985811244090e+00
3.967000639199246947e+00
4.022805802506631778e+00
4.078869603789640585e+00
4.134612459175670551e+00
4.189382984790134046e+00
4.242480153849841784e+00
4.293186182224082437e+00
4.340808780338667461e+00
4.384729155887724161e+00
4.424450022903998025e+00
4.459636581093506358e+00
4.490143611753859787e+00
4.516023744915971250e+00
4.537515242423117989e+00
4.555011429132880707e+00
4.569017098804235566e+00
4.580098964478018786e+00
4.588837220865661592e+00
4.595783835181349808e+00
4.601430949285999716e+00
4.606190484820312570e+00
4.610384214681758408e+00
4.614242433488415784e+00
4.617908901713226655e+00
4.621449792898177478e+00
4.624864725471772964e+00
4.628098433830184710e+00
4.631052101042965496e+00
4.633593771348869517e+00
4.635567558094767726e+00
4.636801568804846951e+00
4.637114593497822845e+00
4.636321672107077241e+00
4.634238682871737680e+00
4.630686100021620177e+00
4.625492055843296590e+00
4.618494829863110773e+00
4.609544868926743533e+00
4.598506427535872021e+00
4.585258903686091791e+00
4.569697934098497782e+00
4.551736301552368857e+00
4.531304697313725427e+00
4.508352369002924576e+00
4.482847673610876882e+00
4.454778540443741441e+00
4.424152834975458859e+00
4.390998601680628610e+00
4.355364151900681158e+00
4.317317954874509311e+00
4.276948286178201997e+00
4.234362592092849376e+00
4.189686534518418881e+00
4.143062697316596044e+00
4.094648950904764995e+00
4.044616494777119264e+00
3.993147616293356350e+00
3.940433224041916649e+00
3.886670228675099814e+00
3.832058853220567496e+00
3.776799958825747261e+00
3.721092469228723942e+00
3.665130968759918506e+00
3.609103537419815932e+00
3.553189870544979367e+00
3.497559714928751173e+00
3.442371636207532060e+00
3.387772118203389304e+00
3.333894980802865504e+00
3.280861093582533083e+00
3.228778354104651527e+00
3.177741895761602375e+00
3.127834486973089412e+00
3.079127084257733848e+00
3.031679502487668820e+00
2.985541168985663241e+00
2.940751931624243642e+00
2.897342894529220558e+00
2.855337260112715825e+00
2.814751159534815805e+00
2.775594457523487879e+00
2.737871521466594071e+00
2.701581947010243123e+00
2.666721235589621042e+00
2.633281420944666884e+00
2.601251643851765216e+00
2.570618675485947247e+00
2.541367390599191367e+00
2.513481193173510597e+00
2.486942396871488992e+00
2.461732563644867700e+00
2.437832803683908978e+00
2.415224039993446592e+00
2.393887241126690046e+00
2.373803625020930674e+00
2.354954837247624333e+00
2.337323106620211366e+00
2.320891380657095660e+00
2.305643443808909954e+00
2.291564020537163682e+00
2.278638865534414748e+00
2.266854843169963107e+00
2.256199997765870435e+00
2.246663616698882926e+00
2.238236287657569878e+00
2.230909951575502426e+00
2.224677952738198350e+00
2.219535087099038684e+00
2.215477650290074596e+00
2.212503486444422407e+00
2.210612038812763913e+00
2.209804404065379924e+00
2.210083390556352168e+00
2.211453582858926126e+00
2.213921413414365436e+00
2.217495243082860945e+00
2.222185452466549194e+00
2.228004545847958262e+00
2.234967270161833941e+00
2.243090751504987601e+00
2.252394652573125100e+00
2.262901354110662844e+00
2.274636164702971364e+00
2.287627564005346059e+00
2.301907484560480999e+00
2.317511638825234144e+00
2.334479899273732340e+00
2.352856739382017892e+00
2.372691746188989814e+00
2.394040214321745630e+00
2.416963834068496020e+00
2.441531485617737474e+00
2.467820151428677722e+00
2.495915958395006573e+00
2.525915356128099809e+00
2.557926432108463377e+00
2.592070350480893293e+00
2.628482879092944202e+00
2.667315934844659342e+00
2.708739018331234316e+00
2.752940321457871597e+00
2.800127154449091993e+00
2.850525137070549775e+00
2.904375298727505328e+00
2.961927813085940997e+00
3.023430514091674848e+00
3.089109607908619104e+00
3.159139153541631995e+00
3.233595129439180482e+00
3.312389693396090795e+00
3.395182463522484984e+00
3.481269788858081693e+00
3.569461953899567774e+00
3.657973572797489137e+00
3.744372792368617642e+00
3.825652608312468672e+00
3.898485841127357965e+00
3.959683383389088540e+00
4.006787178898870039e+00
4.038628118981065995e+00
4.055635946189574348e+00
4.059760963471066297e+00
4.054032032869463009e+00
4.041927708367468064e+00
4.026781887849710806e+00
4.011376465492955568e+00
3.997761096759252286e+00
3.987255588537216511e+00
3.980559029857979159e+00
3.977898161400883925e+00
3.979171493503767199e+00
3.984068555455209992e+00
3.992159037111717268e+00
4.002954579125848511e+00
4.015948921823538242e+00
4.030642358174922890e+00
4.046555520408027462e+00
4.063236333601453865e+00
4.080262865266969463e+00
4.097243930881608875e+00
4.113818663039411128e+00
4.129655801727161624e+00
4.144453146050739001e+00
4.157937392600437931e+00
4.169864441253718468e+00
4.180020146633047773e+00
4.188221426514865620e+00
4.194317592663570515e+00
4.198191742386248926e+00
4.199762037646044277e+00
4.198982702006016865e+00
4.195844580109376665e+00
4.190375132635992372e+00
4.182637774052783364e+00
4.172730504597228496e+00
4.160783830818783890e+00
4.146958014731824349e+00
4.131439730657556098e+00
4.114438239718528401e+00
4.096181216347554610e+00
4.076910371015934231e+00
4.056877014834649131e+00
4.036337702757362145e+00
4.015550074878095010e+00
3.994768992890714188e+00
3.974243043059089153e+00
3.954211449732528472e+00
3.934901418563005571e+00
3.916525905571679456e+00
3.899281788651408398e+00
3.883348404147351385e+00
3.868886400561993621e+00
3.856036856122507572e+00
3.844920604760724725e+00
3.835637717586160012e+00
3.828267091444912396e+00
3.822866103887483824e+00
3.819470303440836378e+00
3.818093115531479675e+00
3.818725557130180359e+00
3.821335967214144258e+00
3.825869774638522625e+00
3.832249340484096045e+00
3.840373926100086432e+00
3.850119853143567639e+00
3.861340932563844586e+00
3.873869250771211359e+00
3.887516404404091741e+00
3.902075277440369749e+00
3.917322448280755154e+00
3.933021306513266868e+00
3.948925949101625310e+00
3.964785932003024538e+00
3.980351994311685626e+00
3.995383036219328332e+00
4.009655122139735184e+00
4.022974798305634536e+00
4.035204202260024076e+00
4.046326709308607050e+00
4.056698056415093845e+00
4.068667810232338589e+00
4.121945552564671544e+00
4.108136378116731713e+00
4.075468860491191947e+00
4.073351090116494433e+00
4.071779625413316950e+00
4.069261478702225432e+00
4.065699998078563304e+00
4.061244872613204215e+00
4.056130348033600619e+00
4.050637275198680776e+00
4.045080546237867836e+00
4.039803782418694311e+00
4.035176885533235058e+00
4.031595158472621954e+00
4.029479474389013660e+00
4.029277076143738867e+00
4.031462401199343404e+00
4.036536877050112437e+00
4.045025867194746994e+00
4.057469689880045749e+00
4.074403698187424538e+00
4.096319611818855400e+00
4.123596675882182261e+00
4.156387595449090533e+00
4.194443140709573470e+00
4.236866856463053388e+00
4.281818046675565093e+00
4.326239229181243040e+00
4.365771872038419765e+00
4.395094480903229517e+00
4.408857320263471991e+00
4.403090635165015421e+00
4.376524791684845539e+00
4.331078292750246028e+00
4.271175750411771332e+00
4.202289355583679331e+00
4.129487426444883091e+00
4.056554285471500876e+00
3.985770849092251655e+00
3.918141016771679475e+00
3.853814713311059403e+00
3.792574008358638338e+00
3.734405135795979547e+00
3.680372550954196242e+00
3.634343522999018194e+00
3.606723697343675816e+00
3.621643048367419127e+00
3.722524788854818301e+00
3.937476804635143157e+00
4.171955695269771169e+00
4.265777129110657206e+00
4.218324969764118748e+00
4.114058023716737900e+00
4.002392958260093003e+00
3.898847246829313828e+00
3.805793847055355172e+00
3.722016312238110025e+00
3.645760519599321459e+00
3.575524471325086218e+00
3.510177920596283307e+00
3.448910698469501046e+00
3.391154248527661785e+00
3.336513479315142305e+00
3.284714966124344659e+00
3.235569466705136676e+00
3.188945360945720342e+00
3.144750030176217237e+00
3.102916898449953997e+00
3.063396487513607269e+00
3.026150311147225658e+00
2.991146781389483866e+00
2.958358542507241395e+00
2.927760823325731732e+00
2.899330522774487218e+00
2.873045834378027408e+00
2.848886282845999318e+00
2.826833099731176357e+00
2.806869909433681975e+00
2.788983739814415053e+00
2.773166417408269968e+00
2.759416465274964203e+00
2.747741700904560602e+00
2.738162853706044064e+00
2.730718715006705377e+00
2.725473657843282993e+00
2.722528926815752648e+00
2.722040110918747757e+00
2.724245110153761917e+00
2.729510613151011622e+00
2.738412687981519156e+00
2.751883430206830461e+00
2.771492816625516387e+00
2.800024458880630007e+00
2.842728948540013789e+00
2.910192328135821072e+00
3.024654170022536892e+00
3.226239685161762516e+00
3.494851941497583159e+00
3.460040036559287380e+00
3.148283032024700390e+00
2.967768537105965443e+00
2.901565524138361774e+00
2.887958654031097527e+00
2.900283283019530423e+00
2.928498125289258347e+00
2.969166334813641228e+00
3.021689280964254820e+00
3.086712262577922417e+00
3.165011371076780655e+00
3.255966129613829363e+00
3.354997498987956739e+00
3.450238178165233371e+00
3.521580153935206514e+00
3.548812439577090139e+00
3.530499403183060547e+00
3.497691540259354248e+00
3.499866210499321451e+00
3.549368803226394142e+00
3.574542613910127287e+00
3.523939673392139760e+00
3.435117468454799816e+00
3.349264146635613226e+00
3.279956217587231215e+00
3.227328649405873939e+00
3.188152756072585081e+00
3.159130719794219555e+00
3.137610612908070085e+00
3.121590005792652889e+00
3.109577058793034698e+00
3.100455609986887406e+00
3.093382150844948164e+00
3.087712909839604336e+00
3.082953918722674214e+00
3.078727596866933425e+00
3.074751090485065674e+00
3.070823146676650239e+00
3.066817520559444343e+00
3.062681907439313012e+00
3.058442317178483361e+00
3.054213859530886310e+00
3.050220347830965295e+00
3.046827345412649102e+00
3.044596924762909218e+00
3.044378479697471551e+00
3.047459638647325164e+00
3.055814417907338321e+00
3.072491884502586146e+00
3.102130958349237577e+00
3.151232188025387959e+00
3.226446437122395761e+00
3.325965227499447785e+00
3.420929045095791654e+00
3.455771523555984714e+00
3.407893600581746174e+00
3.316293860449896602e+00
3.224643588612925882e+00
3.150149405169470729e+00
3.093786668727439348e+00
3.051907834806135256e+00
3.020716100292943018e+00
2.997254346659131929e+00
2.979369671639590766e+00
2.965493128291891711e+00
2.954446317238624165e+00
2.945306052821260678e+00
2.937317338952414758e+00
2.929840434718340880e+00
2.922320843473665164e+00
2.914274451828593016e+00
2.905282468666475992e+00
2.894992349533674236e+00
2.883121846292221679e+00
2.869463960336142261e+00
2.853891080821126192e+00
2.836357066731377330e+00
2.816896527505861947e+00
2.795621077704267154e+00
2.772712861895981540e+00
2.748416139087943577e+00
2.723028170120770586e+00
2.696891093916049087e+00
2.670386998892307684e+00
2.643939185420540738e+00
2.618024018539977238e+00
2.593200410607744644e+00
2.570168952142540153e+00
2.549881926966281132e+00
2.533741787655642952e+00
2.523951566970391802e+00
2.524108273520048851e+00
2.540096649598119427e+00
2.580971173302784472e+00
2.657999350561320195e+00
2.776691664288593486e+00
2.918221064137801690e+00
3.032878738188143242e+00
3.080868190695460029e+00
3.069648278254744067e+00
3.030461475180505904e+00
2.986964227259007565e+00
2.949905924747080466e+00
2.922476593171664749e+00
2.904772983692380350e+00
2.895971219361302751e+00
2.895204771884543504e+00
2.901916806632055312e+00
2.916076200722331091e+00
2.938484580258048151e+00
2.971437798728015167e+00
3.020303855333007270e+00
3.097369056380940844e+00
3.229293544573018870e+00
3.439793387493601085e+00
3.533060001802359906e+00
3.336491262738603414e+00
3.207074122552173723e+00
3.186493081392380411e+00
3.232864098694400390e+00
3.346633947121097297e+00
3.559162140399825702e+00
3.848735372280649436e+00
3.944340567460617120e+00
3.765396025294760474e+00
3.585572407357406011e+00
3.481869945648529363e+00
3.430867981784808229e+00
3.410153076144100570e+00
3.407325957025503005e+00
3.415930912731093283e+00
3.432554265997278531e+00
3.455349278230261945e+00
3.483308027666737861e+00
3.515891354318389617e+00
3.552832874210148262e+00
3.594030678729465578e+00
3.639483764208881755e+00
3.689247733445265354e+00
3.743385824167112297e+00
3.801873742363156783e+00
3.864358480587338107e+00
3.929511461012350271e+00
3.993337625985273753e+00
4.045323551522359118e+00
4.063562743605576344e+00
4.025601196230455869e+00
3.956004681828923619e+00
3.920222121395342096e+00
3.935904821551386323e+00
3.979467197296045811e+00
4.030263414371827224e+00
4.078199079920033832e+00
4.118970952338655955e+00
4.150683408119352436e+00
4.172409494807240549e+00
4.183671375393370973e+00
4.184276802116858818e+00
4.174279243482051704e+00
4.153970762282734874e+00
4.123872799964479086e+00
4.084713368884266949e+00
4.037389936821132785e+00
3.982922608272047693e+00
3.922404607472560034e+00
3.856957943462046234e+00
3.787702851355581490e+00
3.715752322939848806e+00
3.642251707017871265e+00
3.568506362393367048e+00
3.496295975314222204e+00
3.428595021619675887e+00
3.371098593728817594e+00
3.334657945367251131e+00
3.334782146653680002e+00
3.372890818221145448e+00
3.406185823694735326e+00
3.390327886710235994e+00
3.335712063630203783e+00
3.269580601507340312e+00
3.206332065894571315e+00
3.150458952253982758e+00
3.102628772023992898e+00
3.062415206370507015e+00
3.029200658539648927e+00
3.002423754695161762e+00
2.981622922103314366e+00
2.966423678395154528e+00
2.956514563232452986e+00
2.951624042986832119e+00
2.951500803295825204e+00
2.955897106372160632e+00
2.964554368795002226e+00
2.977190237353774638e+00
2.993486714280333860e+00
3.013079165674315885e+00
3.035546285680115641e+00
3.060401253918472175e+00
3.087084357748218544e+00
3.114957143852904675e+00
3.143297524297943735e+00
3.171293817296548578e+00
3.198032705802525744e+00
3.222469823793521204e+00
3.243357752327523436e+00
3.259072079871918159e+00
3.267181728831852539e+00
3.263309551532052488e+00
3.237726260010480583e+00
3.163920978540701423e+00
2.990595003817412945e+00
3.281913642186379931e+00
3.527624763084778792e+00
3.522803734248227236e+00
3.501073113253727609e+00
3.480123425765630607e+00
3.459843905974488987e+00
3.439049677929299609e+00
3.416764079999273118e+00
3.392207473203561197e+00
3.364717066633203579e+00
3.333709935675937874e+00
3.298686528984630328e+00
3.259264590249003835e+00
3.215236435042645446e+00
3.166643852288135275e+00
3.113862960286824411e+00
3.057686018547249862e+00
2.999379505040846272e+00
2.940690835166748229e+00
2.883775559741053485e+00
2.831029110496140699e+00
2.784834687267593978e+00
2.747275127464346767e+00
2.719885658777239978e+00
2.703530289472231285e+00
2.698465920665307216e+00
2.704638162672769131e+00
2.722279925090437924e+00
2.753039673831780387e+00
2.802231767696542253e+00
2.881814967811832773e+00
2.981653210153856648e+00
2.883509551809901428e+00
2.700435923902944513e+00
2.654766352248727035e+00
2.649829218596324587e+00
2.650502962795652451e+00
2.649355066054675856e+00
2.645057287417577729e+00
2.637794697483998085e+00
2.628205696882278009e+00
2.617092315866062169e+00
2.605324459752038191e+00
2.593800167568958592e+00
2.583424475768943740e+00
2.575095277722917242e+00
2.569691502618920431e+00
2.568060553010909519e+00
2.571001916762608364e+00
2.579243346866831210e+00
2.593405477137058490e+00
2.613950659950419197e+00
2.641112827168363264e+00
2.674808223470368951e+00
2.714533046381244041e+00
2.759264028361787080e+00
2.807390891214128992e+00
2.856721215827819460e+00
2.904600345729244637e+00
2.948171443356325749e+00
2.984759228290723154e+00
3.012305739180438202e+00
3.029745302578946031e+00
3.037209049040850317e+00
3.036004734217357282e+00
3.028398618960706390e+00
3.017288630449415532e+00
3.005872741463185616e+00
2.997385832273677497e+00
2.994925161596031948e+00
3.001330315718425457e+00
3.019035692797612302e+00
3.049771489859836038e+00
3.093966338787507375e+00
3.149767559250895133e+00
3.211888403492810351e+00
3.271114437776520223e+00
3.315836536010590141e+00
3.336174047283164690e+00
3.328609350312184745e+00
3.297429961704172019e+00
3.251850788249278867e+00
3.201593146683255231e+00
3.154008739282855078e+00
3.113424094521048957e+00
3.081757010954171427e+00
3.059420477222054124e+00
3.046049922021997425e+00
3.040965426427232998e+00
3.043424363102412933e+00
3.052739879720505645e+00
3.068321575657141587e+00
3.089672535988888580e+00
3.116361077362233445e+00
3.147976388017844407e+00
3.184073099857705369e+00
3.224109383678557705e+00
3.267385546472105773e+00
3.312994415771071566e+00
3.359799337073462233e+00
3.406457416820026118e+00
3.451500905982044287e+00
3.493475750011875824e+00
3.531115272604589350e+00
3.563507161920342892e+00
3.590205361177400967e+00
3.611252511766338991e+00
3.627108728038649588e+00
3.638513678869915502e+00
3.646326016402905434e+00
3.651381816137387215e+00
3.654397753203305843e+00
3.655925704959609668e+00
3.656351208872799408e+00
3.655921310789481904e+00
3.654786503225921468e+00
3.653044080754148215e+00
3.650774122048025205e+00
3.648063172138612753e+00
3.645014001300630024e+00
3.641742421425095078e+00
3.638364062786417996e+00
3.634975327978089865e+00
3.631633542952873217e+00
3.628341737091214547e+00
3.625043622651447972e+00
3.621634276272234221e+00
3.617991708630684311e+00
3.614033710688406398e+00
3.609802546010834501e+00
3.605576145454339798e+00
3.601996480124388000e+00
3.600190383092553681e+00
3.601830667718544099e+00
3.609043290190841358e+00
3.624020275286324644e+00
3.648196938947583678e+00
3.681003249995407511e+00
3.718606624412652550e+00
3.753575549020143676e+00
3.776371871061588781e+00
3.778445702690086616e+00
3.755216095078275362e+00
3.707143030506035331e+00
3.638667904248627405e+00
3.556199445976827800e+00
3.466354240030916412e+00
3.374923145777523281e+00
3.286460858209858671e+00
3.204232244031856691e+00
3.130310277225422322e+00
3.065720697982032839e+00
3.010596979920769911e+00
2.964341953575197142e+00
2.925802667576197447e+00
2.893463438873104643e+00
2.865654518581868704e+00
2.840764220929167916e+00
2.817434390037035996e+00
2.794716187315502864e+00
2.772167252878880994e+00
2.749881277612280961e+00
2.728453000162807562e+00
2.708890559977026324e+00
2.692489081495301750e+00
2.680673022943635964e+00
2.674801664720182437e+00
2.675916355513994205e+00
2.684398382481830048e+00
2.699519914639636919e+00
2.718936743765277164e+00
2.738318165398317738e+00
2.751502339041897560e+00
2.751612147539872044e+00
2.733152978135296340e+00
2.694238801642509618e+00
2.637543991473101812e+00
2.569265596118817996e+00
2.496836066774128504e+00
2.426818196174368669e+00
2.363842271381025206e+00
2.310535080793792773e+00
2.267965956327840704e+00
2.236195965859878676e+00
2.214727358561946247e+00
2.202807273298492685e+00
2.199610223868836645e+00
2.204340626986609486e+00
2.216291696078236395e+00
2.234887151907412051e+00
2.259722766475961819e+00
2.290614459805714098e+00
2.327641111328594636e+00
2.371124573783305767e+00
2.421373859896976732e+00
2.477765291039308870e+00
2.536375117054278761e+00
2.585825650111919671e+00
2.605232428235509712e+00
2.575106695700782655e+00
2.499041896080673730e+00
2.403476806851431391e+00
2.312561949735477906e+00
2.235646314198187490e+00
2.172454007268381559e+00
2.119940561434315196e+00
2.075382154202438212e+00
2.037129608268036129e+00
2.004626094661081659e+00
1.978418693459427002e+00
1.960507305661638666e+00
1.955387457533630968e+00
1.972332033817915997e+00
2.028930875330272166e+00
2.149895362800853249e+00
2.335699911035015841e+00
2.503920830424135158e+00
2.563067944158485378e+00
2.539487877869469834e+00
2.496364600495966979e+00
2.463158848100256204e+00
2.445897451595184791e+00
2.442907001889756291e+00
2.450923684228015098e+00
2.466733506041045132e+00
2.487486631392555658e+00
2.510728719342246062e+00
2.534435628394723583e+00
2.557108709388518974e+00
2.577916996166465857e+00
2.596849295576494132e+00
2.614836716659445059e+00
2.633817852024486594e+00
2.656734817563548567e+00
2.687445182400791222e+00
2.730465555905567943e+00
2.790243057695037443e+00
2.869190149384543975e+00
2.963285146567837369e+00
3.055591427466657350e+00
3.115390359410167509e+00
3.116265621734573887e+00
3.061894805479322024e+00
2.981925472447379821e+00
2.904330426690252320e+00
2.841955251908238722e+00
2.796531949661786420e+00
2.765658034571794488e+00
2.746834962199858676e+00
2.739038328271543588e+00
2.743106014486722533e+00
2.761615742954890429e+00
2.798346926762388165e+00
2.856857644733756363e+00
2.936993045111810030e+00
3.028122798433602547e+00
3.102448008786226286e+00
3.123063395456344260e+00
3.075300852705550536e+00
2.984730168092279090e+00
2.891400698424261506e+00
2.820377200588069400e+00
2.778497551601657456e+00
2.762995098150315965e+00
2.768069302333679982e+00
2.787676733474593771e+00
2.816356447325284229e+00
2.849397156944446508e+00
2.882881857513465818e+00
2.913745185525759673e+00
2.939822152898431629e+00
2.959833088678857749e+00
2.973278367571236203e+00
2.980265298853290279e+00
2.981321434114295066e+00
2.977244850467820836e+00
2.969010687115825053e+00
2.957718565429475976e+00
2.944548226714479355e+00
2.930696070087921878e+00
2.917284804952022803e+00
2.905259149112054295e+00
2.895293097153780693e+00
2.887736014417409791e+00
2.882617702132433291e+00
2.879720086734083750e+00
2.878708193197513587e+00
2.879297967414808479e+00
2.881426297823782345e+00
2.885382926627206857e+00
2.891867490711678368e+00
2.901946829019062424e+00
2.916902808648589307e+00
2.937972617194797298e+00
2.965989134915866465e+00
3.000935636260058548e+00
3.041455531624849051e+00
3.084428265018146931e+00
3.124839494403286455e+00
3.156265421008464411e+00
3.172180554860788426e+00
3.167836276357257841e+00
3.141856069685024178e+00
3.096593036394913234e+00
3.037046089712912789e+00
2.969096608466112563e+00
2.898072373126161505e+00
2.828122708817175202e+00
2.762283033664973519e+00
2.702879321506696186e+00
2.652025822736527871e+00
2.612200501067522218e+00
2.587191629241306856e+00
2.584347201353865309e+00
2.620833095554956138e+00
2.738941732444355903e+00
2.991043446897699187e+00
3.150782951828976053e+00
3.018410387495474634e+00
2.899643048303715887e+00
2.856466143071335839e+00
2.857860868098037521e+00
2.882076384468090779e+00
2.916688892620800111e+00
2.953712350202797321e+00
2.987421128282983673e+00
3.013583376675167624e+00
3.029217611017618772e+00
3.032480681186984661e+00
3.022563361574865937e+00
2.999609426957840164e+00
2.964703263623203355e+00
2.919904656668402598e+00
2.868206884671681944e+00
2.813244786396309927e+00
2.758652409029935360e+00
2.707170902869163065e+00
2.659859059618782773e+00
2.615897650738995939e+00
2.573301478088980687e+00
2.530315683719929876e+00
2.486732978602286259e+00
2.444378964339668059e+00
2.406628273411154595e+00
2.377425306461195653e+00
2.360380834577163078e+00
2.358216642016317532e+00
2.372523882452247435e+00
2.403680414784986841e+00
2.450804515686135332e+00
2.511716121490737308e+00
2.582971768193455642e+00
2.660096144990432787e+00
2.738108495633666095e+00
2.812307107932091377e+00
2.879075186937834818e+00
2.936350809180481747e+00
2.983504473159313441e+00
3.020667007208478694e+00
3.047848750705278942e+00
3.064298196942215391e+00
3.068431997402206068e+00
3.058407768136385041e+00
3.033105612238479853e+00
2.993058733671649652e+00
2.940880192893825296e+00
2.881014661604248239e+00
2.819014477067846247e+00
2.760723108928517355e+00
2.711651045359978696e+00
2.676577649970307782e+00
2.659168611760103662e+00
2.661223075476915056e+00
2.681120953865524292e+00
2.711520330581150162e+00
2.738230880653810040e+00
2.744843112555126918e+00
2.724401660006189108e+00
2.686381553113650344e+00
2.647258256705860457e+00
2.616023919122351327e+00
2.590914366824191184e+00
2.565854348817532937e+00
2.537593367833549607e+00
2.508531453000722777e+00
2.484963037397217356e+00
2.473237250379538565e+00
2.477135196027600017e+00
2.498968386946294196e+00
2.544365211885085465e+00
2.624172653951553080e+00
2.734840822531820148e+00
2.811956811162096059e+00
2.765448366371743738e+00
2.622467000433692519e+00
2.484172613940875962e+00
2.409664234063622512e+00
2.414780032232636930e+00
2.491094810475598553e+00
2.600511134879186059e+00
2.678476602462366074e+00
2.685522066074384817e+00
2.640549661640996248e+00
2.571859743876362625e+00
2.478645197011176471e+00
2.349881208931575483e+00
2.191539066489148091e+00
2.026032274575838787e+00
1.875490213317817956e+00
1.752376343787626078e+00
1.660700670607020868e+00
1.600487848865175922e+00
1.571254726478973351e+00
1.574030063893192111e+00
1.612439876601070354e+00
1.692690931371277463e+00
1.819958249479768586e+00
1.984387307093185449e+00
2.135427219040086033e+00
2.192912551729252257e+00
2.142231279667754951e+00
2.057030818324935062e+00
2.000553408196307004e+00
1.988683982067572131e+00
2.012410511001972768e+00
2.055349569699179924e+00
2.100224593687674002e+00
2.132719144287590129e+00
2.145580603300909051e+00
2.140912007238464199e+00
2.128227011043597461e+00
2.119282556992861721e+00
2.123067318432083628e+00
2.143081630740165444e+00
2.176884155255815578e+00
2.217320916624194282e+00
2.255305227770678655e+00
2.283798549141498047e+00
2.301386578476085631e+00
2.313230102281820244e+00
2.328711905704371254e+00
2.357317738026218468e+00
2.404639513754482927e+00
2.469190860374510521e+00
2.540402546687083429e+00
2.599854697916668123e+00
2.628811175645653808e+00
2.619657471010916616e+00
2.580142788083716887e+00
2.524719597672168803e+00
2.463513619919897035e+00
2.399807569211533931e+00
2.334122669983558662e+00
2.268013995171172859e+00
2.204692573804971190e+00
2.147667136509502583e+00
2.099335849071290561e+00
2.060373735037863696e+00
2.029820108118896016e+00
2.005516386807822293e+00
1.984657931019679244e+00
1.964366122739764631e+00
1.942240298531775489e+00
1.916829839686319703e+00
1.887934173061161847e+00
1.856646905634062650e+00
1.825126828717656080e+00
1.796170145303975785e+00
1.772717733900659010e+00
1.757424977504737251e+00
1.752363840403118322e+00
1.758859699380748154e+00
1.777423548390991259e+00
1.807733543651863117e+00
1.848639754123693413e+00
1.898197625073446249e+00
1.953764212544915946e+00
2.012201492115800239e+00
2.070208386983668714e+00
2.124743044136663261e+00
2.173420192866335920e+00
2.214725616180369894e+00
2.247934686550848937e+00
2.272763767867474360e+00
2.288959006427162990e+00
2.296124714786703436e+00
2.294012777220097554e+00
2.283220995403965947e+00
2.265921242819167514e+00
2.246114229613044078e+00
2.229131693182986318e+00
2.220499188412685676e+00
2.224490156784999506e+00
2.242644431113399950e+00
2.272458088502361750e+00
2.306711384738047155e+00
2.334413921750583487e+00
2.344243742881541692e+00
2.329589125897290280e+00
2.291928975689436765e+00
2.239775614426426031e+00
2.184227866692781905e+00
2.134672357709334278e+00
2.096811038611213540e+00
2.072761038496435670e+00
2.062050530351535294e+00
2.062669826539318407e+00
2.071872598001980759e+00
2.086714070046004288e+00
2.104391887081724200e+00
2.122444551504826915e+00
2.138838849219436788e+00
2.151969012743871090e+00
2.160596549915737352e+00
2.163769577272440792e+00
2.160762544222448067e+00
2.151065621724622901e+00
2.134429882861482941e+00
2.110948308574454924e+00
2.081134769531434614e+00
2.045961859358814916e+00
2.006834577165644617e+00
1.965502406432774185e+00
1.923934900223714051e+00
1.884195926658119635e+00
1.848347402034745901e+00
1.818399535545267787e+00
1.796308003571182699e+00
1.784002752044817619e+00
1.783416921423994994e+00
1.796462041362314688e+00
1.824860945558222536e+00
1.869707276750663061e+00
1.930613869897272350e+00
2.004469917776876109e+00
2.084334797138131634e+00
2.159751066721879553e+00
2.219733364218451133e+00
2.257568100534701472e+00
2.273844814846831319e+00
2.275063244425974407e+00
2.269385661517699049e+00
2.263016725830355291e+00
2.258834972564858656e+00
2.256795133017088339e+00
2.255128955586988226e+00
2.251711872437426543e+00
2.245239682871291276e+00
2.235941445523636162e+00
2.225653382351582721e+00
2.217302621116338024e+00
2.214080100450269484e+00
2.218644557300053055e+00
2.232577613123189586e+00
2.256138858421694593e+00
2.288274676948450104e+00
2.326834839554216661e+00
2.368987419795772098e+00
2.411820573809085211e+00
2.453034584500332294e+00
2.491478409886962009e+00
2.527169160949926052e+00
2.560491040957358688e+00
2.590619972289502471e+00
2.613906695032610639e+00
2.623754944157208335e+00
2.613438851088543569e+00
2.580890927185829131e+00
2.531200365426490073e+00
2.473596687908904190e+00
2.415315313633799033e+00
2.357461607332060893e+00
2.295308419154123758e+00
2.222149996468046229e+00
2.134191544413860164e+00
2.033457165872813999e+00
1.927003270563532267e+00
1.823579139501943613e+00
1.730448810827030171e+00
1.652003495039065628e+00
1.589975181694982531e+00
1.544331125447647945e+00
1.514168166388581094e+00
1.498358425782204462e+00
1.495954327967694342e+00
1.506444068835174344e+00
1.529949687472905717e+00
1.567434355725104034e+00
1.620935996793378076e+00
1.693705577648052740e+00
1.789703523268451058e+00
1.910848668126172933e+00
2.049179509528870291e+00
2.175361971814169681e+00
2.243957550460818240e+00
2.233994060396423897e+00
2.171920529212928663e+00
2.097039124115655184e+00
2.031062681132620895e+00
1.979645059914075134e+00
1.942122130686254833e+00
1.916810249406369460e+00
1.902354994833974411e+00
1.897467155362918545e+00
1.900407508001763723e+00
1.908758068607155245e+00
1.919547323719840826e+00
1.929601940993172837e+00
1.935984188467683165e+00
1.936420239470314275e+00
1.929648465321244233e+00
1.915615061727645063e+00
1.895457929529811292e+00
1.871276101334683917e+00
1.845759727949476181e+00
1.821800834310886907e+00
1.802182225848627084e+00
1.789362573053850491e+00
1.785277420648747393e+00
1.790988728311867728e+00
1.805971501840222482e+00
1.826933820615881610e+00
1.846583437763380964e+00
1.853806573585764950e+00
1.837214445516998529e+00
1.791424652074550705e+00
1.720849442756673398e+00
1.636798879132566942e+00
1.551053333691339242e+00
1.471685073332167359e+00
1.402587698795264792e+00
1.344821606869430530e+00
1.298044828540055207e+00
1.261446451033262806e+00
1.234225462311337340e+00
1.215793888352347807e+00
1.205842532281965696e+00
1.204346898615560102e+00
1.211549061395680082e+00
1.227927431801315139e+00
1.254153218736872910e+00
1.291024658742949249e+00
1.339365862693296716e+00
1.399877406078308351e+00
1.472933844094780564e+00
1.558341652052122495e+00
1.655092770660441692e+00
1.761143607323403693e+00
1.873162164893314108e+00
1.986005766670774442e+00
2.091650396255707367e+00
2.178027848398616406e+00
2.230032424411984682e+00
2.235421438559745511e+00
2.193214484580628287e+00
2.116075420467776080e+00
2.023414791662337286e+00
1.932571010185218929e+00
1.854895216336954977e+00
1.796369811243244907e+00
1.759628842429860285e+00
1.745487351025941436e+00
1.753469541543307253e+00
1.781336167202156595e+00
1.823785046614902816e+00
1.870980883820951179e+00
1.908601084999291819e+00
1.921593090161939132e+00
1.901337716078597806e+00
1.851003229041311426e+00
1.783784455024340021e+00
1.715925821736406176e+00
1.660876487982285266e+00
1.627541047064154922e+00
1.621215714583120082e+00
1.644927007595076374e+00
1.699843110195622398e+00
1.784314224620600298e+00
1.891935471140839153e+00
2.010386478788575459e+00
2.123522491736782314e+00
2.216017456553981191e+00
2.275006737131341161e+00
2.287476551988442353e+00
2.242429333393972435e+00
2.141194634122554952e+00
2.002144101663539733e+00
1.851037758557726898e+00
1.708331540581695451e+00
1.584639937410909027e+00
1.482937272576881682e+00
1.402196353052694411e+00
1.339950440904496665e+00
1.293602544679864019e+00
1.260955048716793092e+00
1.240361039680505817e+00
1.230720981433341965e+00
1.231425680472473472e+00
1.242279153229590039e+00
1.263397379609930482e+00
1.295051728319933426e+00
1.337399990492310842e+00
1.390028438418188683e+00
1.451247382251877216e+00
1.517215999946563088e+00
1.581306456949203687e+00
1.634554892238875512e+00
1.667993785930211859e+00
1.676347161547127929e+00
1.660697841342777537e+00
1.627895525841839941e+00
1.587275986700947161e+00
1.547318057669382574e+00
1.514011575034746482e+00
1.490849189710946154e+00
1.479555881144406282e+00
1.480873607299866945e+00
1.495128278523356391e+00
1.522546887901076174e+00
1.563365057061368191e+00
1.617757616868292780e+00
1.685599537170936024e+00
1.766059050962227817e+00
1.857072633003446160e+00
1.954877019775155045e+00
2.053928500437892435e+00
2.147503815953007766e+00
2.228754248757633505e+00
2.291216160569593541e+00
2.328055672307805857e+00
2.331483633481409967e+00
2.295277757513467964e+00
2.220067100284484063e+00
2.115831398459993906e+00
1.998005665170967227e+00
1.880941149306245119e+00
1.774078478640585876e+00
1.681805414080389971e+00
1.605055928443521074e+00
1.542967659440728001e+00
1.494007577815132715e+00
1.456592117847998136e+00
1.429383777800204314e+00
1.411418782799604532e+00
1.402161739301885257e+00
1.401537275565076568e+00
1.409955605439531690e+00
1.428314447657168307e+00
1.457899258321124325e+00
1.499979305876650182e+00
1.554682000680574827e+00
1.618578994906583857e+00
1.681180926187790581e+00
1.723762044236359037e+00
1.727249136585611522e+00
1.687454736573804404e+00
1.619513262993794056e+00
1.544680928977963719e+00
1.477397354901567317e+00
1.423280149320937937e+00
1.382680529376103085e+00
1.353968018625127501e+00
1.335224000835607328e+00
1.324869464986468959e+00
1.321811541722383465e+00
1.325421969988692661e+00
1.335476764052450527e+00
1.352100211284821052e+00
1.375720993979449469e+00
1.407033035568733936e+00
1.446943691668350240e+00
1.496480149225645429e+00
1.556608652585960373e+00
1.627903296214827877e+00
1.709997035946476007e+00
1.800796613844177996e+00
1.895608226594396095e+00
1.986629287249635611e+00
2.063545811211762171e+00
2.115771566450956875e+00
2.135832225983556931e+00
2.122172967925916254e+00
2.079652606158435724e+00
2.017506011910682684e+00
1.946164570678902805e+00
1.874625450858762754e+00
1.809185330947101766e+00
1.753355951796864209e+00
1.708353068581207390e+00
1.673645694329941591e+00
1.647323926504478120e+00
1.626279187359238154e+00
1.606357735188358671e+00
1.582755239091183208e+00
1.550896865004030234e+00
1.507758757101753222e+00
1.453074402177496616e+00
1.389602139339983555e+00
1.322120002361124147e+00
1.255741330364565700e+00
1.194533817881886284e+00
1.140967770066861453e+00
1.096068164929425937e+00
1.059876544323314906e+00
1.031916854870653211e+00
1.011538222970616685e+00
9.981261531516834040e-01
9.912182544514241966e-01
9.905642993604509838e-01
9.961604889464411583e-01
1.008276849229537309e+00
1.027487936436468630e+00
1.054709338576095723e+00
1.091232336836418293e+00
1.138730427405375778e+00
1.199174331850513475e+00
1.274524736459285768e+00
1.365977806016943186e+00
1.472501093807097705e+00
1.588711794989307924e+00
1.703295826678904668e+00
1.800787940902120576e+00
1.868533271686753761e+00
1.904281382939245759e+00
1.915621618013334082e+00
1.910345663327305266e+00
1.887217737624440561e+00
1.836353577851016938e+00
1.750201252741953706e+00
1.634729431572402136e+00
1.507785410298381423e+00
1.387544299028546702e+00
1.284584592959232330e+00
1.201846880941219498e+00
1.137914676247705037e+00
1.089803225488300331e+00
1.054424302853604889e+00
1.029136003885442685e+00
1.011851675679111384e+00
1.000983480812018156e+00
9.953444221608790388e-01
9.940549546909273060e-01
9.964670940245178299e-01
1.002106610800073794e+00
1.010630202798583843e+00
1.021794018789680791e+00
1.035430366776591171e+00
1.051430051757932249e+00
1.069728278262645382e+00
1.090292341440043611e+00
1.113109401234274820e+00
1.138172482983760281e+00
1.165462482879231709e+00
1.194923435754438712e+00
1.226427835869381866e+00
1.259728971326864455e+00
1.294399376514175692e+00
1.329761139405352566e+00
1.364828321547972845e+00
1.398305164687723812e+00
1.428704953106396003e+00
1.454636745208442772e+00
1.475199670611378133e+00
1.490245251778553603e+00
1.500205693934279383e+00
1.505457367538898694e+00
1.505637853884016941e+00
1.499464497614398040e+00
1.485245846768771472e+00
1.461808285437990573e+00
1.429336604014447731e+00
1.389701107060048235e+00
1.346128060971001794e+00
1.302415357159636411e+00
1.262093104450875636e+00
1.227865997204135917e+00
1.201448771935586635e+00
1.183708641306389975e+00
1.174958379255802488e+00
1.175274404663273931e+00
1.184776101796794157e+00
1.203848460813812471e+00
1.233302780096363627e+00
1.274441682720359958e+00
1.328905746465987470e+00
1.397998855827077058e+00
1.480958199744846437e+00
1.571788091475178506e+00
1.656078542204240112e+00
1.713068536117927865e+00
1.727343939387836924e+00
1.701005679475698029e+00
1.650867839097038381e+00
1.595114596018444519e+00
1.545001530584889649e+00
1.504771457883912200e+00
1.474484849089062299e+00
1.452301598299523100e+00
1.435678048308954624e+00
1.421932412362008069e+00
1.408619638811844599e+00
1.393903573565654641e+00
1.376860565563984728e+00
1.357535312078981038e+00
1.336681997688067947e+00
1.315336419089197406e+00
1.294445387971280281e+00
1.274678045633845347e+00
1.256403806088382202e+00
1.239758746761848274e+00
1.224732585412996899e+00
1.211241745529512359e+00
1.199179447906583373e+00
1.188445710876059547e+00
1.178963261806940777e+00
1.170684641679039073e+00
1.163594008625894238e+00
1.157705373546200178e+00
1.153057429223875330e+00
1.149703650554293688e+00
1.147694862091013679e+00
1.147050239291305784e+00
1.147712815162504008e+00
1.149489535280625585e+00
1.151987555824203202e+00
1.154579413622195405e+00
1.156449901605988151e+00
1.156767143923524976e+00
1.154949831962411633e+00
1.150902554753939766e+00
1.145069650352393831e+00
1.138274596666373872e+00
1.131460059581901767e+00
1.125476510833963939e+00
1.120987301978876749e+00
1.118471958272646338e+00
1.118278183704171092e+00
1.120683266062801886e+00
1.125945449834276912e+00
1.134339047119634181e+00
1.146171307760563751e+00
1.161776414508608690e+00
1.181473404218700285e+00
1.205459205933417710e+00
1.233584142952513174e+00
1.264933252501774463e+00
1.297159625972765795e+00
1.325731587032659142e+00
1.343894039704079724e+00
1.344938774483063870e+00
1.327267919935978258e+00
1.297971973067197471e+00
1.269042961577584894e+00
1.249205172255741569e+00
1.240011341460043326e+00
1.237809047533728224e+00
1.237424038642433999e+00
1.234747695295261183e+00
1.227769874443186415e+00
1.216458784657860059e+00
1.202051898637836347e+00
1.186269354065931259e+00
1.170755489837486341e+00
1.156815818608804447e+00
1.145373486947820485e+00
1.137038351454232377e+00
1.132209556645357162e+00
1.131169043333517088e+00
1.134147053610845113e+00
1.141348142633999752e+00
1.152919130612219067e+00
1.168819202411441660e+00
1.188518816253505417e+00
1.210431595375836222e+00
1.231074293698372735e+00
1.244402366643132085e+00
1.242704956564109509e+00
1.220588090056352604e+00
1.180125663912070522e+00
1.131000928729690935e+00
1.084229834556858618e+00
1.046504653307950727e+00
1.019586182093227267e+00
1.002440673405167626e+00
9.931757198416141241e-01
9.900021915762343694e-01
9.915329429178553200e-01
9.967923502442482819e-01
1.005138205518669725e+00
1.016173380948274474e+00
1.029665800176799095e+00
1.045470033845043334e+00
1.063429103666957198e+00
1.083217807521965392e+00
1.104062390286134399e+00
1.124242572565802067e+00
1.140311302696912499e+00
1.146271114681335579e+00
1.133915850630651256e+00
1.096750727006888138e+00
1.037512710659614257e+00
9.708925475313945341e-01
9.140497970428860253e-01
8.755639857966653894e-01
8.548007619717016281e-01
8.472161077526040307e-01
8.482471376085068959e-01
8.545775504936802269e-01
8.641167955679371904e-01
8.756666978270948309e-01
8.886278625414947285e-01
9.028154542331709997e-01
9.183766746932676694e-01
9.358001751926322553e-01
9.560309697096238679e-01
9.807456458780539066e-01
1.012908279144381973e+00
1.057779249062315907e+00
1.124115476093408228e+00
1.221256392610708730e+00
1.330861788923601186e+00
1.355982803782106005e+00
1.257303313654632548e+00
1.148390326221299551e+00
1.080440608298593785e+00
1.043771887017887590e+00
1.024688214837314204e+00
1.015164879271612142e+00
1.011008614076295276e+00
1.010018601871162325e+00
1.011009040628074285e+00
1.013332028685267616e+00
1.016644673061062321e+00
1.020795417664324800e+00
1.025772715449487782e+00
1.031691532957408119e+00
1.038809434120571140e+00
1.047572555520249749e+00
1.058690012590819629e+00
1.073187091207600030e+00
1.092099939037090905e+00
1.114106963445928855e+00
1.125875436884919534e+00
1.095299273694202880e+00
1.033292110019423893e+00
9.930136990167141020e-01
9.778947219909422950e-01
9.742412105590164684e-01
9.747475831373839661e-01
9.765989220460217224e-01
9.787704119059968955e-01
9.809035180733669534e-01
9.828947285345158713e-01
9.847444086982694023e-01
9.865011908522784978e-01
9.882443291308870004e-01
9.900843136530819155e-01
9.921769445267738519e-01
9.947544540057030593e-01
9.981859059861870609e-01
1.003089457022144471e+00
1.010500779543391792e+00
1.021742281221087234e+00
1.034707440921602828e+00
1.027853976960451554e+00
9.911654366921742731e-01
9.682796271025302381e-01
9.608071854985702487e-01
9.587002407674045656e-01
9.581408583945911772e-01
9.579715686177793232e-01
9.578411997528559763e-01
9.576476642714549792e-01
9.573698567738313514e-01
9.570132962528062892e-01
9.565914726273634372e-01
9.561192672029633632e-01
9.556106962638428737e-01
9.550782529966861389e-01
9.545328381610508339e-01
