5.589730413228730654e+00
5.507114499448362288e+00
5.430036355138073034e+00
5.371654621270320895e+00
5.349012704945991459e+00
5.374179948440442445e+00
5.439807297803504582e+00
5.501276801065531075e+00
5.481094829735315699e+00
5.328992013602459998e+00
5.081067719813263217e+00
4.822132680756174850e+00
4.613706489798418353e+00
4.476934379468248792e+00
4.409908870452834861e+00
4.403311661210246086e+00
4.447588640664246640e+00
4.535752768159448500e+00
4.665253613848896919e+00
4.838717602615909996e+00
5.050020627581935706e+00
5.206722257823735767e+00
5.086214254367602550e+00
4.746531266647370018e+00
4.449583131418253679e+00
4.240078391786472167e+00
4.085909801508340600e+00
3.972249575209087613e+00
3.911804846257467272e+00
3.974001348715494597e+00
4.366382988944889298e+00
5.017486410880755088e+00
5.088895957021398964e+00
4.941988434139151565e+00
4.885553349370165499e+00
4.913177746107392885e+00
4.986060720070746299e+00
5.072827128629699978e+00
5.152878759877539849e+00
5.221267537826333793e+00
5.293970270619270835e+00
5.409404041121035789e+00
5.621101420427571327e+00
5.950216639411427977e+00
6.228382199011672782e+00
6.152145804523168060e+00
5.862022526532986610e+00
5.636567723414642295e+00
5.517069968484181963e+00
5.477936589611710261e+00
5.523486927710914429e+00
5.692189458900540622e+00
5.998495266306150597e+00
6.243833717197498245e+00
6.091204775859383247e+00
5.750256977504808020e+00
5.555090310510561125e+00
5.533430221117827230e+00
5.615673753212901076e+00
5.736904911931080875e+00
5.849971629179399280e+00
5.927619621523962046e+00
5.961411819230977294e+00
5.955769141741042993e+00
5.921582997952151040e+00
5.872779613073110916e+00
5.823843017110784004e+00
5.786146760737483241e+00
5.764610740785554910e+00
5.757727421028753234e+00
5.762034624605749222e+00
5.778659962506344172e+00
5.817172697514658708e+00
5.892628463687952234e+00
6.014519879043379369e+00
6.169182594335757663e+00
6.304578092519366628e+00
6.343524121837923246e+00
6.241232856642956683e+00
6.026817227810660427e+00
5.768063649190230180e+00
5.519812569342480657e+00
5.315462668258584600e+00
5.185009387513380474e+00
5.196370473250576438e+00
5.649226219434136276e+00
6.267968528541477902e+00
5.787840094996047569e+00
5.713632327535156818e+00
5.816054193448607634e+00
5.949517238808665454e+00
6.044043366216484969e+00
6.062355699077034643e+00
5.992323874135521145e+00
5.844001878188665344e+00
5.648946590153353320e+00
5.450796023793743394e+00
5.277218454242516898e+00
5.119585020533699904e+00
4.959886294500077675e+00
4.813519734003965489e+00
4.724577582082178040e+00
4.732448234050936620e+00
4.852836049767102367e+00
5.073028655923388364e+00
5.351832197235172117e+00
5.630551333445113826e+00
5.860308357572706406e+00
6.022818314833341624e+00
6.117254901941712397e+00
6.132751079835815133e+00
6.049883305742921102e+00
5.872939502420352120e+00
5.648150347890818601e+00
5.444945496055536793e+00
5.327990375727703842e+00
5.336416586622324765e+00
5.440540697009426552e+00
5.487867812842109672e+00
5.376350955867077452e+00
5.243522830537544088e+00
5.150692919245693169e+00
5.047124490425349386e+00
4.959680603509883490e+00
4.959019428517096095e+00
5.089075232487206613e+00
5.433897600835049246e+00
5.590709197706877909e+00
5.090066693975668244e+00
4.804900919664206960e+00
5.024737490033261977e+00
5.360716848114503996e+00
5.295386708979575197e+00
5.016388842847715246e+00
4.527502379479788175e+00
3.926416812150219648e+00
3.455151333339397279e+00
3.194204774178409867e+00
3.145309170363180140e+00
3.338688318522198717e+00
3.832653713148572727e+00
4.351938994055242205e+00
4.236687035651808486e+00
3.993891223772790156e+00
4.022190046344465308e+00
4.183957033393579827e+00
4.286801223648408765e+00
4.270416541411633737e+00
4.237886937832293199e+00
4.295666865088903386e+00
4.434915879089932567e+00
4.560322691962671371e+00
4.619368119831780639e+00
4.683233360166222603e+00
4.852814755526652313e+00
5.108165874670764772e+00
5.258727906035557176e+00
5.172376341706576675e+00
4.962244790005084560e+00
4.726742234932994613e+00
4.484570658096208362e+00
4.270699856518347381e+00
4.115528213708905092e+00
4.014821160953864876e+00
3.938874365123764321e+00
3.855077418165320680e+00
3.748918318695822816e+00
3.633465625771131524e+00
3.541003199567391846e+00
3.504891929250107285e+00
3.545689477804982115e+00
3.665795921202180452e+00
3.848817566751175701e+00
4.062153228513484926e+00
4.266188063142742237e+00
4.429704486243223549e+00
4.538993000274689216e+00
4.589955094159138049e+00
4.579064341394655457e+00
4.517925797538553390e+00
4.453430366802042961e+00
4.450179396648891839e+00
4.537214428131456145e+00
4.656329687725902389e+00
4.678607801888408524e+00
4.544656230802546659e+00
4.343274083745592762e+00
4.188985928502456879e+00
4.125147375789802062e+00
4.138305407394854640e+00
4.194518473810915360e+00
4.260155253927409014e+00
4.309986988438422983e+00
4.327708701097682464e+00
4.303381275064618094e+00
4.232551619282999944e+00
4.118520272510033386e+00
3.974496905252868029e+00
3.822027424661796235e+00
3.686401148335127775e+00
3.592803409811475834e+00
3.565481625971584023e+00
3.628241914458294470e+00
3.799214956961820988e+00
4.066295400185441444e+00
4.346865619857202212e+00
4.517507390784214927e+00
4.551161994172376879e+00
4.529565760818654141e+00
4.515311582046377836e+00
4.508415531528195075e+00
4.486702870469908788e+00
4.449994593172319490e+00
4.428405669678562084e+00
4.456923681377479518e+00
4.549252392622606500e+00
4.690471827174697239e+00
4.847435148070968758e+00
4.992041292989076062e+00
5.118667301000188630e+00
5.220432494392180267e+00
5.239784406226470459e+00
5.117548871236253127e+00
4.909920344801976810e+00
4.696218161672762292e+00
4.444538135955135694e+00
4.100583409933498125e+00
3.711895818743515374e+00
3.375502276099811017e+00
3.143548457898901027e+00
3.019941834282159121e+00
2.992409357915200907e+00
3.052994395662105731e+00
3.208516529368223846e+00
3.488931837568950201e+00
3.930591249287040068e+00
4.397586053472184453e+00
4.461043350128746532e+00
4.205983803193555914e+00
3.981553836237383237e+00
3.851361213735817302e+00
3.798456049606208751e+00
3.804867680224794935e+00
3.841935632816069202e+00
3.871887165820031562e+00
3.863422686490616265e+00
3.806827334347308689e+00
3.718247961369544718e+00
3.630059480456374832e+00
3.576373516495024329e+00
3.582195587494998446e+00
3.647083777770921742e+00
3.707448000892838103e+00
3.634243944332758769e+00
3.383188746087105070e+00
3.069188751179447117e+00
2.800300451789124345e+00
2.606372782522750509e+00
2.482037255056217973e+00
2.418519157114748186e+00
2.412475098510425298e+00
2.466746225622562516e+00
2.589085982954701937e+00
2.789337875535120581e+00
3.073718198691872239e+00
3.435809999868573161e+00
3.846473148216390747e+00
4.237094550990736508e+00
4.466899317012297033e+00
4.391699277428965154e+00
4.084847754197723724e+00
3.762015094836878237e+00
3.552121929494817643e+00
3.491643765035258085e+00
3.574943003089377846e+00
3.742230381766874281e+00
3.843578893175614741e+00
3.739688978053055113e+00
3.495486252548873907e+00
3.292297419876122788e+00
3.247199941359983466e+00
3.405592359944102476e+00
3.756569522503710346e+00
4.186928727003336626e+00
4.508267178909132866e+00
4.553654431868172203e+00
4.220892010340083544e+00
3.678453017015467452e+00
3.187664069638196374e+00
2.839749697576358312e+00
2.620934877862739487e+00
2.501124917983614804e+00
2.459931568090539589e+00
2.488684527485222731e+00
2.587317802134902589e+00
2.757640819103163832e+00
2.986734730600735244e+00
3.217819988215674165e+00
3.347168572718342894e+00
3.312937435740454628e+00
3.174739675767418667e+00
3.037625510022371689e+00
2.963813161511702710e+00
2.973487089660284965e+00
3.071552373490445742e+00
3.260722574216679437e+00
3.539249335816780473e+00
3.886144774972820404e+00
4.244784226775751179e+00
4.533207677377847133e+00
4.668031325113005892e+00
4.561382225142017077e+00
4.213629568530620872e+00
3.780254494722173675e+00
3.405247066403108480e+00
3.132440317206775404e+00
2.952574559118462005e+00
2.847055118057422618e+00
2.803401414151742266e+00
2.819019980350850219e+00
2.902192247294744121e+00
3.067450205673851737e+00
3.299768989038918576e+00
3.459753215602777932e+00
3.356042298238830490e+00
3.089571639591648822e+00
2.862192540871413726e+00
2.724137030572092666e+00
2.657907178908193391e+00
2.644882257156407679e+00
2.676689484334941582e+00
2.753801627682147313e+00
2.883503041305563563e+00
3.077503304364247683e+00
3.345461340067590328e+00
3.677442033271964839e+00
4.013842184465356233e+00
4.237519783160190734e+00
4.249129164376626910e+00
4.067546562019673573e+00
3.805828496462802857e+00
3.566853777167902528e+00
3.395516255644090986e+00
3.289382881692337168e+00
3.214577014112918629e+00
3.116401271682702756e+00
2.948125058170917523e+00
2.714926263774245285e+00
2.471022094686974313e+00
2.266507871679806385e+00
2.119868364560591800e+00
2.028741390791324761e+00
1.985588841146798567e+00
1.985475297535560735e+00
2.028782096615995734e+00
2.122562282668075895e+00
2.281903706726384762e+00
2.529437094049880486e+00
2.882907192863347845e+00
3.308282376988343820e+00
3.663972487677471079e+00
3.817965346670674442e+00
3.818767652728656259e+00
3.683652161159435945e+00
3.328768107155717360e+00
2.868128855494717744e+00
2.491592515284132947e+00
2.246121353929376063e+00
2.101938472633552379e+00
2.024944317935786664e+00
1.992317463892545160e+00
1.990526153799446529e+00
2.011825496696213023e+00
2.051906955941707356e+00
2.108529471223175467e+00
2.180710168028653584e+00
2.268156093687967889e+00
2.370672071423947092e+00
2.487236140118662675e+00
2.614354051863809758e+00
2.743574589007791609e+00
2.859868534397834505e+00
2.946264098916608454e+00
2.996011813756176423e+00
3.012706475910872594e+00
2.989863948625957057e+00
2.909781336202935442e+00
2.772793747868282033e+00
2.611813783235610753e+00
2.470972137591701756e+00
2.379596480248056256e+00
2.348074593967502732e+00
2.378369480106177658e+00
2.475304821381500542e+00
2.653032357420251675e+00
2.927021917458092037e+00
3.255670853435268519e+00
3.451370568438454800e+00
3.373368129163100804e+00
3.173257597639658201e+00
3.009720093275944475e+00
2.910989426319730011e+00
2.852525709874091486e+00
2.802623163771304604e+00
2.740447471158978576e+00
2.665002837083482845e+00
2.587416782672189441e+00
2.517173126780612780e+00
2.457704824766201668e+00
2.408773356524862130e+00
2.369145949474684265e+00
2.337880274325200958e+00
2.314704178005819291e+00
2.299975427011481610e+00
2.294294046497142858e+00
2.297463167772648251e+00
2.306459427219500480e+00
2.313594223075454259e+00
2.309296687043304708e+00
2.290795019437238178e+00
2.265699108546353369e+00
2.244928375313795854e+00
2.236272796406159724e+00
2.244216638125732466e+00
2.272114839109484308e+00
2.323684663708784459e+00
2.402802555393791728e+00
2.509456257052634420e+00
2.625871525867326639e+00
2.693147680533731325e+00
2.644107742517241011e+00
2.536233892528188427e+00
2.481436724510817093e+00
2.475383612168791991e+00
2.462957860182235947e+00
2.422080650191714479e+00
2.365058198363966468e+00
2.311720000205804482e+00
2.275280831907300350e+00
2.262239978108310900e+00
2.276018616407011752e+00
2.318917055684808659e+00
2.389205067197185617e+00
2.466546852717930616e+00
2.486436042581224193e+00
2.378716293682073601e+00
2.200634442810575298e+00
2.064636787597202261e+00
1.997531161426654656e+00
1.980028677156014272e+00
1.993691198634360617e+00
2.028583961448262141e+00
2.080448927629804157e+00
2.147164266739256533e+00
2.223194980081733885e+00
2.285231949218851533e+00
2.265981950984789606e+00
2.090875961056823051e+00
1.856655862498863607e+00
1.724118757224723408e+00
1.693706245792099052e+00
1.713347206511378173e+00
1.753397823206738426e+00
1.803355145917842517e+00
1.862905842640776521e+00
1.940436235089740835e+00
2.061420895327013447e+00
2.296162051587165021e+00
2.681903574107415089e+00
2.524515721937921064e+00
2.182117894698457850e+00
2.060391249459336827e+00
2.025432914565462372e+00
2.020414153504177968e+00
2.027698327105633247e+00
2.041686546135906166e+00
2.061441594039344238e+00
2.089202636724406315e+00
2.131563937852919643e+00
2.199988708246884972e+00
2.248333179970951612e+00
2.062242433563732824e+00
1.957869549609069892e+00
1.948887301673185801e+00
1.955705732383507867e+00
1.963527897655542587e+00
1.970434623065178359e+00
1.976862992911652794e+00
1.984081333015227822e+00
1.994604595992937712e+00
2.014387049013099507e+00
2.055695448049937202e+00
2.037556083919255911e+00
1.933758413227810058e+00
1.917571374599570833e+00
1.916079626772584810e+00
1.915540109371096422e+00
1.914501756786573416e+00
1.912976222734014797e+00
1.911139278310365786e+00
1.909151086616569959e+00
