4.399599999999999795e+02
4.399200000000000159e+02
4.399075000000000273e+02
4.398750000000000000e+02
4.398550000000000182e+02
4.398149999999999977e+02
4.397950000000000159e+02
4.397649999999999864e+02
4.397400000000000091e+02
4.397200000000000273e+02
4.396750000000000114e+02
4.396424999999999841e+02
4.396200000000000045e+02
4.396050000000000182e+02
4.395274999999999750e+02
4.394975000000000023e+02
4.394674999999999727e+02
4.394049999999999727e+02
4.393625000000000114e+02
4.393224999999999909e+02
4.392524999999999977e+02
4.392124999999999773e+02
4.391875000000000000e+02
4.391650000000000205e+02
4.391274999999999977e+02
4.390899999999999750e+02
4.390724999999999909e+02
4.390425000000000182e+02
4.390099999999999909e+02
4.389875000000000114e+02
4.389700000000000273e+02
4.389549999999999841e+02
4.389350000000000023e+02
4.388949999999999818e+02
4.388600000000000136e+02
4.388475000000000250e+02
4.388249999999999886e+02
4.388100000000000023e+02
4.387875000000000227e+02
4.387624999999999886e+02
4.387149999999999750e+02
4.386800000000000068e+02
4.386524999999999750e+02
4.386250000000000000e+02
4.385874999999999773e+02
4.385649999999999977e+02
4.385450000000000159e+02
4.385299999999999727e+02
4.385149999999999864e+02
4.384775000000000205e+02
4.384175000000000182e+02
4.383799999999999955e+02
4.383725000000000023e+02
4.383600000000000136e+02
4.383500000000000227e+02
4.383324999999999818e+02
4.383050000000000068e+02
4.382925000000000182e+02
4.382825000000000273e+02
4.382674999999999841e+02
4.382425000000000068e+02
4.382300000000000182e+02
4.382049999999999841e+02
4.381675000000000182e+02
4.381225000000000023e+02
4.381025000000000205e+02
4.380950000000000273e+02
4.380849999999999795e+02
4.380525000000000091e+02
4.380174999999999841e+02
4.379875000000000114e+02
4.379599999999999795e+02
4.379449999999999932e+02
4.379250000000000114e+02
4.379049999999999727e+02
4.378575000000000159e+02
4.378450000000000273e+02
4.378299999999999841e+02
4.377975000000000136e+02
4.377674999999999841e+02
4.377350000000000136e+02
4.377174999999999727e+02
