2.433050152518140052e+00
2.429854685088025157e+00
2.426574809621077744e+00
2.423216481015222801e+00
2.419785766747083233e+00
2.416288815259639122e+00
2.412731826381254940e+00
2.409121023788545202e+00
2.405462629508452910e+00
2.401762840409957356e+00
2.398027806838443077e+00
2.394263613097990628e+00
2.390476259986710872e+00
2.386671649156688613e+00
2.382855569341769453e+00
2.379033684241298463e+00
2.375211522159068167e+00
2.371394467136676010e+00
2.367587751681109687e+00
2.363796450752186917e+00
2.360025477128273153e+00
2.356279578053442680e+00
2.352563332808023322e+00
2.348881151454505822e+00
2.345237274562025576e+00
2.341635773617609217e+00
2.338080552336891049e+00
2.334575348636784842e+00
2.331123737193718348e+00
2.327729132587592620e+00
2.324394792884624916e+00
2.321123823620027338e+00
2.317919182232332176e+00
2.314783682636391227e+00
2.311720000204625425e+00
2.308730676797063897e+00
2.305818126057720630e+00
2.302984638800614547e+00
2.300232388403021577e+00
2.297563436364483458e+00
2.294979737731874359e+00
2.292483146686843387e+00
2.290075421913783771e+00
2.287758232089816879e+00
2.285533161158578075e+00
2.283401713548094847e+00
2.281365319325876051e+00
2.279425339171785581e+00
2.277583069242762992e+00
2.275839745902716427e+00
2.274196550278337448e+00
2.272654612619597447e+00
2.271215016602218473e+00
2.269878803290032554e+00
2.268646975080786277e+00
2.267520499348338436e+00
2.266500311882458263e+00
2.265587320259082382e+00
2.264782406846826746e+00
2.264086431722832859e+00
2.263500235258489646e+00
2.263024640614826666e+00
2.262660455908537482e+00
2.262408476153441761e+00
2.262269484984809953e+00
2.262244256148945531e+00
2.262333554637501187e+00
2.262538137635376145e+00
2.262858755144212974e+00
2.263296150290022180e+00
2.263851059307150138e+00
2.264524211229567818e+00
2.265316327149944797e+00
2.266228119145951236e+00
2.267260288811804969e+00
2.268413525297566569e+00
2.269688502931047402e+00
2.271085878353592769e+00
2.272606287082329146e+00
2.274250339525309972e+00
2.276018616406962902e+00
2.277911663475328474e+00
2.279929985576476081e+00
2.282074039903104090e+00
2.284344228490318596e+00
2.286740889785715325e+00
2.289264289294950405e+00
2.291914609192655661e+00
2.294691936926444242e+00
2.297596252539262363e+00
2.300627414865736853e+00
2.303785146349907276e+00
2.307069016470013167e+00
2.310478423583498753e+00
2.314012575411384720e+00
2.317670467484757246e+00
2.321450860235058755e+00
2.325352253917391643e+00
2.329372861707405207e+00
2.333510580869378792e+00
2.337762961738156342e+00
2.342127174650283195e+00
2.346599974696946589e+00
2.351177664286703273e+00
2.355856053654101778e+00
2.360630419094667864e+00
2.365495459373913256e+00
2.370445250076234522e+00
2.375473196409823906e+00
2.380571984407465980e+00
2.385733531120459716e+00
2.390948934067574250e+00
2.396208420346957357e+00
2.401501296309470845e+00
2.406815898176765778e+00
2.412139544653353784e+00
2.417458492496655786e+00
2.422757895990033994e+00
2.428021771823812180e+00
2.433232970623008917e+00
2.438373156713108170e+00
2.443422797879768904e+00
2.448361166831573676e+00
2.453166356422118888e+00
2.457815310454392499e+00
2.462283872205317081e+00
2.466546852723097594e+00
2.470578120554721036e+00
2.474350715086759411e+00
2.477836984473014148e+00
2.481008749901240762e+00
2.483837496479522677e+00
2.486294591267036669e+00
2.488351527710750410e+00
2.489980195541368069e+00
2.491153174008487792e+00
2.491844045253419182e+00
2.492027724294624935e+00
2.491680800629277659e+00
2.490781885282908892e+00
2.489311957264769060e+00
2.487254701476520502e+00
2.484596830442007853e+00
2.481328381589882337e+00
2.477442981538660050e+00
2.472938069638848990e+00
2.467815073166319095e+00
2.462079527590490535e+00
2.455741136747526809e+00
2.448813768886317632e+00
2.441315386725804171e+00
2.433267911273232720e+00
2.424697021089339266e+00
2.415631890757001354e+00
2.406104874227648516e+00
2.396151139890905668e+00
2.385808266167944502e+00
2.375115807136731760e+00
2.364114838009734765e+00
2.352847491430910765e+00
2.341356494288580503e+00
2.329684715205247780e+00
2.317874731382641329e+00
2.305968422698435827e+00
2.294006599643245714e+00
2.282028670089974121e+00
2.270072348765381332e+00
2.258173411387059737e+00
2.246365494660595097e+00
2.234679941471824804e+00
2.223145689985917883e+00
2.211789204182198709e+00
2.200634442809472180e+00
2.189702863065686067e+00
2.179013455047453807e+00
2.168582802824980504e+00
2.158425167910555942e+00
2.148552591009840196e+00
2.138975008236128517e+00
2.129700377850982207e+00
2.120734814504978694e+00
2.112082727778592961e+00
2.103746962423902023e+00
2.095728938080181347e+00
2.088028786585784946e+00
2.080645485271311212e+00
2.073576985006386320e+00
2.066820332127023985e+00
2.060371783510472898e+00
2.054226914285598227e+00
2.048380718014416679e+00
2.042827699211581027e+00
2.037561958162865672e+00
2.032577268379335056e+00
2.027867146644930951e+00
2.023424916323400158e+00
2.019243763880857578e+00
2.015316789347380233e+00
2.011637050852791653e+00
2.008197603908814965e+00
2.004991535656229118e+00
2.002011994505673798e+00
1.999252215740636052e+00
1.996705543226447555e+00
1.994365447756778487e+00
1.992225542333960098e+00
1.990279594649303929e+00
1.988521537171056952e+00
1.986945475033349062e+00
1.985545691956797310e+00
1.984316654521130818e+00
1.983253014980393969e+00
1.982349612721153731e+00
1.981601474647787464e+00
1.981003814602299018e+00
1.980552031956502868e+00
1.980241709506417980e+00
1.980068610798288109e+00
1.980028676945632560e+00
1.980118023038628383e+00
1.980332934267297063e+00
1.980669861756437999e+00
1.981125418223527834e+00
1.981696373444024717e+00
1.982379649674828270e+00
1.983172316979686878e+00
1.984071588475113890e+00
1.985074815666240333e+00
1.986179483721046690e+00
1.987383206766150989e+00
1.988683723307554052e+00
1.990078891625618018e+00
1.991566685297210704e+00
1.993145188749442021e+00
1.994812592922859507e+00
1.996567190992638574e+00
1.998407374172596063e+00
2.000331627613641583e+00
2.002338526369206839e+00
2.004426731416944385e+00
2.006594985770964623e+00
2.008842110652521384e+00
2.011167001676623212e+00
2.013568625148076663e+00
2.016046014318593205e+00
2.018598265733678954e+00
2.021224535542225809e+00
2.023924035838292390e+00
2.026696030968595075e+00
2.029539833851297104e+00
2.032454802176133946e+00
2.035440334614003532e+00
2.038495866964177505e+00
2.041620868121330368e+00
2.044814835990869106e+00
2.048077293281461486e+00
2.051407783054898903e+00
2.054805864232592150e+00
2.058271106714745002e+00
2.061803086430928467e+00
2.065401380009766807e+00
2.069065559194494863e+00
2.072795184931377044e+00
2.076589801066625718e+00
2.080448927630124345e+00
2.084372053722835627e+00
2.088358629843585224e+00
2.092408059690480382e+00
2.096519691411126818e+00
2.100692808168110215e+00
2.104926617982227022e+00
2.109220242865357697e+00
2.113572707110724647e+00
2.117982924653623034e+00
2.122449685472420633e+00
2.126971641008961633e+00
2.131547288365717829e+00
2.136174953408278565e+00
2.140852772494438838e+00
2.145578672866522929e+00
2.150350351606373334e+00
2.155165253010599358e+00
2.160020544319498192e+00
2.164913089729051610e+00
2.169839422653535355e+00
2.174795715973282917e+00
2.179777750484866772e+00
2.184780881198454150e+00
2.189800001656770245e+00
2.194829506137134345e+00
2.199863249788195141e+00
2.204894506667414600e+00
2.209915925875832077e+00
2.214919485680505229e+00
2.219896445989921308e+00
2.224837299352476983e+00
2.229731720683555629e+00
2.234568516227136925e+00
2.239335572139227626e+00
2.244019803376406053e+00
2.248607103526444551e+00
2.253082296555087183e+00
2.257429091370464214e+00
2.261630040506181771e+00
2.265666504341148801e+00
2.269518622334945057e+00
2.273165293274018950e+00
2.276584166329926440e+00
2.279751645422469331e+00
2.282642909186557212e+00
2.285231949219032721e+00
2.287491629412590211e+00
2.289393769362174424e+00
2.290909254617372603e+00
2.292008176884680726e+00
2.292660006793497018e+00
2.292833801739824651e+00
2.292498451111709024e+00
2.291622959790676539e+00
2.290176771256353216e+00
2.288130129400903545e+00
2.285454478031462511e+00
2.282122894421882542e+00
2.278110553512768366e+00
2.273395214987676383e+00
2.267957726710430943e+00
2.261782533513015725e+00
2.254858180316032357e+00
2.247177796037749253e+00
2.238739544129770831e+00
2.229547024220896567e+00
2.219609609504984427e+00
2.208942704497487863e+00
2.197567909646457096e+00
2.185513079665028169e+00
2.172812267206783776e+00
2.159505544846984204e+00
2.145638703366037792e+00
2.131262828548346366e+00
2.116433762870201907e+00
2.101211462361496807e+00
2.085659265271390339e+00
2.069843089190238405e+00
2.053830579160953906e+00
2.037690229322745683e+00
2.021490501776178395e+00
2.005298966132772698e+00
1.989181481713199418e+00
1.973201441715142890e+00
1.957419096044159978e+00
1.941890965655129975e+00
1.926669357359603652e+00
1.911801983888217427e+00
1.897331690545359661e+00
1.883296286039379375e+00
1.869728471839160022e+00
1.856655862499436038e+00
1.844101086891110963e+00
1.832081959451450581e+00
1.820611709705506120e+00
1.809699258322808424e+00
1.799349528112042185e+00
1.789563779100013630e+00
1.780339957876950985e+00
1.771673052239574275e+00
1.763555443746241957e+00
1.755977251717100840e+00
1.748926663655213209e+00
1.742390248089101812e+00
1.736353247047765169e+00
1.730799846168358913e+00
1.725713421418069604e+00
1.721076762019682294e+00
1.716872269692564457e+00
1.713082134984760918e+00
1.709688491568860380e+00
1.706673549768519704e+00
1.704019710755535710e+00
1.701709662974092652e+00
1.699726462257798998e+00
1.698053597209420396e+00
1.696675041669398976e+00
1.695575295193598730e+00
1.694739413561264785e+00
1.694153030127070858e+00
1.693802369528657925e+00
1.693674254759105047e+00
1.693756108406299976e+00
1.694035949561502274e+00
1.694502386311113939e+00
1.695144605363350765e+00
1.695952358940724602e+00
1.696915949635233511e+00
1.698026213764640469e+00
1.699274503481166709e+00
1.700652668211221075e+00
1.702153035447100393e+00
1.703768391439848262e+00
1.705491961775493115e+00
1.707317392139829026e+00
1.709238729351900243e+00
1.711250402818054628e+00
1.713347206511567800e+00
1.715524281506849436e+00
1.717777099124640161e+00
1.720101444841666272e+00
1.722493402816131169e+00
1.724949341205053388e+00
1.727465898111531395e+00
1.730039968438984221e+00
1.732668691320533805e+00
1.735349438397516764e+00
1.738079802744903146e+00
1.740857588536511180e+00
1.743680801366043420e+00
1.746547639327377555e+00
1.749456484630660391e+00
1.752405895991512974e+00
1.755394601547332956e+00
1.758421492453597246e+00
1.761485616968054613e+00
1.764586175267909507e+00
1.767722514696666414e+00
1.770894125614184800e+00
1.774100637806508063e+00
1.777341817369066268e+00
1.780617564193343716e+00
1.783927909893993968e+00
1.787273016291083705e+00
1.790653174412749848e+00
1.794068803953564606e+00
1.797520453338826041e+00
1.801008800239890517e+00
1.804534652590009225e+00
1.808098950271585847e+00
1.811702767171775141e+00
1.815347313981183985e+00
1.819033941447194325e+00
1.822764144321459279e+00
1.826539565859101710e+00
1.830362003092450340e+00
1.834233412698097920e+00
1.838155917646399518e+00
1.842131814662485878e+00
1.846163582427071681e+00
1.850253890768530418e+00
1.854405610677710925e+00
1.858621825418147022e+00
1.862905842640594001e+00
1.867261207719567162e+00
1.871691718231118795e+00
1.876201439855366138e+00
1.880794723646505462e+00
1.885476224874475415e+00
1.890250923469497524e+00
1.895124146337453519e+00
1.900101591515745980e+00
1.905189354448653782e+00
1.910393956459733422e+00
1.915722375619664408e+00
1.921182080202568754e+00
1.926781064832067569e+00
1.932527889651900699e+00
1.938431722439663885e+00
1.944502384271499018e+00
1.950750398418847675e+00
1.957187043089223311e+00
1.963824407804471539e+00
1.970675453779179520e+00
1.977754078196712895e+00
1.985075182393438720e+00
1.992654743853720989e+00
2.000509891783892158e+00
2.008658985676798903e+00
2.017121696405750342e+00
2.025919088631457310e+00
2.035073703287830771e+00
2.044609638153217279e+00
2.054552623935685052e+00
2.064930092506119585e+00
2.075771232676016709e+00
2.087107027939652859e+00
2.098970268423262731e+00
2.111395527723316956e+00
2.124419092489464145e+00
2.138078829584533214e+00
2.152413971914920676e+00
2.167464799656608765e+00
2.183272188172128647e+00
2.199876988165716085e+00
2.217319196704525375e+00
2.235636870641532603e+00
2.254864726605331882e+00
2.275032365157031222e+00
2.296162051585656450e+00
2.318265984541837632e+00
2.341342988254833557e+00
2.365374577923414989e+00
2.390320375420359245e+00
2.416112899143441073e+00
2.442651823436976954e+00
2.469797903727434907e+00
2.497366899538941531e+00
2.525123992694862540e+00
2.552779387646984866e+00
2.579985968323506462e+00
2.606340036773523217e+00
2.631386215389422745e+00
2.654627494130920251e+00
2.675541080425375640e+00
2.693600121190576235e+00
2.708300533851502045e+00
2.719191190412712178e+00
2.725904736303081499e+00
2.728185633379947905e+00
2.725911838860298086e+00
2.719107028351583910e+00
2.707941428190200117e+00
2.692720936401007847e+00
2.673865926629966250e+00
2.651882551050960934e+00
2.627330182677259707e+00
2.600788742713550317e+00
2.572829120459897645e+00
2.543988936356044839e+00
2.514754795107045027e+00
2.485551167353963642e+00
2.456735273561089894e+00
2.428596886888014783e+00
2.401361784350944273e+00
2.375197610478998911e+00
2.350221079408197689e+00
2.326505667701350699e+00
2.304089184693371095e+00
2.282980819626844848e+00
2.263167435808060457e+00
2.244619012504596611e+00
2.227293224896478741e+00
2.211139209606769906e+00
2.196100595515754872e+00
2.182117894705842165e+00
2.169130350067999480e+00
2.157077331992728109e+00
2.145899367456747253e+00
2.135538874462520997e+00
2.125940663609125370e+00
2.117052258658106201e+00
2.108824078161547266e+00
2.101209512519666145e+00
2.094164923519208354e+00
2.087649587985009436e+00
2.081625602174062450e+00
2.076057759927295354e+00
2.070913414355552540e+00
2.066162330506981615e+00
2.061776534508664049e+00
2.057730163203945750e+00
2.053999317098316180e+00
2.050561918583097665e+00
2.047397576809873776e+00
2.044487459812283525e+00
2.041814174514938074e+00
2.039361654502919396e+00
2.037115055734548985e+00
2.035060659755672408e+00
2.033185784266401619e+00
2.031478700595283460e+00
2.029928557729103300e+00
2.028525312443698603e+00
2.027259665105908049e+00
2.026123000793360607e+00
2.025107335293037991e+00
2.024205265550840682e+00
2.023409924338990251e+00
2.022714938680099994e+00
2.022114391765867492e+00
2.021602788040149257e+00
2.021175021318670773e+00
2.020826345424137749e+00
2.020552347407184257e+00
2.020348922915625511e+00
2.020212253691221704e+00
2.020138786815341092e+00
2.020125215814837283e+00
2.020168463173256157e+00
2.020265664442743692e+00
2.020414153505450283e+00
2.020611449105071955e+00
2.020855242520769757e+00
2.021143386115513252e+00
2.021473882991268400e+00
2.021844877294364462e+00
2.022254645446858845e+00
2.022701588012014717e+00
2.023184222269433175e+00
2.023701175317057732e+00
2.024251177872133045e+00
2.024833058417024656e+00
2.025445737948619040e+00
2.026088225138632737e+00
2.026759611853677256e+00
2.027459069124571744e+00
2.028185843449928250e+00
2.028939253398178266e+00
2.029718686550307183e+00
2.030523596732758840e+00
2.031353501506585335e+00
2.032207979902162620e+00
2.033086670453530420e+00
2.033989269385534371e+00
2.034915529051401606e+00
2.035865256625136510e+00
2.036838312871025458e+00
2.037834611262157924e+00
2.038854117159745627e+00
2.039896847207498531e+00
2.040962868914693917e+00
2.042052300430206024e+00
2.043165310398103340e+00
2.044302118092816922e+00
2.045462993610866587e+00
2.046648258308159107e+00
2.047858285359040575e+00
2.049093500475437146e+00
2.050354382812447529e+00
2.051641466039539452e+00
2.052955339500057264e+00
2.054296649753296844e+00
2.055666102034189979e+00
2.057064462005401495e+00
2.058492557783410337e+00
2.059951281976912352e+00
2.061441594040260838e+00
2.062964522783400589e+00
2.064521169031338310e+00
2.066112708599645131e+00
2.067740395359037642e+00
2.069405564541370701e+00
2.071109636311061486e+00
2.072854119416645879e+00
2.074640615193919846e+00
2.076470821593306759e+00
2.078346537524810245e+00
2.080269667286499757e+00
2.082242225147620474e+00
2.084266340022897790e+00
2.086344260238729209e+00
2.088478358246820932e+00
2.090671135306069850e+00
2.092925225980623694e+00
2.095243402341699479e+00
2.097628577779062642e+00
2.100083810115087601e+00
2.102612303950663897e+00
2.105217411804999550e+00
2.107902633798507175e+00
2.110671615411255697e+00
2.113528142703063661e+00
2.116476134483849414e+00
2.119519630498492013e+00
2.122662774656029594e+00
2.125909792168193313e+00
2.129264959008967395e+00
2.132732562046475877e+00
2.136316847511762873e+00
2.140021955369820539e+00
2.143851836369712771e+00
2.147810147833858263e+00
2.151900124075232235e+00
2.156124415704288033e+00
2.160484891781039085e+00
2.164982397420382121e+00
2.169616458367515044e+00
2.174384923065202813e+00
2.179283531436988497e+00
2.184305398919752950e+00
2.189440403824772119e+00
2.194674466202142682e+00
2.199988708242992086e+00
2.205358489234095387e+00
2.210752314324369472e+00
2.216130626018459004e+00
2.221444502104450436e+00
2.226634304751445192e+00
2.231628354633518718e+00
2.236341740944815193e+00
2.240675424365948576e+00
2.244515841385631205e+00
2.247735271278190616e+00
2.250193269571969967e+00
2.251739490977610281e+00
2.252218197672717359e+00
2.251474654027314060e+00
2.249363425792067162e+00
2.245758321730368046e+00
2.240563357222592700e+00
2.233723732856494504e+00
2.225235494742614062e+00
2.215152388610214462e+00
2.203588538052873247e+00
2.190716016427318280e+00
2.176757100481911955e+00
2.161971848723843070e+00
2.146642432808139489e+00
2.131056160324394266e+00
2.115489238477902489e+00
2.100193034385621438e+00
2.085384002510511259e+00
2.071237748443976567e+00
2.057887053599137150e+00
2.045423217808977956e+00
2.033899830547369447e+00
2.023338037152520030e+00
2.013732469428136884e+00
2.005057190009100321e+00
1.997271203600028633e+00
1.990323274138703358e+00
1.984155935375936597e+00
1.978708689296519774e+00
1.973920453320958668e+00
1.969731352984714245e+00
1.966083969962692191e+00
1.962924153822248163e+00
1.960201495884679623e+00
1.957869549605123494e+00
1.955885867389267840e+00
1.954211909260929581e+00
1.952812866673160119e+00
1.951657433863561719e+00
1.950717550887425933e+00
1.949968135441289885e+00
1.949386815530452566e+00
1.948953670899444157e+00
1.948650988294120756e+00
1.948463033523181398e+00
1.948375841552010934e+00
1.948377025229268700e+00
1.948455601937213011e+00
1.948601837606209752e+00
1.948807106889055119e+00
1.949063768244920114e+00
1.949365052663777131e+00
1.949704964783763428e+00
1.950078195127282310e+00
1.950480042298116112e+00
1.950906344124780922e+00
1.951353416678774710e+00
1.951818000417877563e+00
1.952297212421198358e+00
1.952788504218169852e+00
1.953289624838752792e+00
1.953798587061069236e+00
1.954313639037638106e+00
1.954833238006405960e+00
1.955356027561909071e+00
1.955880817373645941e+00
1.956406565243950624e+00
1.956932361184866576e+00
1.957457413301383786e+00
1.957981035266400660e+00
1.958502635222460819e+00
1.959021705875213071e+00
1.959537815762110391e+00
1.960050601389171199e+00
1.960559760357448500e+00
1.961065045192656342e+00
1.961566257854875817e+00
1.962063244846679044e+00
1.962555892902152932e+00
1.963044125144091767e+00
1.963527897655762855e+00
1.964007196429054414e+00
1.964482034687349499e+00
1.964952450505909054e+00
1.965418504673126288e+00
1.965880278883764598e+00
1.966337874028883270e+00
1.966791408823775900e+00
1.967241018534435559e+00
1.967686853874263120e+00
1.968129080095404104e+00
1.968567876163829222e+00
1.969003434105575545e+00
1.969435958459842206e+00
1.969865665783828268e+00
1.970292784362935645e+00
1.970717553931603971e+00
1.971140225465947804e+00
1.971561061170203244e+00
1.971980334406827629e+00
1.972398329815679086e+00
1.972815343417360312e+00
1.973231682842048196e+00
1.973647667624078395e+00
1.974063629556565891e+00
1.974479913094473682e+00
1.974896875866076762e+00
1.975314889246575945e+00
1.975734338961839143e+00
1.976155625921716785e+00
1.976579166789968367e+00
1.977005395092447992e+00
1.977434762051074157e+00
1.977867737666786363e+00
1.978304811861397061e+00
1.978746495732873534e+00
1.979193322917659481e+00
1.979645851037161508e+00
1.980104663323299929e+00
1.980570370310542394e+00
1.981043611741652999e+00
1.981525058573835540e+00
1.982015415141898496e+00
1.982515421586891424e+00
1.983025856343038296e+00
1.983547538951021316e+00
1.984081333020670579e+00
1.984628149499048755e+00
1.985188950109792794e+00
1.985764751192328426e+00
1.986356627723868895e+00
1.986965717774478168e+00
1.987593227257650641e+00
1.988240435063512113e+00
1.988908698527768637e+00
1.989599459660468250e+00
1.990314251268080481e+00
1.991054704077281468e+00
1.991822554101181586e+00
1.992619650550392141e+00
1.993447964430756780e+00
1.994309597450266258e+00
1.995206791699111415e+00
1.996141939621509431e+00
1.997117594673558871e+00
1.998136482104527101e+00
1.999201510224227540e+00
2.000315781549347527e+00
2.001482603871614696e+00
2.002705500704133446e+00
2.003988220701621081e+00
2.005334745261158957e+00
2.006749293627672515e+00
2.008236324016113628e+00
2.009800529300177718e+00
2.011446825328455201e+00
2.013180328707851796e+00
2.015006320935616380e+00
2.016930193908165414e+00
2.018957370906098170e+00
2.021093195382667407e+00
2.023342777564686834e+00
2.025710786522306073e+00
2.028201171789782542e+00
2.030816795212375236e+00
2.033558949390137371e+00
2.036426733940225553e+00
2.039416257412553612e+00
2.042519628322626790e+00
2.045723698862339290e+00
2.049008528842577448e+00
2.052345551149333591e+00
2.055695448052883290e+00
2.059005797363137713e+00
2.062208627946774619e+00
2.065218141693731191e+00
2.067929017452857288e+00
2.070215901297759231e+00
2.071934871995246397e+00
2.072927784455700806e+00
2.073030326306699145e+00
2.072084246420350606e+00
2.069953425584769580e+00
2.066542284972809895e+00
2.061813706907942301e+00
2.055802672131831432e+00
2.048621788403315769e+00
2.040456184519523930e+00
2.031547696060320707e+00
2.022171064999820356e+00
2.012606907995046157e+00
2.003116677684940061e+00
1.993923701131682380e+00
1.985202273910871673e+00
1.977074644901377631e+00
1.969614224161321703e+00
1.962852723669510357e+00
1.956789047490081535e+00
1.951398264510617819e+00
1.946639624502820132e+00
1.942463126343245694e+00
1.938814536389486642e+00
1.935638986451162058e+00
1.932883387822628807e+00
1.930497923012897799e+00
1.928436858028132805e+00
1.926658877654352064e+00
1.925127103036781362e+00
1.923808909829553215e+00
1.922675631449597855e+00
1.921702205734873159e+00
1.920866803493392450e+00
1.920150463014097530e+00
1.919536745089584828e+00
1.919011416012983640e+00
1.918562161731091065e+00
1.918178333706105132e+00
1.917850724991769340e+00
1.917571374597625056e+00
1.917333397257841021e+00
1.917130836063397403e+00
1.916958535111090267e+00
1.916812029811657325e+00
1.916687452341276465e+00
1.916581450372476514e+00
1.916491117175160852e+00
1.916413931449589825e+00
1.916347705660448320e+00
1.916290541450898832e+00
1.916240791363481355e+00
1.916197025717919500e+00
1.916158004156986117e+00
1.916122650993152821e+00
1.916090033927206226e+00
1.916059345625871657e+00
1.916029887747954019e+00
1.916001057133835506e+00
1.915972333734742961e+00
1.915943270221254879e+00
1.915913482843991433e+00
1.915882643518987072e+00
1.915850472941071247e+00
1.915816734500555896e+00
1.915781229060122381e+00
1.915743790302075755e+00
1.915704280700775364e+00
1.915662587995495159e+00
1.915618622019849893e+00
1.915572312058971827e+00
1.915523604381877742e+00
1.915472460148596401e+00
1.915418853561314583e+00
1.915362770229900757e+00
1.915304205702368812e+00
1.915243164220468808e+00
1.915179657574271888e+00
1.915113704151271801e+00
1.915045328003630809e+00
1.914974558112111369e+00
1.914901427704070791e+00
1.914825973632579226e+00
1.914748235852253622e+00
1.914668256948840908e+00
1.914586081711939558e+00
1.914501756791558540e+00
1.914415330329450882e+00
1.914326851723556766e+00
1.914236371324478769e+00
1.914143940266352040e+00
1.914049610210331709e+00
1.913953433224472089e+00
1.913855461581862816e+00
1.913755747684203312e+00
1.913654343878408826e+00
1.913551302422423328e+00
1.913446675328708935e+00
1.913340514343911059e+00
1.913232870841518718e+00
1.913123795788201464e+00
1.913013339674414892e+00
1.912901552499855606e+00
1.912788483692148045e+00
1.912674182117095611e+00
1.912558696021251725e+00
1.912442073074871463e+00
1.912324360237103837e+00
1.912205603858754932e+00
1.912085849625904332e+00
1.911965142519600258e+00
1.911843526872419874e+00
1.911721046321122275e+00
1.911597743820286688e+00
1.911473661651682532e+00
1.911348841408703647e+00
1.911223323997720769e+00
1.911097149669150896e+00
1.910970357993838853e+00
1.910842987882193977e+00
1.910715077602290535e+00
1.910586664751872998e+00
1.910457786292366178e+00
1.910328478574917943e+00
1.910198777285293525e+00
1.910068717597328547e+00
1.909938333926551435e+00
1.909807660194497103e+00
1.909676729717302290e+00
1.909545575233273951e+00
1.909414228901278099e+00
1.909282722341825389e+00
1.909151086614822468e+00
