2.446210374129814902e+00
2.444381349548585103e+00
2.451776667635837459e+00
2.469260927213090540e+00
2.498880878666987382e+00
2.544104900106192169e+00
2.610059510481287148e+00
2.703328898333776209e+00
2.830013230256437140e+00
2.989106424080061775e+00
3.158244706027608206e+00
3.281084962599396970e+00
3.291436580464601303e+00
3.177586801212434420e+00
2.994987392206067689e+00
2.806165468208384972e+00
2.642716302870640632e+00
2.511254566827138213e+00
2.408196094453898262e+00
2.328032181807978329e+00
2.266288205529304101e+00
2.220232405787662788e+00
2.188920297884633381e+00
2.173129959299923808e+00
2.175243946788483207e+00
2.198780519945824352e+00
2.246862524456477495e+00
2.318712327383936067e+00
2.404625732062895427e+00
2.484110532295297435e+00
2.533890150837793342e+00
2.542083638557953940e+00
2.513497631759753936e+00
2.461975103171650581e+00
2.400905450836978705e+00
2.339277956260469526e+00
2.282006304726548862e+00
2.231490878830164171e+00
2.188982553049727553e+00
2.155511008799563921e+00
2.132527683399224827e+00
2.122433822016659200e+00
2.129046800525022043e+00
2.157756780868794966e+00
2.214393517701163105e+00
2.300668253671101393e+00
2.404950424862929648e+00
2.496583543277144379e+00
2.541926845638765808e+00
2.533178803939451829e+00
2.490164929449666165e+00
2.438151061500948735e+00
2.394421602244032776e+00
2.368688095816273709e+00
2.367407270264580532e+00
2.396533102304448271e+00
2.460056243478875970e+00
2.549475225202582518e+00
2.623979068282927152e+00
2.619648400302965641e+00
2.522926501728821602e+00
2.388734864626648857e+00
2.266474843643389914e+00
2.171214598663162132e+00
2.100486649738350753e+00
2.048138035844956129e+00
2.008864434181224290e+00
1.978870950649922245e+00
1.955578473200945577e+00
1.937248970698796313e+00
1.922707042174291114e+00
1.911161603319332380e+00
1.902105280381235497e+00
1.895278314048127966e+00
1.890703775224158889e+00
1.888833541284153927e+00
1.890898694598711183e+00
1.899597646730911693e+00
1.919864579980214758e+00
1.956697845635196886e+00
2.002230866352616712e+00
2.028379862440925052e+00
2.024887530621420684e+00
2.008773610671145349e+00
1.992985203331866684e+00
1.981036150225983450e+00
1.972812403270933768e+00
1.967486855275472291e+00
1.964299968280666553e+00
1.962680093833186534e+00
1.962215606894653241e+00
1.962609870177560056e+00
1.963645414031600200e+00
1.965159086864878279e+00
1.967025454693690500e+00
1.969145770838147902e+00
1.971440592468855391e+00
1.973844776026535852e+00
1.976304036056773183e+00
1.978772543728440914e+00
1.981211226685376969e+00
1.983586548116738735e+00
1.985869617713039270e+00
1.988035534913792812e+00
1.990062896290631489e+00
1.991933419590993459e+00
1.993631651105560731e+00
1.995144732471489046e+00
1.996462209825909717e+00
1.997575872752514359e+00
1.998479614038165542e+00
1.999169303510885509e+00
1.999642671188142540e+00
1.999899196193706485e+00
1.999939999080722286e+00
1.999767735811438074e+00
1.999386492259840553e+00
1.998801678789555059e+00
1.998019924428298122e+00
1.997048970827657088e+00
1.995897565998509426e+00
1.994575358379026442e+00
1.993092791550183707e+00
1.991460999986789604e+00
1.989691706716148589e+00
1.987797123030736968e+00
1.985789851045053345e+00
1.983682789444756622e+00
1.981489042953088253e+00
1.979221835878973490e+00
1.976894430072339892e+00
1.974520047612225548e+00
1.972111798404754257e+00
1.969682612751507023e+00
1.967245179273455546e+00
1.964811887842105476e+00
1.962394777763452280e+00
1.960005491091356022e+00
1.957655230814238978e+00
1.955354724089376051e+00
1.953114189938225165e+00
1.950943311517114198e+00
1.948851212654175269e+00
1.946846438283703407e+00
1.944936938734340037e+00
1.943130057464878213e+00
1.941432522064507227e+00
1.939850438275951161e+00
1.938389286737282058e+00
1.937053922277616858e+00
1.935848575478567035e+00
1.934776856382023347e+00
1.933841760001570709e+00
1.933045673656165864e+00
1.932390385747180472e+00
1.931877096000668148e+00
1.931506426933714549e+00
1.931278436522965380e+00
1.931192631847200802e+00
1.931247983754077469e+00
1.931442942382275207e+00
1.931775453498330020e+00
1.932242975665131368e+00
1.932842498089770933e+00
1.933570559199067507e+00
1.934423265918641777e+00
1.935396313612374186e+00
1.936485006684607546e+00
1.937684279827861289e+00
1.938988719914169545e+00
1.940392588549942676e+00
1.941889845237253720e+00
1.943474171193721567e+00
1.945138993748672052e+00
1.946877511389697890e+00
1.948682719328668211e+00
1.950547435653638306e+00
1.952464328018855388e+00
1.954425940738393264e+00
1.956424722349810352e+00
1.958453053545504918e+00
1.960503275345075069e+00
1.962567717527286204e+00
1.964638727160573417e+00
1.966708697154927687e+00
1.968770094779448643e+00
1.970815489915342722e+00
1.972837583062348132e+00
1.974829232891744057e+00
1.976783483219943793e+00
1.978693589300895228e+00
1.980553043282918368e+00
1.982355598644458539e+00
1.984095293752347500e+00
1.985766473673903798e+00
1.987363811263662017e+00
1.988882326300829506e+00
1.990317403186985468e+00
1.991664806932997189e+00
1.992920697278110831e+00
1.994081641007015682e+00
1.995144622200604401e+00
1.996107050515512515e+00
1.996966767415395472e+00
1.997722050226370616e+00
1.998371614177764100e+00
1.998914612220048737e+00
1.999350632872887390e+00
1.999679695924770684e+00
1.999902246140693896e+00
2.000019145102568618e+00
2.000031661032021901e+00
1.999941457007000878e+00
1.999750577373345939e+00
1.999461432674245698e+00
1.999076783090762532e+00
1.998599720625537035e+00
1.998033650025965446e+00
1.997382268788418402e+00
1.996649546190581770e+00
1.995839701571417768e+00
1.994957182064055701e+00
1.994006639827614391e+00
1.992992909005938618e+00
1.991920982420099628e+00
1.990795988303209807e+00
1.989623167075247112e+00
1.988407848287299995e+00
1.987155427934206964e+00
1.985871346088143197e+00
1.984561065137413483e+00
1.983230048544970758e+00
1.981883740307655462e+00
1.980527545100052800e+00
1.979166809319951037e+00
1.977806802839319866e+00
1.976452701745208040e+00
1.975109571958888255e+00
1.973782353787270294e+00
1.972475847455257725e+00
1.971194699593280975e+00
1.969943390717285858e+00
1.968726223656459773e+00
1.967547312982124819e+00
1.966410575375658221e+00
1.965319720926337554e+00
1.964278245368660247e+00
1.963289423226325603e+00
1.962356301805573411e+00
1.961481696145034093e+00
1.960668184584568374e+00
1.959918105354303552e+00
1.959233553850998399e+00
1.958616380604286222e+00
1.958068190049572888e+00
1.957590339957685721e+00
1.957183941506687841e+00
1.956849860048031742e+00
1.956588716425718522e+00
1.956400888954044737e+00
1.956286515900714118e+00
1.956245498594310295e+00
1.956277505003495065e+00
1.956381973874200320e+00
1.956558119345812585e+00
1.956804936064575839e+00
1.957121204749607379e+00
1.957505498244247910e+00
1.957956187997035746e+00
1.958471450962720573e+00
1.959049276971585929e+00
1.959687476459394118e+00
1.960383688596304408e+00
1.961135389887935565e+00
1.961939903042162037e+00
1.962794406239469547e+00
1.963695942773758585e+00
1.964641431038387065e+00
1.965627674760127563e+00
1.966651373597718910e+00
1.967709133996966564e+00
1.968797480327444838e+00
1.969912866210211666e+00
1.971051686100531164e+00
1.972210287031913145e+00
1.973384980522749466e+00
1.974572054635027607e+00
1.975767786037863960e+00
1.976968452222161998e+00
1.978170343699340084e+00
1.979369776141457038e+00
1.980563102499877992e+00
1.981746725032497825e+00
1.982917107088583597e+00
1.984070784841890811e+00
1.985204378659496172e+00
1.986314604228456293e+00
1.987398283395918508e+00
1.988452354537664224e+00
1.989473882583029374e+00
1.990460068532220239e+00
1.991408258474461235e+00
1.992315952053435035e+00
1.993180810320746232e+00
1.994000663006825214e+00
1.994773515079860449e+00
1.995497552620298265e+00
1.996171147999053597e+00
1.996792864290646508e+00
1.997361458903570197e+00
1.997875886474451468e+00
1.998335300891747268e+00
1.998739056620797649e+00
1.999086709119298089e+00
1.999378014517366964e+00
1.999612928481273588e+00
1.999791604278115864e+00
1.999914390082377258e+00
1.999981825546836456e+00
1.999994637568332401e+00
1.999953735490623608e+00
1.999860205471657881e+00
1.999715304350710765e+00
1.999520452827836969e+00
1.999277228131508988e+00
1.998987356148624439e+00
1.998652703077395065e+00
1.998275266681799112e+00
1.997857167118826771e+00
1.997400637481146379e+00
1.996908014010110533e+00
1.996381726142302027e+00
1.995824286278432336e+00
1.995238279498749767e+00
1.994626353153918341e+00
1.993991206379709169e+00
1.993335579690468595e+00
1.992662244533485172e+00
1.991973993016914690e+00
1.991273627660808065e+00
1.990563951441740143e+00
1.989847757870940814e+00
1.989127821487874703e+00
1.988406888475581002e+00
1.987687667642544564e+00
1.986972821684688029e+00
1.986264958812477666e+00
1.985566624720829232e+00
1.984880294948223822e+00
1.984208367648699678e+00
1.983553156725594180e+00
1.982916885430203058e+00
1.982301680399129351e+00
1.981709566064465911e+00
1.981142459601481054e+00
1.980602166255746699e+00
1.980090375152909088e+00
1.979608655526413630e+00
1.979158453503559123e+00
1.978741089145926280e+00
1.978357754190484430e+00
1.978009510021804473e+00
1.977697286165263746e+00
1.977421879285060191e+00
1.977183952476142537e+00
1.976984035103964255e+00
1.976822522973551655e+00
1.976699678948118155e+00
1.976615633970608688e+00
1.976570388448292581e+00
1.976563814036270905e+00
1.976595655806105967e+00
1.976665534730164042e+00
1.976772950592882605e+00
1.976917285141037928e+00
1.977097805638696970e+00
1.977313668737598062e+00
1.977563924571805520e+00
1.977847521267149355e+00
1.978163309577382734e+00
1.978510047942951600e+00
1.978886407631853306e+00
1.979290978273059443e+00
1.979722273478481398e+00
1.980178736705209497e+00
1.980658747358295724e+00
1.981160626941064207e+00
1.981682645456141589e+00
1.982223027860732456e+00
1.982779960668848540e+00
1.983351598591727827e+00
1.983936071311333205e+00
1.984531490200164283e+00
1.985135955143624287e+00
1.985747561307669384e+00
1.986364405887517837e+00
1.986984594793019587e+00
1.987606249319660900e+00
1.988227512584832990e+00
1.988846556014072453e+00
1.989461585530043930e+00
1.990070847629927364e+00
1.990672635296246495e+00
1.991265293631252931e+00
1.991847225304981928e+00
1.992416895660306331e+00
1.992972837672879693e+00
1.993513656449527938e+00
1.994038033566738255e+00
1.994544730920821740e+00
1.995032594350336863e+00
1.995500556843205819e+00
1.995947641344326451e+00
1.996372963228558728e+00
1.996775732345268839e+00
1.997155254666094004e+00
1.997510933556900126e+00
1.997842270568470413e+00
1.998148865889087356e+00
1.998430418391924590e+00
1.998686725202806436e+00
1.998917680959938936e+00
1.999123276601636023e+00
1.999303597858423709e+00
1.999458823279725239e+00
1.999589221992170485e+00
1.999695151048179076e+00
1.999777052473037608e+00
1.999835450021086425e+00
1.999870945601659233e+00
1.999884215491610773e+00
1.999876006213735291e+00
1.999847130267843109e+00
1.999798461659281656e+00
1.999730931155516034e+00
1.999645521489912703e+00
1.999543262382645681e+00
1.999425225455084831e+00
1.999292519098524457e+00
1.999146283202607899e+00
1.998987683956924277e+00
1.998817908545108546e+00
1.998638159930602676e+00
1.998449651616750922e+00
1.998253602473048174e+00
1.998051231706185815e+00
1.997843753832975411e+00
1.997632373842039621e+00
1.997418282447229965e+00
1.997202651538405149e+00
1.996986629789612833e+00
1.996771338400361140e+00
1.996557867110154927e+00
1.996347270419371878e+00
1.996140563922580435e+00
1.995938721083969636e+00
1.995742670024158949e+00
1.995553290723284245e+00
1.995371412416721002e+00
1.995197811246235631e+00
1.995033208228007338e+00
1.994878267397717009e+00
1.994733594316450587e+00
1.994599734845361683e+00
1.994477174101742634e+00
1.994366335790948241e+00
1.994267581769225695e+00
1.994181211817809718e+00
1.994107463759774879e+00
1.994046513809742072e+00
1.993998477138855252e+00
1.993963408706749041e+00
1.993941304326978248e+00
1.993932101988350469e+00
1.993935683315994023e+00
1.993951875318946909e+00
1.993980452314357610e+00
1.994021138002871618e+00
1.994073607763392708e+00
1.994137491101666493e+00
1.994212374215108108e+00
1.994297802726866964e+00
1.994393284571350788e+00
1.994498292895609870e+00
1.994612269168986041e+00
1.994734626311586378e+00
1.994864751892454269e+00
1.995002011377263296e+00
1.995145751478485385e+00
1.995295303408199716e+00
1.995449986282497035e+00
1.995609110386482143e+00
1.995771980521402478e+00
1.995937899269092375e+00
1.996106170196304541e+00
1.996276101046160489e+00
1.996447006796870260e+00
1.996618212689203142e+00
1.996789057111044707e+00
1.996958894363744408e+00
1.997127097357320524e+00
1.997293060136999809e+00
1.997456200252654801e+00
1.997615960985097194e+00
1.997771813434042754e+00
1.997923258423538906e+00
1.998069828201876064e+00
1.998211088039002492e+00
1.998346637515132862e+00
1.998476111770375319e+00
1.998599182415251585e+00
1.998715558385155688e+00
1.998824986452353292e+00
1.998927251706338337e+00
1.999022177695170877e+00
1.999109626474670165e+00
1.999189498414446486e+00
1.999261731858429592e+00
1.999326302567382196e+00
1.999383223025024581e+00
1.999432541549268860e+00
1.999474341251634923e+00
1.999508738878830183e+00
1.999535883438294803e+00
1.999555954778616362e+00
1.999569161966717301e+00
1.999575741607676260e+00
1.999575956030660073e+00
1.999570091399208716e+00
1.999558455745108487e+00
1.999541376890896061e+00
1.999519200410382780e+00
1.999492287430681303e+00
1.999461012457784737e+00
1.999425761222132669e+00
1.999386928403662722e+00
1.999344915479552620e+00
1.999300128512272678e+00
1.999252975947065636e+00
1.999203866521872985e+00
1.999153207160135226e+00
1.999101400911068138e+00
1.999048844984154139e+00
1.998995928899834240e+00
1.998943032575401846e+00
1.998890524673619939e+00
1.998838760912243329e+00
1.998788082561215873e+00
1.998738815008766601e+00
1.998691266444285075e+00
1.998645726642832354e+00
1.998602465928763561e+00
1.998561734184569616e+00
1.998523760050805009e+00
1.998488750223214483e+00
1.998456888846878110e+00
1.998428337148440148e+00
1.998403233073932528e+00
1.998381691114482051e+00
1.998363802276817980e+00
1.998349634132907893e+00
1.998339230988241733e+00
1.998332614252279038e+00
1.998329782799696863e+00
1.998330713566039085e+00
1.998335362113322189e+00
1.998343663451042751e+00
1.998355532796994183e+00
1.998370866575236660e+00
1.998389543330197693e+00
1.998411424899313005e+00
1.998436357473911018e+00
1.998464172863570143e+00
1.998494689735040408e+00
1.998527714942043731e+00
1.998563044815995449e+00
1.998600466582452162e+00
1.998639759768408242e+00
1.998680697547991381e+00
1.998723048230496735e+00
1.998766576638617787e+00
1.998811045509843121e+00
1.998856216900556371e+00
1.998901853542625506e+00
1.998947720195046296e+00
1.998993584909073418e+00
1.999039220320199428e+00
1.999084404825466343e+00
1.999128923739780905e+00
1.999172570391819059e+00
1.999215147135561255e+00
1.999256466298090507e+00
1.999296351071819799e+00
1.999334636294193723e+00
1.999371169181992647e+00
1.999405809958627378e+00
1.999438432403642052e+00
1.999468924297299166e+00
1.999497187826746236e+00
1.999523139829825213e+00
1.999546712020650263e+00
1.999567851074282254e+00
1.999586518652264777e+00
1.999602691337174054e+00
1.999616360477251442e+00
1.999627531937471447e+00
1.999636225816130208e+00
1.999642476022137183e+00
1.999646329810095047e+00
1.999647847305691117e+00
1.999647100844342384e+00
1.999644174337303015e+00
1.999639162560251870e+00
1.999632170431697942e+00
1.999623312127011499e+00
1.999612710318578790e+00
1.999600495246137477e+00
1.999586803831383319e+00
1.999571778742645245e+00
1.999555567463964900e+00
1.999538321329560109e+00
1.999520194563927822e+00
1.999501343320963409e+00
1.999481924730651006e+00
1.999462096058318927e+00
1.999442013500575044e+00
1.999421831632645974e+00
1.999401702299646422e+00
1.999381773870326562e+00
1.999362190377357296e+00
1.999343090794776012e+00
1.999324608289239968e+00
1.999306869551788823e+00
1.999289994149427763e+00
1.999274093985795808e+00
1.999259272753807215e+00
1.999245625484362687e+00
1.999233238212614339e+00
1.999222187440852005e+00
1.999212540092416557e+00
1.999204353151400548e+00
1.999197673535977993e+00
1.999192538059931579e+00
1.999188973306747830e+00
1.999186995737832095e+00
1.999186611744727893e+00
1.999187817808583345e+00
1.999190600687788422e+00
1.999194937695465857e+00
1.999200797015952435e+00
1.999208138021048464e+00
1.999216911720780754e+00
1.999227061186289012e+00
1.999238522063480294e+00
1.999251223051180748e+00
1.999265086493484889e+00
1.999280028976771373e+00
1.999295961888708506e+00
1.999312792099233738e+00
1.999330422586702793e+00
1.999348753081440888e+00
1.999367680791524160e+00
1.999387100992725097e+00
1.999406907773895625e+00
1.999426994643318078e+00
1.999447255273523627e+00
1.999467584052490476e+00
1.999487876789088681e+00
1.999508031298273147e+00
1.999527947995656030e+00
1.999547530467927992e+00
1.999566686015792571e+00
1.999585326140186581e+00
1.999603367035982737e+00
1.999620730036997474e+00
1.999637341966931325e+00
1.999653135536642035e+00
1.999668049661535996e+00
1.999682029696540742e+00
1.999695027707488526e+00
1.999707002596669891e+00
1.999717920295135842e+00
1.999727753830387478e+00
1.999736483362639206e+00
1.999744096217111577e+00
1.999750586774305727e+00
1.999755956464986495e+00
1.999760213566895928e+00
1.999763373095045704e+00
1.999765456519931650e+00
1.999766491620851294e+00
1.999766512095017656e+00
1.999765557311386388e+00
1.999763671948185495e+00
1.999760905598884309e+00
1.999757312426815981e+00
1.999752950658023831e+00
1.999747882223513074e+00
1.999742172255987827e+00
1.999735888639101455e+00
1.999729101548253452e+00
1.999721882889523350e+00
1.999714305870476716e+00
1.999706444533299488e+00
1.999698373204318091e+00
1.999690166028753824e+00
1.999681896531648073e+00
1.999673637098537737e+00
1.999665458609600766e+00
1.999657429907796935e+00
1.999649617443644445e+00
1.999642084900309591e+00
1.999634892792500951e+00
1.999628098126490006e+00
1.999621754104839777e+00
1.999615909831780947e+00
1.999610610056692162e+00
1.999605894963258912e+00
1.999601799962181126e+00
1.999598355552243412e+00
1.999595587179726186e+00
1.999593515169238556e+00
1.999592154668617283e+00
1.999591515620317894e+00
1.999591602753779007e+00
1.999592415693163039e+00
1.999593948983919844e+00
1.999596192223650482e+00
1.999599130218019605e+00
1.999602743123480852e+00
1.999607006684210653e+00
1.999611892408443392e+00
1.999617367877751573e+00
1.999623396986117907e+00
1.999629940203600187e+00
1.999636954978592174e+00
1.999644395960008980e+00
1.999652215388274090e+00
1.999660363495993742e+00
1.999668788756211013e+00
1.999677438362615023e+00
1.999686258523468707e+00
1.999695194882901150e+00
1.999704192859131924e+00
1.999713198029979599e+00
1.999722156533439321e+00
1.999731015341402740e+00
1.999739722676876497e+00
1.999748228341833745e+00
1.999756483962619624e+00
1.999764443389196567e+00
1.999772062945314399e+00
1.999779301672681253e+00
1.999786121582193488e+00
1.999792487903489180e+00
1.999798369265889386e+00
1.999803737850900376e+00
1.999808569597724794e+00
1.999812844242097487e+00
1.999816545487360875e+00
1.999819661030403095e+00
1.999822182613828936e+00
1.999824106037684901e+00
1.999825431151951882e+00
1.999826161802594315e+00
1.999826305763049428e+00
1.999825874676486981e+00
1.999824883892045158e+00
1.999823352340819316e+00
1.999821302367076337e+00
1.999818759678411828e+00
1.999815752790839785e+00
1.999812313221831062e+00
1.999808474988145068e+00
1.999804274448553132e+00
1.999799750003481202e+00
1.999794941868143772e+00
1.999789891695309851e+00
1.999784642407145263e+00
1.999779237758593675e+00
1.999773722154875477e+00
1.999768140302270014e+00
1.999762536847880856e+00
1.999756956200323010e+00
1.999751442126683321e+00
1.999746037537911247e+00
1.999740784150109141e+00
1.999735722270101990e+00
1.999730890516184578e+00
1.999726325560494455e+00
1.999722061909156468e+00
1.999718131703534185e+00
1.999714564518593640e+00
1.999711387186330347e+00
1.999708623627479254e+00
1.999706294745271729e+00
1.999704418277649109e+00
1.999703008724675657e+00
1.999702077282275559e+00
1.999701631773177057e+00
1.999701676660122995e+00
1.999702213013293095e+00
1.999703238518367732e+00
1.999704747569697849e+00
1.999706731278561245e+00
1.999709177614446443e+00
1.999712071455907125e+00
1.999715394752497266e+00
1.999719126666347213e+00
1.999723243704176534e+00
1.999727720006775789e+00
1.999732527197367160e+00
1.999737635175837136e+00
1.999743011817511684e+00
1.999748623406179648e+00
1.999754434874296605e+00
1.999760410024875590e+00
1.999766511786779999e+00
1.999772702457710549e+00
1.999778943983883339e+00
1.999785198200544345e+00
1.999791427108983610e+00
1.999797593105120397e+00
1.999803659232559871e+00
1.999809589444581537e+00
1.999815348821571304e+00
1.999820903814802264e+00
1.999826222414755827e+00
1.999831274435486250e+00
1.999836031644001144e+00
1.999840467939816735e+00
1.999844559518907827e+00
1.999848285058928310e+00
1.999851625792162801e+00
1.999854565635659442e+00
1.999857091272576159e+00
1.999859192251839612e+00
1.999860861000460455e+00
1.999862092873965880e+00
1.999862886161525521e+00
1.999863242104677363e+00
1.999863164822761163e+00
1.999862661311554435e+00
1.999861741357641387e+00
1.999860417445979976e+00
1.999858704667223375e+00
1.999856620617126879e+00
1.999854185221474623e+00
1.999851420655226475e+00
1.999848351086417120e+00
1.999845002586273290e+00
1.999841402902167831e+00
1.999837581276735721e+00
1.999833568191405231e+00
1.999829395260998011e+00
1.999825094878083798e+00
1.999820700143768448e+00
1.999816244497364393e+00
1.999811761553407896e+00
1.999807284909293825e+00
1.999802847860146171e+00
1.999798483226457702e+00
1.999794223060097353e+00
1.999790098541166961e+00
1.999786139673858765e+00
1.999782375173725368e+00
1.999778832211542623e+00
1.999775536316095836e+00
1.999772511091546745e+00
1.999769778211843096e+00
1.999767357210632479e+00
1.999765265363315114e+00
1.999763517572584970e+00
1.999762126360311365e+00
1.999761101679079722e+00
1.999760450936193257e+00
1.999760178966919266e+00
1.999760287955260285e+00
1.999760777509020926e+00
1.999761644595109633e+00
1.999762883660759938e+00
1.999764486614208581e+00
1.999766442933073929e+00
1.999768739733779110e+00
1.999771361888619481e+00
1.999774292098956519e+00
1.999777511094069871e+00
1.999780997700933982e+00
1.999784729028694752e+00
1.999788680645517847e+00
1.999792826743638008e+00
1.999797140318956501e+00
1.999801593325418070e+00
1.999806156965057591e+00
1.999810801799603688e+00
1.999815497965912625e+00
1.999820215442454696e+00
1.999824924175131802e+00
1.999829594347607431e+00
1.999834196540261511e+00
1.999838701950218178e+00
1.999843082578796727e+00
1.999847311439346909e+00
1.999851362706774660e+00
1.999855211873132532e+00
1.999858836007226692e+00
1.999862213770470909e+00
1.999865325677719019e+00
1.999868154111528629e+00
1.999870683343638156e+00
1.999872900558526068e+00
1.999874793951581076e+00
1.999876354829607239e+00
1.999877576614616626e+00
1.999878455137354294e+00
1.999878988599117058e+00
1.999879177601108449e+00
1.999879025145952394e+00
1.999878536592571754e+00
1.999877719600817505e+00
1.999876584083113196e+00
1.999875142149117213e+00
1.999873407970484074e+00
1.999871397722944533e+00
1.999869129414498570e+00
1.999866622806561134e+00
1.999863899263149891e+00
1.999860981549664185e+00
1.999857893759161342e+00
1.999854661054074167e+00
1.999851309532967747e+00
1.999847866048635403e+00
1.999844358020349544e+00
1.999840813221687164e+00
1.999837259600032224e+00
1.999833725107360349e+00
1.999830237450147541e+00
1.999826823958129607e+00
1.999823511347036620e+00
1.999820325569234836e+00
1.999817291618474657e+00
1.999814433361464472e+00
1.999811773366139134e+00
1.999809332760566383e+00
1.999807131091649870e+00
1.999805186177205707e+00
1.999803513969384383e+00
1.999802128499594822e+00
1.999801041736477991e+00
1.999800263504250220e+00
1.999799801467751159e+00
1.999799660993367922e+00
1.999799845214101257e+00
1.999800354922158574e+00
1.999801188635676352e+00
1.999802342656076037e+00
1.999803810579279917e+00
1.999805584449868334e+00
1.999807653690488740e+00
1.999810005750043640e+00
1.999812626078402822e+00
1.999815498167883732e+00
1.999818603743599432e+00
1.999821922903567195e+00
1.999825434119874901e+00
1.999829114592393431e+00
1.999832940187558084e+00
1.999836885791831165e+00
1.999840925373154388e+00
1.999845032173271253e+00
1.999849178948331474e+00
1.999853338084583543e+00
1.999857481810312532e+00
1.999861582458727360e+00
1.999865612533589632e+00
1.999869545009536509e+00
1.999873353433808676e+00
1.999877012177043056e+00
1.999880496573690936e+00
1.999883783077935018e+00
1.999886849505116082e+00
1.999889675058823757e+00
1.999892240630315676e+00
1.999894528763229262e+00
1.999896523914041158e+00
1.999898212495079486e+00
1.999899582991859770e+00
1.999900626029828654e+00
1.999901334483863202e+00
1.999901703443217826e+00
1.999901730340207129e+00
1.999901414932583110e+00
1.999900759304435560e+00
1.999899767854041110e+00
1.999898447315840544e+00
1.999896806634387181e+00
1.999894856979104851e+00
1.999892611649335405e+00
1.999890085959642461e+00
1.999887297177072254e+00
1.999884264423761993e+00
1.999881008456438680e+00
1.999877551623669092e+00
1.999873917718928418e+00
1.999870131707685461e+00
1.999866219684401925e+00
1.999862208654337392e+00
1.999858126285588567e+00
1.999854000867071990e+00
1.999849860948325952e+00
1.999845735285188830e+00
1.999841652530620628e+00
1.999837641112547360e+00
1.999833729023318352e+00
1.999829943598394388e+00
1.999826311350776598e+00
1.999822857814672838e+00
1.999819607290120427e+00
1.999816582729752046e+00
1.999813805568953384e+00
1.999811295602669015e+00
1.999809070754007490e+00
1.999807147017884867e+00
1.999805538373844227e+00
1.999804256582563555e+00
1.999803311179159326e+00
1.999802709364211895e+00
1.999802455973992865e+00
1.999802553390358728e+00
1.999803001547997949e+00
1.999803797935022276e+00
1.999804937584527043e+00
1.999806413067962030e+00
1.999808214597883937e+00
1.999810330055171281e+00
1.999812745007698567e+00
1.999815442899965268e+00
1.999818405094514251e+00
1.999821610981373121e+00
1.999825038129262378e+00
1.999828662439851135e+00
1.999832458280956571e+00
1.999836398666780646e+00
1.999840455433114172e+00
1.999844599404383638e+00
1.999848800604842491e+00
1.999853028479759320e+00
1.999857252033089727e+00
1.999861440131014634e+00
1.999865561592703900e+00
1.999869585496011348e+00
1.999873481371220230e+00
1.999877219384212257e+00
1.999880770534678165e+00
1.999884106888634383e+00
1.999887201780000234e+00
1.999890029916139067e+00
1.999892567683742461e+00
1.999894793221028033e+00
1.999896686562143033e+00
1.999898229889466972e+00
1.999899407547284458e+00
1.999900206266341796e+00
1.999900615142243598e+00
1.999900625842222501e+00
1.999900232602110473e+00
1.999899432335577876e+00
1.999898224574128358e+00
1.999896611632903110e+00
1.999894598439309945e+00
1.999892192699172178e+00
1.999889404703477425e+00
1.999886247358001912e+00
1.999882736066336042e+00
1.999878888752715911e+00
1.999874725592396318e+00
1.999870269010682433e+00
1.999865543517863165e+00
1.999860575539484042e+00
1.999855393280552951e+00
1.999850026511456269e+00
1.999844506429005131e+00
1.999838865422495671e+00
1.999833136885309948e+00
1.999827354961301928e+00
1.999821554400370571e+00
1.999815770260732206e+00
1.999810037723082967e+00
1.999804391790876101e+00
1.999798867182319251e+00
1.999793497977517598e+00
1.999788317433913276e+00
1.999783357801842465e+00
1.999778650037917105e+00
1.999774223663198347e+00
1.999770106462431585e+00
1.999766324431561992e+00
1.999762901467369680e+00
1.999759859246558191e+00
1.999757217078202087e+00
1.999754991781036884e+00
1.999753197511989544e+00
1.999751845658939819e+00
1.999750944833369681e+00
1.999750500658500130e+00
1.999750515845955201e+00
1.999750990104232962e+00
1.999751920080988121e+00
1.999753299477114776e+00
1.999755118977538437e+00
1.999757366324767860e+00
1.999760026377908062e+00
1.999763081227740047e+00
1.999766510247436901e+00
1.999770290276619233e+00
1.999774395711708674e+00
1.999778798629680443e+00
1.999783469082604626e+00
1.999788375142800723e+00
1.999793483211208089e+00
1.999798758139108124e+00
1.999804163558089432e+00
1.999809661979798703e+00
1.999815215195287488e+00
1.999820784380233585e+00
1.999826330472121771e+00
1.999831814314202649e+00
1.999837196993002220e+00
1.999842440072251204e+00
1.999847505864831732e+00
1.999852357700378169e+00
1.999856960106608517e+00
1.999861279144879544e+00
1.999865282587272253e+00
1.999868940204979628e+00
1.999872223860567955e+00
1.999875107855062728e+00
1.999877569036275338e+00
1.999879586973526191e+00
1.999881144138776046e+00
1.999882226040708089e+00
1.999882821311832037e+00
1.999882921834390315e+00
1.999882522831080145e+00
1.999881622881509280e+00
1.999880223978491189e+00
1.999878331545348997e+00
1.999875954420511359e+00
1.999873104814253510e+00
1.999869798255431652e+00
1.999866053553860823e+00
1.999861892604151814e+00
1.999857340350859491e+00
1.999852424595548461e+00
1.999847175928270104e+00
1.999841627340748662e+00
1.999835814246178067e+00
1.999829774135697624e+00
1.999823546361436888e+00
1.999817171909283431e+00
1.999810693155178898e+00
1.999804153524477268e+00
1.999797597254700632e+00
1.999791069094869700e+00
1.999784614048305098e+00
1.999778276960179735e+00
1.999772102358809089e+00
1.999766134076403690e+00
1.999760414894607319e+00
1.999754986376844679e+00
1.999749888445255364e+00
1.999745159196189448e+00
1.999740834563076275e+00
1.999736948071005216e+00
1.999733530613663657e+00
1.999730610162336220e+00
1.999728211592401550e+00
1.999726356468047639e+00
1.999725062885262750e+00
1.999724345229294098e+00
1.999724214155409241e+00
1.999724676401285928e+00
1.999725734692222145e+00
1.999727387743251983e+00
1.999729630117991430e+00
1.999732452335476030e+00
1.999735840768325001e+00
1.999739777778503313e+00
1.999744241745060158e+00
1.999749207148286523e+00
1.999754644697067985e+00
1.999760521522899293e+00
1.999766801274285521e+00
1.999773444361886865e+00
1.999780408194325343e+00
1.999787647381518152e+00
1.999795114000970653e+00
1.999802757913935469e+00
1.999810527032894081e+00
1.999818367650559425e+00
1.999826224787942808e+00
1.999834042514041954e+00
1.999841764182283432e+00
1.999849333127536433e+00
1.999856692681840853e+00
1.999863786668861554e+00
1.999870559846000262e+00
1.999876958152385198e+00
1.999882929161209466e+00
1.999888422423910850e+00
1.999893389772899654e+00
1.999897785727934085e+00
1.999901567766655841e+00
1.999904696671009674e+00
1.999907136825756382e+00
1.999908856450503869e+00
1.999909827919776895e+00
1.999910027916031563e+00
1.999909437693344838e+00
1.999908043240933075e+00
1.999905835413785304e+00
1.999902810082669680e+00
1.999898968189737447e+00
1.999894315853379512e+00
1.999888864337836747e+00
1.999882630085001223e+00
1.999875634679429082e+00
1.999867904758878767e+00
1.999859471903888908e+00
1.999850372539579313e+00
1.999840647675651395e+00
1.999830342820790863e+00
1.999819507660423934e+00
1.999808195851334514e+00
1.999796464719133082e+00
1.999784374856694358e+00
1.999771989963474494e+00
1.999759376282782330e+00
1.999746602366532899e+00
1.999733738568970187e+00
1.999720856710374361e+00
1.999708029563877831e+00
1.999695330461542131e+00
1.999682832797861964e+00
1.999670609638448449e+00
1.999658733185776693e+00
1.999647274316253887e+00
1.999636302144832234e+00
1.999625883600869125e+00
1.999616082894078550e+00
1.999606961127517790e+00
1.999598575899996789e+00
1.999590980834327070e+00
1.999584225250480962e+00
1.999578353760371296e+00
1.999573405936803994e+00
1.999569416022637602e+00
1.999566412621986533e+00
1.999564418476811101e+00
1.999563450197155534e+00
1.999563518155320851e+00
1.999564626248214516e+00
1.999566771884484950e+00
1.999569945845220520e+00
1.999574132284853922e+00
1.999579308741533668e+00
1.999585446218641316e+00
1.999592509196758572e+00
1.999600455890197415e+00
1.999609238328631022e+00
1.999618802597455947e+00
1.999629089140516625e+00
1.999640033014260299e+00
1.999651564243752677e+00
1.999663608171239781e+00
1.999676085877623688e+00
1.999688914628195535e+00
1.999702008294494515e+00
1.999715277923798329e+00
1.999728632167425246e+00
1.999741977881918764e+00
1.999755220673039346e+00
1.999768265433319536e+00
1.999781016978054105e+00
1.999793380601313508e+00
1.999805262684537732e+00
1.999816571323572267e+00
1.999827216838421018e+00
1.999837112492479418e+00
1.999846174944154509e+00
1.999854324917635040e+00
1.999861487687320416e+00
1.999867593608719352e+00
1.999872578674602108e+00
1.999876384954698771e+00
1.999878961021423818e+00
1.999880262403247233e+00
1.999880251940971743e+00
1.999878900127538106e+00
1.999876185376095128e+00
1.999872094291643476e+00
1.999866621878702677e+00
1.999859771648586859e+00
1.999851555768607847e+00
1.999841995032499709e+00
1.999831119090745624e+00
1.999818965947220528e+00
1.999805582289738926e+00
1.999791023084714681e+00
1.999775351437982129e+00
1.999758638284995449e+00
1.999740962091363983e+00
1.999722408456220624e+00
1.999703069707605252e+00
1.999683044388694597e+00
1.999662436821433742e+00
1.999641356435400308e+00
1.999619917253531387e+00
1.999598237239317067e+00
1.999576437580618427e+00
1.999554642042126629e+00
1.999532976213169277e+00
1.999511566786669858e+00
1.999490540740542777e+00
1.999470024599664164e+00
1.999450143657315992e+00
1.999431021140666509e+00
1.999412777463611679e+00
1.999395529400428861e+00
1.999379389346518376e+00
1.999364464536187436e+00
1.999350856295379453e+00
1.999338659337724922e+00
1.999327961067858261e+00
1.999318840933714148e+00
1.999311369783441483e+00
1.999305609336430312e+00
1.999301611601096651e+00
1.999299418430815933e+00
1.999299061078122941e+00
1.999300559848271153e+00
1.999303923756013290e+00
1.999309150290870196e+00
1.999316225245167944e+00
1.999325122598003324e+00
1.999335804431567443e+00
1.999348221011685744e+00
1.999362310823681321e+00
1.999378000807460420e+00
1.999395206493063348e+00
1.999413832410987579e+00
1.999433772407891441e+00
1.999454910119508044e+00
1.999477119464775354e+00
1.999500265269206656e+00
1.999524203867815819e+00
1.999548783834079968e+00
1.999573846724644666e+00
1.999599227959727221e+00
1.999624757576399237e+00
1.999650261281506136e+00
1.999675561287551862e+00
1.999700477403167698e+00
1.999724827981335551e+00
1.999748431011371341e+00
1.999771105175884189e+00
1.999792670945389039e+00
1.999812951683743734e+00
1.999831774675618457e+00
1.999848972306602857e+00
1.999864383086270125e+00
1.999877852705522097e+00
1.999889235124279629e+00
1.999898393511364336e+00
1.999905201273405320e+00
1.999909542935079276e+00
1.999911315037066428e+00
1.999910426970059607e+00
1.999906801711377025e+00
1.999900376542286473e+00
1.999891103656020741e+00
1.999878950705020753e+00
1.999863901270694244e+00
1.999845955265719288e+00
1.999825129177806859e+00
1.999801456351682161e+00
1.999774987011063487e+00
1.999745788326257934e+00
1.999713944310803626e+00
1.999679555650318408e+00
1.999642739423113325e+00
1.999603628667590671e+00
1.999562372002707589e+00
1.999519132950899669e+00
1.999474089326345405e+00
1.999427432443933395e+00
1.999379366277430847e+00
1.999330106533218521e+00
1.999279879517375624e+00
1.999228921280743032e+00
1.999177476149762267e+00
1.999125795679804751e+00
1.999074137284357899e+00
1.999022762869737901e+00
1.998971937484726125e+00
1.998921927776175167e+00
1.998873000587698234e+00
1.998825421429199167e+00
1.998779452934785761e+00
1.998735353340426180e+00
1.998693374955896163e+00
1.998653762597470740e+00
1.998616752132636343e+00
1.998582568912966595e+00
1.998551426382501495e+00
1.998523524639550519e+00
1.998499049039768050e+00
1.998478168914951558e+00
1.998461036348167186e+00
1.998447784945807770e+00
1.998438528785268176e+00
1.998433361407040865e+00
1.998432354901092944e+00
1.998435559113874049e+00
1.998443000954181814e+00
1.998454683770628071e+00
1.998470586919873337e+00
1.998490665415705525e+00
1.998514849717041519e+00
1.998543045602127366e+00
1.998575134282716492e+00
1.998610972511692063e+00
1.998650392950277244e+00
1.998693204567588477e+00
1.998739193292137672e+00
1.998788122679247881e+00
1.998839734819652714e+00
1.998893751258853380e+00
1.998949874195741438e+00
1.999007787696990945e+00
1.999067158995664339e+00
1.999127640126923344e+00
1.999188869363525578e+00
1.999250472981477511e+00
1.999312067070180055e+00
1.999373259369567890e+00
1.999433651251136590e+00
1.999492839743256978e+00
1.999550419640994781e+00
1.999605985616349724e+00
1.999659134435791019e+00
1.999709467133427898e+00
1.999756591283814666e+00
1.999800123212802427e+00
1.999839690242039891e+00
1.999874932883614509e+00
1.999905507035426355e+00
1.999931086122817225e+00
1.999951363182027375e+00
1.999966052865889798e+00
1.999974893387750363e+00
1.999977648397402108e+00
1.999974108660133698e+00
1.999964093760064676e+00
1.999947453527454178e+00
1.999924069496756607e+00
1.999893856045921181e+00
1.999856761516928705e+00
1.999812769106129373e+00
1.999761897612340356e+00
1.999704201985862850e+00
1.999639773714932955e+00
1.999568740989397631e+00
1.999491268784451270e+00
1.999407558549246788e+00
1.999317847900858869e+00
1.999222409992565286e+00
1.999121552745439789e+00
1.999015617877258899e+00
1.998904979685063088e+00
1.998790043692556084e+00
1.998671245146117048e+00
1.998549047189694061e+00
1.998423939019695839e+00
1.998296433785405224e+00
1.998167066346757670e+00
1.998036390894218917e+00
1.997904978403645559e+00
1.997773414018839455e+00
1.997642294209487801e+00
1.997512223964069022e+00
1.997383813769726180e+00
1.997257676547213201e+00
1.997134424585618406e+00
1.997014666336877742e+00
1.996899003205660383e+00
1.996788026357274592e+00
1.996682313455012237e+00
1.996582425473990785e+00
1.996488903445892360e+00
1.996402265407948518e+00
1.996323003207368885e+00
1.996251579537129395e+00
1.996188424997946909e+00
1.996133935247705882e+00
1.996088468319502818e+00
1.996052342005315561e+00
1.996025831476962553e+00
1.996009166977468885e+00
1.996002531728831020e+00
1.996006060051839448e+00
1.996019835610386650e+00
1.996043889964622453e+00
1.996078201232901250e+00
1.996122693088890676e+00
1.996177233931232475e+00
1.996241636293609512e+00
1.996315656617888790e+00
1.996398995067865778e+00
1.996491295871371197e+00
1.996592147723896149e+00
1.996701084581267382e+00
1.996817586675729839e+00
1.996941081817580121e+00
1.997070946959767168e+00
1.997206510092036202e+00
1.997347052284307978e+00
1.997491810133381396e+00
1.997639978381809289e+00
1.997790712800632251e+00
1.997943133320728037e+00
1.998096327408334760e+00
1.998249353677431950e+00
1.998401245671582060e+00
1.998551015852929602e+00
1.998697659784549829e+00
1.998840160520886089e+00
1.998977493034141073e+00
1.999108628879882943e+00
1.999232540933908231e+00
1.999348208204108079e+00
1.999454620711868191e+00
1.999550784462154285e+00
1.999635726374359601e+00
1.999708499265072881e+00
1.999768186765097155e+00
1.999813908206459656e+00
1.999844823457469500e+00
1.999860137553616024e+00
1.999859105419166561e+00
1.999841036155277640e+00
1.999805297377219571e+00
1.999751319250721027e+00
1.999678598351229519e+00
1.999586701215396944e+00
1.999475267695613789e+00
1.999344013997501834e+00
1.999192735367844476e+00
1.999021308542157538e+00
1.998829693802899321e+00
1.998617936627272273e+00
1.998386169105823118e+00
1.998134610805182287e+00
1.997863569414785045e+00
1.997573440829671032e+00
1.997264708957222190e+00
1.996937945045140106e+00
1.996593806624695988e+00
1.996233036054362531e+00
1.995856458614390094e+00
1.995464980280308387e+00
1.995059585019036019e+00
1.994641331752018631e+00
1.994211350935518379e+00
1.993770840772119746e+00
1.993321063081512801e+00
1.992863338847160826e+00
1.992399043444243123e+00
1.991929601595433530e+00
1.991456482001338957e+00
1.990981191809394035e+00
1.990505270754037381e+00
1.990030285194984261e+00
1.989557821899886392e+00
1.989089481670231363e+00
1.988626872939620371e+00
1.988171605161590527e+00
1.987725282118870451e+00
1.987289495283836915e+00
1.986865817060117223e+00
1.986455794050307366e+00
1.986060940386169538e+00
1.985682731033296955e+00
1.985322595284058522e+00
1.984981910218647227e+00
1.984661994439116617e+00
1.984364101840961903e+00
1.984089415558143221e+00
1.983839042213354498e+00
1.983614006252883977e+00
1.983415244612941386e+00
1.983243601592337368e+00
1.983099823989792787e+00
1.982984556611216309e+00
1.982898338017657913e+00
1.982841596616120805e+00
1.982814647140463293e+00
1.982817687408266805e+00
1.982850795604549798e+00
1.982913927751241978e+00
1.983006915794287561e+00
1.983129465933072044e+00
1.983281157479385381e+00
1.983461442160783017e+00
1.983669643792485893e+00
1.983904958504275173e+00
1.984166455351078939e+00
1.984453077461403536e+00
1.984763643662569521e+00
1.985096850515509770e+00
1.985451274926932630e+00
1.985825377214757381e+00
1.986217504668463585e+00
1.986625895585510060e+00
1.987048683797879578e+00
1.987483903717686795e+00
1.987929495815207614e+00
1.988383312566836869e+00
1.988843124911239046e+00
1.989306629047940644e+00
1.989771453733375939e+00
1.990235168306192071e+00
1.990695290109909310e+00
1.991149293483505778e+00
1.991594618632144931e+00
1.992028680403687302e+00
1.992448877986777722e+00
1.992852604460395138e+00
1.993237256765797882e+00
1.993600245795018377e+00
1.993939006595975005e+00
1.994251008784936552e+00
1.994533766888080040e+00
1.994784850837100665e+00
1.995001896323754798e+00
1.995182615146576355e+00
1.995324805417304503e+00
1.995426361584072605e+00
1.995485284236083068e+00
1.995499689644211427e+00
1.995467818958643003e+00
1.995388047064066583e+00
1.995258890949738850e+00
1.995079017749658012e+00
1.994847252077098787e+00
1.994562582964363173e+00
1.994224170183010125e+00
1.993831349823559362e+00
1.993383639363668580e+00
1.992880741902597341e+00
1.992322549789679931e+00
1.991709147397766166e+00
1.991040813219418171e+00
1.990318021146124661e+00
1.989541440956148044e+00
1.988711937971639365e+00
1.987830571877291064e+00
1.986898595538442391e+00
1.985917450838398990e+00
1.984888766695765083e+00
1.983814354216148157e+00
1.982696201789261314e+00
1.981536469531266054e+00
1.980337482957518214e+00
1.979101726003135164e+00
1.977831833479876344e+00
1.976530582886357967e+00
1.975200885838187315e+00
1.973845778762350678e+00
1.972468413404633969e+00
1.971072046772159636e+00
1.969660030794561534e+00
1.968235801617979064e+00
1.966802868730797682e+00
1.965364803758085088e+00
1.963925229195332856e+00
1.962487806957542436e+00
1.961056226822095239e+00
1.959634195004017254e+00
1.958225422375379221e+00
1.956833613173021735e+00
1.955462453455178107e+00
1.954115599783909918e+00
1.952796668072608322e+00
1.951509222544135502e+00
1.950256764965460521e+00
1.949042724036706309e+00
1.947870445077938273e+00
1.946743179950107816e+00
1.945664077292989624e+00
1.944636173054440587e+00
1.943662381333298494e+00
1.942745485538342143e+00
1.941888129933391660e+00
1.941092811471958113e+00
1.940361872040138769e+00
1.939697491025115461e+00
1.939101678276741625e+00
1.938576267430972999e+00
1.938122909615681122e+00
1.937743067546074949e+00
1.937438009973429631e+00
1.937208806614079792e+00
1.937056323326773688e+00
1.936981217857649762e+00
1.936983935844093452e+00
1.937064707321846990e+00
1.937223543649100099e+00
1.937460234787172775e+00
1.937774347110136519e+00
1.938165221575401276e+00
1.938631972413026094e+00
1.939173486260826973e+00
1.939788421798587015e+00
1.940475209851034277e+00
1.941232054030812337e+00
1.942056931926175123e+00
1.942947596806517296e+00
1.943901579883330566e+00
1.944916193246051472e+00
1.945988533291915346e+00
1.947115484861009937e+00
1.948293725967381151e+00
1.949519733230302032e+00
1.950789787978272960e+00
1.952099983031260200e+00
1.953446230204596512e+00
1.954824268564982592e+00
1.956229673411762349e+00
1.957657865948798204e+00
1.959104123815112120e+00
1.960563592268437016e+00
1.962031296182633833e+00
1.963502152759506680e+00
1.964970984966820877e+00
1.966432535736343024e+00
1.967881482799802795e+00
1.969312454232752474e+00
1.970720044594548748e+00
1.972098831715717315e+00
1.973443393969905424e+00
1.974748328095556005e+00
1.976008267413753128e+00
1.977217900448076104e+00
1.978371989824585064e+00
1.979465391398662621e+00
1.980493073535771531e+00
1.981450136464269596e+00
1.982331831426842328e+00
1.983133580209232472e+00
1.983850993461636625e+00
1.984479889816167741e+00
1.985016313800679555e+00
1.985456553469525431e+00
1.985797157345437158e+00
1.986034950653156050e+00
1.986167050630555542e+00
1.986190880936710368e+00
1.986104184991104749e+00
1.985905038200953543e+00
1.985591858908969831e+00
1.985163418127397827e+00
1.984618847845007750e+00
1.983957647931357204e+00
1.983179691591324012e+00
1.982285229246804059e+00
1.981274890921937537e+00
1.980149687073857745e+00
1.978911007781450238e+00
1.977560620460690588e+00
1.976100665932377431e+00
1.974533653056328664e+00
1.972862451774090253e+00
1.971090284790220748e+00
1.969220717803187970e+00
1.967257648399787229e+00
1.965205293787552376e+00
1.963068177229411182e+00
1.960851113485323927e+00
1.958559193169959078e+00
1.956197766316971842e+00
1.953772425020495529e+00
1.951288985490922778e+00
1.948753469431071750e+00
1.946172084933069479e+00
1.943551207019504679e+00
1.940897357856090411e+00
1.938217186781052703e+00
1.935517450207538070e+00
1.932804991568578767e+00
1.930086721246386139e+00
1.927369596861875367e+00
1.924660603023211181e+00
1.921966733075464839e+00
1.919294968980284288e+00
1.916652263211887641e+00
1.914045520459647820e+00
1.911481579892395866e+00
1.908967197942961880e+00
1.906509031623519812e+00
1.904113622337484379e+00
1.901787380269283734e+00
1.899536569368786454e+00
1.897367292756087398e+00
1.895285478789769940e+00
1.893296867593591726e+00
1.891406998083868585e+00
1.889621195466026027e+00
1.887944559247194842e+00
1.886381951555197389e+00
1.884937985956217199e+00
1.883617016548436496e+00
1.882423127408265673e+00
1.881360122331867002e+00
1.880431514775457336e+00
1.879640518047532183e+00
1.878990035631539657e+00
1.878482651774415535e+00
1.878120621993242256e+00
1.877905863866433878e+00
1.877839947760739481e+00
1.877924087654723406e+00
1.878159132019790345e+00
1.878545554694296627e+00
1.879083445747726566e+00
1.879772502501357190e+00
1.880612020432124609e+00
1.881600884244212013e+00
1.882737558998722749e+00
1.884020081362182131e+00
1.885446051044307625e+00
1.887012622407669094e+00
1.888716496497086395e+00
1.890553913248661067e+00
1.892520644373698158e+00
1.894611986572967366e+00
1.896822755606179411e+00
1.899147281036180468e+00
1.901579401877562914e+00
1.904112463365772001e+00
1.906739314890147918e+00
1.909452309278792947e+00
1.912243303649008741e+00
1.915103661921117917e+00
1.918024259288267919e+00
1.920995488695846243e+00
1.924007269621246463e+00
1.927049059307961443e+00
1.930109866631384730e+00
1.933178268784091491e+00
1.936242430987265006e+00
1.939290129323019807e+00
1.942308776902125667e+00
1.945285453453811320e+00
1.948206938515691711e+00
1.951059748125699933e+00
1.953830175341804365e+00
1.956504334360792186e+00
1.959068208306174119e+00
1.961507700662453502e+00
1.963808690181084060e+00
1.965957089091324494e+00
1.967938904485510898e+00
1.969740302493207196e+00
1.971347675062234517e+00
1.972747708853296311e+00
1.973927455907581008e+00
1.974874405529037480e+00
1.975576556989385724e+00
1.976022492320242741e+00
1.976201448716612630e+00
1.976103389873486327e+00
1.975719075547680115e+00
1.975040128778618786e+00
1.974059099938711981e+00
1.972769527123131583e+00
1.971165991998033329e+00
1.969244170713388753e+00
1.967000879106200584e+00
1.964434111754190582e+00
1.961543074356067562e+00
1.958328209088116889e+00
1.954791212555223590e+00
1.950935046175029663e+00
1.946763938831127971e+00
1.942283381759924987e+00
1.937500115871096940e+00
1.932422111579391144e+00
1.927058541625886523e+00
1.921419747315123328e+00
1.915517198796266918e+00
1.909363450229683901e+00
1.902972090787435677e+00
1.896357692655073146e+00
1.889535757569430707e+00
1.882522663682629993e+00
1.875335614932090111e+00
1.867992595900039854e+00
1.860512335995842648e+00
1.852914287938956628e+00
1.845218627818685730e+00
1.837446286567685938e+00
1.829619027592034763e+00
1.821759592232627512e+00
1.813891946131287902e+00
1.806041678089309155e+00
1.798236633604696433e+00
1.790507917451403364e+00
1.782891490392848111e+00
1.775430748231129119e+00
1.768180773403670747e+00
1.761215528975169198e+00
1.754640422006149558e+00
1.748615076910750243e+00
1.743396439336704073e+00
1.739424494409088195e+00
1.737502386254179632e+00
1.739197314734553634e+00
1.747776137129918528e+00
1.770363747735542725e+00
1.821491480677403185e+00
1.914412349875718400e+00
1.986685496704785781e+00
1.941047469818386828e+00
1.859439866122256868e+00
1.801567351904118652e+00
1.765373931638226646e+00
1.742092616115345161e+00
1.726344914913211293e+00
1.715251375327437211e+00
1.707256106039679588e+00
1.701489561508712445e+00
1.697452807077696635e+00
1.694859550048130936e+00
1.693555243122589982e+00
1.693475672529878517e+00
1.694627548162844777e+00
1.697083222723233753e+00
1.700986783263876090e+00
1.706572229813303476e+00
1.714197932144846614e+00
1.724406557734959433e+00
1.738028502991871393e+00
1.756364070815522815e+00
1.781514960089642274e+00
1.817010260473869598e+00
1.869028621875605589e+00
1.948806694530111461e+00
2.076992353932145985e+00
2.287556960614202772e+00
2.601917661134655724e+00
2.871713647624480892e+00
2.756444683750440827e+00
2.403305145383417774e+00
2.129654459725784044e+00
1.969561827877541527e+00
1.879062260560874442e+00
1.826646245226359877e+00
1.795483072524812762e+00
1.776808449679268653e+00
1.765929896839535163e+00
1.760261137374919960e+00
1.758374720792854617e+00
1.759543249447384605e+00
1.763526638619520970e+00
1.770498923873466079e+00
1.781073347721957356e+00
1.796419443133689731e+00
1.818486400631275313e+00
1.850349496865902887e+00
1.896640503227058572e+00
1.963773370994667644e+00
2.058910706421757109e+00
2.185084589593015991e+00
2.329810121181554283e+00
2.455002363959170708e+00
2.514400407669189708e+00
2.495549433076403201e+00
2.426258704791880216e+00
2.341001670301353421e+00
2.259998912472050314e+00
2.190418380970228451e+00
2.132925682216387564e+00
2.085937711903984582e+00
2.047478514419823092e+00
2.015810690626059110e+00
1.989578535778335766e+00
1.967788417131240308e+00
1.949750039539171809e+00
1.935020267216003065e+00
1.923361114618785894e+00
