4.395085000000000264e+02
4.395305000000000177e+02
4.395394999999999754e+02
4.395625000000000000e+02
4.395804999999999723e+02
4.395980000000000132e+02
4.396164999999999736e+02
4.396614999999999895e+02
4.396820000000000164e+02
4.397040000000000077e+02
4.397470000000000141e+02
4.397744999999999891e+02
4.397964999999999804e+02
4.398195000000000050e+02
4.398439999999999941e+02
4.398629999999999995e+02
4.398904999999999745e+02
4.399069999999999823e+02
4.399334999999999809e+02
4.399415000000000191e+02
4.399615000000000009e+02
4.399725000000000250e+02
4.399800000000000182e+02
