4.480713999999999828e+02
4.482824499999999830e+02
4.484693500000000199e+02
4.486730499999999893e+02
4.488515500000000316e+02
4.490279500000000326e+02
4.490878000000000156e+02
4.490993500000000154e+02
4.491539500000000089e+02
4.491665500000000293e+02
4.492463500000000067e+02
4.492925500000000056e+02
4.493335000000000150e+02
4.493586999999999989e+02
4.493734000000000037e+02
4.494017499999999927e+02
4.494363999999999919e+02
4.494658000000000015e+02
4.495109500000000367e+02
4.495319499999999948e+02
4.495581999999999994e+02
4.496422000000000025e+02
4.496726500000000328e+02
4.496842000000000326e+02
4.496978500000000167e+02
4.497230500000000006e+02
4.497587500000000205e+02
4.498018000000000143e+02
4.498522000000000389e+02
4.499026000000000067e+02
4.499424999999999955e+02
4.499572000000000003e+02
4.499824000000000410e+02
4.499950000000000045e+02
4.500033999999999992e+02
4.500254500000000348e+02
4.500370000000000346e+02
4.500632500000000391e+02
4.500874000000000024e+02
