1.901198176515112470e+00
1.902042906595770466e+00
1.903608101533964758e+00
1.906096219783179224e+00
1.909810281168849766e+00
1.915120284756145264e+00
1.921409278532122622e+00
1.909931635849198450e+00
1.763392629341108631e+00
1.820021389399919975e+00
1.861256152172181100e+00
1.882379968304168649e+00
1.897794558981825697e+00
1.912235576205833398e+00
1.928103536347894664e+00
1.947336938739358869e+00
1.971476012440971148e+00
1.996384660555152069e+00
1.970392838353267617e+00
1.761377041439545321e+00
1.674280547162571464e+00
1.713079816587017357e+00
1.751485012137039554e+00
1.778668438335499813e+00
1.798138315436441870e+00
1.812773210212859532e+00
1.824353706475036807e+00
1.834100055605197843e+00
1.843206351867838322e+00
1.853702532964483396e+00
1.870966801700498339e+00
1.913810525195875023e+00
2.060664784712613606e+00
2.467772067433530392e+00
2.454523448427369914e+00
2.227970588313952227e+00
2.121014117123562137e+00
2.071616671941634014e+00
2.046881706566208603e+00
2.034301260162677760e+00
2.028740610688734236e+00
2.028084393198544610e+00
2.031841909858265183e+00
2.040938815974584042e+00
2.058472783690504126e+00
2.092391684877605851e+00
2.163960119566427753e+00
2.333838649346082317e+00
2.710165777023179512e+00
2.851665551951007238e+00
2.471817126508472295e+00
2.244545934419485800e+00
2.143354959709794283e+00
2.093126514494818569e+00
2.064950044498353954e+00
2.047726925656698338e+00
2.036879179799037320e+00
2.030625612528093704e+00
2.028787812975144877e+00
2.032680307596319125e+00
2.045930539368521650e+00
2.077038797368184753e+00
2.146339335724107844e+00
2.301900776518163383e+00
2.605069280210252636e+00
2.794847828653675759e+00
2.531154705429532914e+00
2.266597149347882922e+00
2.119627898809533839e+00
2.036622397865610168e+00
1.984192900092818679e+00
1.947318159639271018e+00
1.919131273518559055e+00
1.896394698320225114e+00
1.877717615922912309e+00
1.862949190590019288e+00
1.853248656047972176e+00
1.851898682922037853e+00
1.866476710354042279e+00
1.913582073801914918e+00
2.024691775131278515e+00
2.226026463543105294e+00
2.431168642917520550e+00
2.474530630796448527e+00
2.399728106643473247e+00
2.318992613406818837e+00
2.268980959971574674e+00
2.249230997410549993e+00
2.248029422293994273e+00
2.244909849913185873e+00
2.215379274176434876e+00
2.150686788473450850e+00
2.068873055974682185e+00
1.995468556486182488e+00
1.945484328431732690e+00
1.925178012992765586e+00
1.939604741785013964e+00
1.996260971020089370e+00
2.101336279634161031e+00
2.243873440973267019e+00
2.377287211595329630e+00
2.442587146666003406e+00
2.427590838531216821e+00
2.366911998507600146e+00
2.296189507614349257e+00
2.233441973505413181e+00
2.184249035613444967e+00
2.148965770484158710e+00
2.126498275309574471e+00
2.115777265089736403e+00
2.116248932178121933e+00
2.128022445622943515e+00
2.151902890084718134e+00
2.189318577121588394e+00
2.241940535612674257e+00
2.310433707227159239e+00
2.391300379723147351e+00
2.471320786520438517e+00
2.524375181734692664e+00
2.524172561095281431e+00
2.471478146227559236e+00
2.397087250220359067e+00
2.332842790889409823e+00
2.293947110482195129e+00
2.283081482039660326e+00
2.298593504338022786e+00
2.338502335995782389e+00
2.400312491968962458e+00
2.476767380218115377e+00
2.548742169284890391e+00
2.587694820272512963e+00
2.581898470949608448e+00
2.550484194401869686e+00
2.515607664724475612e+00
2.482347653981134439e+00
2.444386783834889165e+00
2.394414711686354114e+00
2.330762773473687766e+00
2.259565978487755533e+00
2.191977184565075731e+00
2.138571551991820918e+00
2.105296285653292188e+00
2.093031607780819314e+00
2.099376470636088676e+00
2.120574033834213168e+00
2.152641295209593686e+00
2.191722782746513332e+00
2.233969230009126505e+00
2.275200165343590264e+00
2.310545946170036391e+00
2.334290255947507831e+00
2.340243032506797327e+00
2.323041675571615894e+00
2.280512471098641747e+00
2.216353197782215734e+00
2.141359565346485194e+00
2.071692115091791742e+00
2.024988865027236962e+00
2.017248757249731295e+00
2.062499266393668762e+00
2.173517580715064401e+00
2.356118997704941265e+00
2.583739427148552092e+00
2.764234825026213649e+00
2.795029703707464730e+00
2.692451242998546324e+00
2.553181040886302711e+00
2.438993303704439786e+00
2.364729238987544058e+00
2.326685404485611564e+00
2.318571665817100058e+00
2.336237401908422662e+00
2.378290773230986588e+00
2.445393288809452059e+00
2.538309779270628397e+00
2.653274551695093297e+00
2.773324823900007452e+00
2.861061917827143475e+00
2.872955929427474686e+00
2.800735936425953199e+00
2.685988061575020236e+00
2.581912360053095323e+00
2.522355515740017928e+00
2.524433994599785347e+00
2.599830307349087377e+00
2.754483445387217344e+00
2.964548479406857950e+00
3.138919659349847624e+00
3.158801803820482146e+00
3.014540840017169820e+00
2.803184976069703183e+00
2.604611688147467241e+00
2.445970180705737018e+00
2.327274483455934906e+00
2.241586920164146068e+00
2.182408997270655959e+00
2.145369245142197734e+00
2.128256426293866355e+00
2.130778324087253317e+00
2.154387888074519530e+00
2.202144062804582081e+00
2.278300914187060044e+00
2.386842460396074284e+00
2.527446914088210761e+00
2.687576623670600906e+00
2.835052903714237793e+00
2.928011632968918754e+00
2.950392828939410350e+00
2.931393503110553578e+00
2.914919070226004827e+00
2.921178613499748167e+00
2.937452084901519989e+00
2.931876565067382145e+00
2.878141654122954307e+00
2.774773479603904747e+00
2.642648899261739626e+00
2.507846565570474695e+00
2.389326964165881861e+00
2.297302228288231607e+00
2.236847155289405809e+00
2.211908850372746205e+00
2.228158767872999491e+00
2.293954247030070892e+00
2.416246197323729028e+00
2.583680005754998898e+00
2.739274979194360249e+00
2.798914515655383628e+00
2.745324061875300092e+00
2.642851271920321654e+00
2.552501387267503752e+00
2.498389288497340655e+00
2.483384414730510414e+00
2.504123214910697559e+00
2.556741167976743778e+00
2.637981672510146147e+00
2.744938584450165031e+00
2.875085016725190901e+00
3.027783454247553241e+00
3.206975989046659592e+00
3.417703646727253464e+00
3.636530309690952922e+00
3.762147876634488242e+00
3.672269832904606623e+00
3.394943838661666824e+00
3.068716570652509468e+00
2.784889160181088119e+00
2.566442441751454417e+00
2.407043648214995279e+00
2.294371994354265976e+00
2.217512671031064198e+00
2.168255454593163822e+00
2.140770782077133561e+00
2.131044847310762602e+00
2.136410029180704218e+00
2.155216214963647570e+00
2.186622969178855680e+00
2.230486604975912002e+00
2.287322807953297232e+00
2.358330742176082406e+00
2.445461141364858371e+00
2.551485797831134938e+00
2.679948097562959930e+00
2.834677573876481560e+00
3.018140648542801063e+00
3.227350652518711449e+00
3.446512067009437796e+00
3.640600825062724866e+00
3.764480569839842694e+00
3.796162302482763096e+00
3.761442033911877925e+00
3.714362498894735243e+00
3.703527695514438722e+00
3.759794088220742125e+00
3.889036006436059179e+00
4.037443135674113392e+00
4.058077685373861598e+00
3.829348948566947186e+00
3.435409865215784286e+00
3.045567014883328483e+00
2.740506960754118371e+00
2.524494650109976313e+00
2.378660474721475904e+00
2.284079590208113242e+00
2.226678363849732722e+00
2.196891700049365959e+00
2.188520311323477685e+00
2.197808134126112645e+00
2.222847938993277150e+00
2.263244559498737374e+00
2.319946115851174717e+00
2.395132815750388389e+00
2.491957399816846941e+00
2.613671459189431445e+00
2.761159536489409039e+00
2.927457632486138106e+00
3.089696393337934222e+00
3.208130482458577237e+00
3.252180048125563161e+00
3.244084379318538769e+00
3.256985027768681817e+00
3.350756000700858550e+00
3.498041211490535929e+00
3.561657855207827073e+00
3.432963595799676693e+00
3.178487462260512597e+00
2.923424836233652790e+00
2.728233478363507825e+00
2.601879228986148096e+00
2.538717264397537754e+00
2.535446393283131261e+00
2.596453598111474026e+00
2.734749903733525667e+00
2.965726714016780896e+00
3.276645313327064990e+00
3.559494091405170479e+00
3.623767903103675803e+00
3.432342948734211863e+00
3.154024013414912453e+00
2.924251467564654483e+00
2.777244233320928846e+00
2.704694012929426794e+00
2.692426420393047692e+00
2.729354259839476882e+00
2.806154175931767192e+00
2.910350085085242622e+00
3.019960148775996611e+00
3.100433218475612041e+00
3.114581036080094734e+00
3.047249203165544706e+00
2.920545369226889232e+00
2.777402689137729475e+00
2.653727193183334165e+00
2.567381718883944508e+00
2.522729139514305441e+00
2.518090181355026491e+00
2.550400014523800607e+00
2.617026853279777576e+00
2.715879724990816868e+00
2.844493305392397531e+00
2.998357534050564155e+00
3.168846913594929315e+00
3.341904986856849558e+00
3.499791949327657470e+00
3.627768125411784172e+00
3.723257119147681315e+00
3.799911900173565726e+00
3.881365094159366702e+00
3.988074186490067952e+00
4.124205177355013241e+00
4.270403289688706749e+00
4.392599919884863091e+00
4.472956221212633920e+00
4.530051974224157618e+00
4.583573847989499406e+00
4.600697171941891206e+00
4.512448404112343603e+00
4.302603022928046528e+00
4.037622550636775998e+00
3.793879415693566681e+00
3.604810693251950582e+00
3.468676689105821165e+00
3.370845347655224700e+00
3.297106361404360086e+00
3.239140651527360859e+00
3.196471254038553145e+00
3.176889618358470280e+00
3.195412814171845639e+00
3.269490349518876737e+00
3.403577432341367892e+00
3.555504308618792741e+00
3.614670720376413460e+00
3.483644439738387000e+00
3.201659247396125174e+00
2.888101181819636043e+00
2.620330759754073924e+00
2.418215522670659645e+00
2.275910876087896995e+00
2.182282653039505416e+00
2.127809128643975090e+00
2.105885456596457317e+00
2.112603816232188514e+00
2.146358670214054243e+00
2.207617120216593953e+00
2.298884243804861338e+00
2.424759980806415083e+00
2.591778806811284586e+00
2.807225362039178940e+00
3.075133447799900388e+00
3.386840961264153904e+00
3.707017846186581700e+00
3.971548604016126305e+00
4.124380467025563490e+00
4.168803588070623789e+00
4.154181584962433504e+00
4.111813025936615240e+00
4.030858060008050359e+00
3.892170948401894925e+00
3.704907815008011696e+00
3.502570273668072165e+00
3.317352323494346056e+00
3.167276763660074490e+00
3.058891521562581151e+00
2.993923093272414349e+00
2.973660029145704264e+00
2.999739509150020744e+00
3.070532236710211915e+00
3.172666926884813332e+00
3.273636044612246998e+00
3.331776826594036844e+00
3.326065420787589488e+00
3.271308767908926995e+00
3.200691139946789665e+00
3.144385058384967735e+00
3.124053462705258521e+00
3.156835066058613748e+00
3.258365712838003692e+00
3.435098555728302916e+00
3.651505808253412422e+00
3.786530548570619992e+00
3.706493292633598724e+00
3.450880127165953049e+00
3.173464706998081475e+00
2.963019298064238249e+00
2.833399935074084830e+00
2.773694421081120520e+00
2.772460468386855226e+00
2.822987004514994069e+00
2.922448943727379955e+00
3.069098393032770211e+00
3.257645703091880396e+00
3.472575232816833779e+00
3.682720039431387260e+00
3.847804546023129380e+00
3.945303157129871341e+00
3.996385170509375140e+00
4.053513153632517074e+00
4.158593583968855256e+00
4.313913185409166573e+00
4.484189420801026671e+00
4.627036111017911679e+00
4.729372480726767414e+00
4.807921542806666615e+00
4.871409422085946517e+00
4.895364354365859150e+00
4.842741466423167829e+00
4.704576838825656360e+00
4.510190326095496971e+00
4.303257946689529767e+00
4.119721231433532971e+00
3.982472872737478742e+00
3.903921126280851972e+00
3.887653742293915915e+00
3.926185710729556799e+00
3.995404301433413963e+00
4.051686448962258602e+00
4.043974530455326288e+00
3.943955612689769463e+00
3.767661981628197321e+00
3.561335026645657376e+00
3.369932772118918951e+00
3.220696396557232610e+00
3.125079132079783939e+00
3.086672276060915099e+00
3.107700792323421002e+00
3.192901318759133744e+00
3.351016604529853282e+00
3.591552455830490764e+00
3.907421633147117657e+00
4.232374424171892358e+00
4.423051023770877777e+00
4.392695217506336292e+00
4.227052456314030593e+00
4.038521510648569013e+00
3.859777350216958780e+00
3.685968287481551364e+00
3.523589960377506713e+00
3.398508057164494112e+00
3.338688067380098268e+00
3.357854742813529914e+00
3.452241895181607845e+00
3.605308684355915005e+00
3.793337401873253523e+00
3.991343610930041308e+00
4.182474358755183808e+00
4.371058628796496315e+00
4.587172290137901953e+00
4.838131884841268437e+00
4.967760358976394564e+00
4.762932602143891359e+00
4.361444083738030386e+00
3.982966331467086896e+00
3.683955137178613004e+00
3.453299627235334679e+00
3.276929638037710202e+00
3.151376846700873813e+00
3.087738736755859748e+00
3.122515877806957274e+00
3.344572706921755678e+00
3.853088185828950074e+00
4.077997520453884306e+00
3.529797727834272703e+00
3.176668119703682791e+00
3.151790801408307807e+00
3.337252381549081548e+00
3.619201946684848181e+00
3.841081687064698436e+00
3.902055168820292685e+00
3.857865261610341268e+00
3.817384614238558349e+00
3.839022519973196435e+00
3.929964895593727636e+00
4.069498976861012807e+00
4.224142886137975061e+00
4.361276314298227597e+00
4.462317981348256524e+00
4.523902758399605872e+00
4.544371358263058269e+00
4.514541372475238568e+00
4.427838495390762574e+00
4.296387345417866932e+00
4.150662916670007085e+00
4.023341806532919840e+00
3.934095615082631170e+00
3.883777048210179661e+00
3.856238108414932420e+00
3.825555227579588546e+00
3.767579610834793868e+00
3.671277509992771915e+00
3.542582439927894011e+00
3.398753232587718554e+00
3.259174349198188825e+00
3.139184465269538649e+00
3.048514305353864806e+00
2.992444304241051789e+00
2.973613864290546971e+00
2.993446564172946189e+00
3.052917859459738370e+00
3.152671678814705114e+00
3.292522022522212488e+00
3.470390193535382473e+00
3.680913541800678423e+00
3.914409911408063270e+00
4.157292267268966945e+00
4.394349143544408420e+00
4.610721631044478741e+00
4.789733204792185006e+00
4.908537454963622260e+00
4.943860872864243028e+00
4.892401727700463887e+00
4.783164939944125393e+00
4.662460082262966488e+00
4.568705994819444172e+00
4.519617402074059598e+00
4.512244390470081079e+00
4.527831230509306693e+00
4.538732260565073062e+00
4.518463171208964013e+00
4.453128936265987825e+00
4.347571155272827781e+00
4.221503986160729305e+00
4.099469965275905459e+00
4.002590397382036258e+00
3.945923408476092575e+00
3.939987659588130242e+00
3.993386641239928370e+00
4.113776427307461070e+00
4.303965557009735043e+00
4.548995367856063510e+00
4.796044208720899427e+00
4.953897530674055361e+00
4.949801627935642934e+00
4.797420626905516627e+00
4.576338095922564797e+00
4.360864421256586354e+00
4.189694490934090965e+00
4.074908513439993385e+00
4.016739513524033356e+00
4.012028478653280494e+00
4.057366791451928911e+00
4.149413480567475609e+00
4.283523002880407660e+00
4.450674454705223049e+00
4.632490251722766850e+00
4.796341183536535269e+00
4.898552156299515126e+00
4.905520457072847229e+00
4.821119517245020525e+00
4.685914018561431860e+00
4.547018781282302413e+00
4.435681961668797690e+00
4.365786725278864466e+00
4.339330732227077547e+00
4.348816194593315920e+00
4.376746535232610924e+00
4.397185495136901601e+00
4.384214621144140622e+00
4.325754273989135257e+00
4.232320921929863644e+00
4.132020987745659291e+00
4.056193023827471933e+00
4.026154555208488972e+00
4.045085227444312537e+00
4.094087802145180532e+00
4.135425179348682256e+00
4.129699042796504571e+00
4.061435919782710791e+00
3.949445292095980609e+00
3.831478625256093284e+00
3.742642696071350361e+00
3.705938088981032053e+00
3.733855807398558824e+00
3.832987984763284839e+00
4.006890006542789706e+00
4.255393178114092123e+00
4.568875230226256967e+00
4.916371108692215053e+00
5.233473796829239078e+00
5.434050830053149816e+00
5.466613046317503333e+00
5.364550818048321901e+00
5.213491361268950186e+00
5.077482979637707672e+00
4.967409060187245373e+00
4.858312915747059257e+00
4.724672613537458155e+00
4.563739085207536128e+00
4.394116346175176879e+00
4.241563839597028540e+00
4.128420317396940931e+00
4.070841557486236439e+00
4.080171062777708357e+00
4.164339348003013086e+00
4.326266422628694208e+00
4.556182097489372751e+00
4.816561184392369022e+00
5.032280139359294857e+00
5.123076149937517698e+00
5.080155248319393912e+00
4.982997110254651751e+00
4.921135789455338028e+00
4.940224337036283941e+00
5.053899345993988490e+00
5.264019374450387367e+00
5.539748946533046947e+00
5.760417754246251576e+00
5.777097199753563395e+00
5.623228614316245100e+00
5.463944115807653823e+00
5.397958345847407635e+00
5.433716956112863095e+00
5.529912946163778820e+00
5.615264821640669979e+00
5.609692543588734814e+00
5.467282677789959244e+00
5.208140904202531729e+00
4.899306187406747171e+00
4.611823924525674911e+00
4.399419544287143324e+00
4.301372296528042760e+00
4.347906486814783200e+00
4.537031542662054662e+00
4.748640806608094955e+00
4.757941579881433292e+00
4.634291031984929532e+00
4.692720947136605147e+00
4.940400737570378453e+00
5.082075984162462312e+00
5.020078060387534791e+00
4.843571702887350838e+00
4.508053512269846408e+00
4.114385401430882716e+00
3.838459741986497864e+00
3.740354533412983074e+00
3.807020166068540323e+00
3.994049931589298996e+00
4.218781229351951545e+00
4.371423487500919691e+00
4.402964096416468465e+00
4.396098902807676900e+00
4.489272550921653782e+00
4.763032974533976116e+00
5.196019706744661626e+00
5.622744565983756715e+00
5.540877426401730865e+00
4.816540781651097447e+00
4.314066826602254601e+00
4.211983889842828788e+00
4.341389348245596302e+00
4.550817696613030705e+00
4.746975834886442591e+00
4.913590711160762403e+00
4.958396372464247470e+00
4.764566791793081180e+00
4.462270721541529817e+00
4.208862349897549038e+00
4.058924030668815242e+00
4.017898826584527683e+00
4.080801866078325624e+00
4.242357413708048419e+00
4.493298518878488856e+00
4.806193809602870459e+00
5.115490848265174861e+00
5.322823855029884754e+00
5.369318101938432619e+00
5.303916766972112562e+00
5.226508944840933424e+00
5.199191156942741365e+00
5.239361548979607264e+00
5.347282073538029756e+00
5.506833625127089960e+00
5.645944892022497719e+00
5.625699718437330077e+00
5.398977138222547545e+00
5.112917641726024698e+00
4.907648890233955008e+00
4.812180422824770432e+00
4.804554625583225658e+00
4.859212307721278101e+00
4.959806757613268502e+00
5.100076018695719249e+00
5.282191569756307992e+00
5.514090263137343406e+00
5.804496418043155082e+00
6.151483704398158281e+00
6.518867837411571386e+00
6.812085932871398519e+00
6.912700480867030706e+00
6.791209932185947373e+00
6.541924861215209219e+00
6.281130494678055953e+00
6.073223621887503754e+00
5.934523122734408851e+00
5.855101320498705242e+00
5.812256646510140179e+00
5.780182493348939410e+00
5.739069167711265074e+00
5.678794137918209195e+00
5.597150717483645899e+00
5.498296144390759643e+00
5.392462249949986131e+00
5.294528111204438225e+00
5.220851631956100469e+00
5.185639931464546493e+00
5.198074544028229660e+00
5.260529186250813005e+00
5.367787763851324279e+00
5.507509397208910862e+00
5.662865886474392596e+00
5.818747334846406716e+00
5.973708089694774515e+00
6.139670938559258495e+00
6.107579161472098228e+00
6.015948364470605547e+00
5.990532579286844239e+00
5.974634895182017402e+00
5.961476479388902128e+00
5.953984628927952549e+00
5.953781477732300154e+00
5.957117050088880816e+00
5.953490473807680594e+00
5.928683868051282779e+00
5.872971247210982071e+00
5.789838955795297615e+00
5.696222079741338540e+00
5.609418865607859850e+00
5.524767718386482507e+00
5.395120120493190896e+00
5.140017642306376366e+00
4.734430215228269567e+00
4.347977743291184360e+00
4.298019413243215681e+00
4.636552526365279370e+00
4.945095262073895270e+00
4.968468266881998829e+00
4.835930886889562075e+00
4.701660432510371912e+00
4.625273384575447899e+00
4.607725360240040757e+00
4.622792560661289407e+00
4.632631826827635635e+00
4.602154660231685845e+00
4.515650368531139769e+00
4.385368137320821091e+00
4.243269345031304596e+00
4.123520440987823221e+00
4.050069620215374755e+00
4.033918182276583941e+00
4.075686250912072595e+00
4.168695414701971025e+00
4.300907775678061817e+00
4.456299965770609717e+00
4.616942640464714920e+00
4.766488761207012814e+00
4.894297425730847806e+00
4.998098221326312540e+00
5.083396843083300531e+00
5.159781551784567100e+00
5.236073596187996948e+00
5.316424076564293166e+00
5.398516446259035817e+00
5.474200398377918830e+00
5.532404584067168507e+00
5.563465395909218181e+00
5.562972934944284908e+00
5.533014284323565235e+00
5.480318329003037725e+00
5.413107509633223735e+00
5.339050254442478938e+00
5.265198654951833035e+00
5.199055100160343557e+00
5.149367569215074880e+00
5.125680341719673905e+00
5.136224913754145582e+00
5.184168263084020012e+00
5.263174544285535994e+00
5.355333187259716077e+00
5.435995375367767224e+00
5.486061597123363498e+00
5.503264602836231312e+00
5.502429127548642107e+00
5.505446717263247969e+00
5.529490755730634532e+00
5.578542602319987331e+00
5.638635808027602003e+00
5.679307692460815460e+00
5.667430552496746543e+00
5.590716486875507485e+00
5.469446833121042850e+00
5.342034739212192740e+00
5.241833213693811722e+00
5.186724922187133657e+00
5.181636540735853558e+00
5.224726546016121631e+00
5.312152404329319566e+00
5.440855031780346351e+00
5.610166540549371916e+00
5.822632388216806731e+00
6.082768437250734017e+00
6.388354884698467906e+00
6.704343789334002324e+00
6.934218519520352508e+00
6.982850760213247909e+00
6.889872350979692861e+00
6.773840406255875912e+00
6.699521081286700763e+00
6.674247712068075877e+00
6.686316101836924375e+00
6.722661138459630870e+00
6.771861401619170273e+00
6.822591740656625880e+00
6.861644436022292126e+00
6.873661246147691806e+00
6.844309593203493414e+00
6.766775851929660135e+00
6.647707756078807151e+00
6.507279304144608645e+00
6.372577554492877105e+00
6.269269699067781865e+00
6.216353355292533855e+00
6.224250455447664088e+00
6.293465116780720514e+00
6.411636003826761687e+00
6.550755992541970940e+00
6.672208078623683924e+00
6.747012177907433461e+00
6.782357274381134893e+00
6.828753916868999241e+00
6.942601692159054316e+00
7.059968969949824036e+00
6.898437879414065499e+00
6.543505522749232917e+00
6.535927376412725920e+00
6.366036216210464005e+00
6.097050542566986309e+00
5.913284572302774045e+00
5.836629322620882299e+00
5.868754685846315766e+00
6.024716120200150016e+00
6.321079015147472724e+00
6.659002851342900264e+00
6.678144900962078800e+00
6.255760589154898632e+00
5.742072704703017116e+00
5.344271409191756916e+00
5.084803096946868273e+00
4.943976625830063476e+00
4.899008358220725334e+00
4.926403089843888417e+00
5.000541292772647139e+00
5.094348878321447671e+00
5.182515104604413558e+00
5.245980366219967550e+00
5.275314576123934174e+00
5.271076204539517640e+00
5.241178548143206051e+00
5.196953987895505556e+00
5.149735969911040101e+00
5.108815786699392625e+00
5.080682649416840668e+00
5.069053195840760750e+00
5.075230367930534392e+00
5.098523052674187817e+00
5.136635653691620895e+00
5.186049248817835355e+00
5.242464146995775565e+00
5.301366154207592274e+00
5.358723006165049263e+00
5.411730213020990554e+00
5.459444180921066980e+00
5.503112854991993430e+00
5.546066593661538313e+00
5.593139234427838780e+00
5.649683559495326080e+00
5.720268484542751608e+00
5.807107130911002280e+00
5.908272201268305324e+00
6.015996575721783479e+00
6.115977532428414243e+00
6.189299366424458881e+00
6.218119012086349429e+00
6.193339169247340514e+00
6.119042191370869688e+00
6.009715634735721679e+00
5.882589082287841720e+00
5.751096739196067453e+00
5.622740987786384537e+00
5.500377582949084854e+00
5.384551346102314895e+00
5.275355770529861488e+00
5.173399654887242960e+00
5.080051043518386322e+00
4.997276527932873691e+00
4.927340666766906629e+00
4.872525371832870711e+00
4.834937026606663579e+00
4.816408838430207950e+00
4.818475758496500561e+00
4.842389909874737164e+00
4.889145951453220285e+00
4.959490862950319823e+00
5.053897152833417117e+00
5.172481022391488992e+00
5.314848185587011109e+00
5.479852524125202962e+00
5.665262152442988253e+00
5.867353921846126141e+00
6.080516692534993162e+00
6.297053220504423621e+00
6.507527571665322697e+00
6.702123089298417824e+00
6.873261171583046725e+00
7.018627572403544512e+00
7.141625311145324950e+00
7.245688362792850334e+00
7.325102829990654207e+00
7.363775243721506492e+00
7.346435407659553718e+00
7.269554019326188943e+00
7.141505157624469469e+00
6.976112478491303115e+00
6.786994890705032368e+00
6.585106917827430628e+00
6.378541291825253978e+00
6.173240149764083640e+00
5.973802119495938534e+00
5.784066220583949480e+00
5.607428725078099419e+00
5.446964470091838706e+00
5.305447785398684779e+00
5.185347339826482660e+00
5.088834530140958989e+00
5.017813948362157106e+00
4.973963341169970853e+00
4.958758451815119095e+00
4.973451560571866992e+00
5.018968611442140570e+00
5.095689159018049530e+00
5.203082055759403524e+00
5.339200438538986404e+00
5.500108394918139076e+00
5.679424821745262086e+00
5.868293956085285146e+00
6.056124455147604557e+00
6.232237156459545346e+00
6.388089310741190019e+00
6.519245940146924490e+00
6.626192061364286623e+00
6.713619270115559701e+00
6.788606410718013962e+00
6.858547254069077503e+00
6.929541754704628964e+00
7.005534275208071371e+00
7.088118102989491298e+00
7.176778829433640539e+00
7.269366320886612165e+00
7.362659622515423052e+00
7.452951690928100170e+00
7.536609558626427230e+00
7.610566610246292996e+00
7.672693227080438660e+00
7.721985843238122094e+00
7.758522370441122362e+00
7.783156433107876637e+00
7.796962430218359330e+00
7.800503028629035107e+00
7.793098679780544380e+00
7.772509321683487293e+00
7.735928847817839404e+00
7.684054020421674736e+00
7.630440053595000549e+00
7.612731750834045741e+00
7.677569502092238096e+00
7.805401258479898630e+00
7.884146151442844364e+00
7.835693863834967132e+00
7.675251752522799897e+00
7.450461010307869003e+00
7.198861054517166735e+00
6.942621421494759026e+00
6.693583578440624571e+00
6.457845906159469074e+00
6.238561216813243604e+00
6.037485631993678936e+00
5.855814147918212420e+00
5.694637639749753788e+00
5.555215047762108505e+00
5.439170794552858901e+00
5.348676134726574105e+00
5.286633044371875201e+00
5.256826220976557273e+00
5.263902117312871276e+00
5.312801225002888650e+00
5.406824965388146609e+00
5.542980690839005575e+00
5.703775117319311860e+00
5.849533271784381760e+00
5.925614933659455019e+00
5.896306753237816167e+00
5.779619350294852076e+00
5.642907661275199160e+00
5.594750832219392400e+00
5.915633804064967194e+00
6.286646583510374420e+00
5.851872219600572578e+00
5.737031757139115840e+00
5.800171428358762427e+00
5.923791319943579659e+00
6.018013148600104500e+00
6.001588773620743389e+00
5.850824075726031914e+00
5.621608662074965679e+00
5.392997010265858648e+00
5.211365834668318264e+00
5.086880559766313148e+00
5.011982950991801467e+00
4.974824634877398566e+00
4.964679554505808667e+00
4.973210592882023384e+00
4.994307660145048011e+00
5.023622658047055545e+00
5.058150443559826570e+00
5.095925690333894309e+00
5.135829806364927919e+00
5.177503009008336043e+00
5.221408614619382327e+00
5.269282210756108142e+00
5.326060919110812364e+00
5.410410079662773875e+00
5.659901669206575114e+00
5.892824426857342424e+00
5.522317503411290573e+00
5.544308518496780636e+00
5.603012171167383038e+00
5.673685414032815011e+00
5.752692191056429927e+00
5.839224012903010852e+00
5.932946098287899872e+00
6.033512419008411065e+00
6.140443460818386434e+00
6.253110092718129565e+00
6.370780942542329406e+00
6.492775917429442600e+00
6.618942721741670532e+00
6.751510426924516750e+00
6.906187892737826850e+00
7.326279388356145894e+00
6.859239552197329282e+00
6.988232864041669323e+00
7.021850838386041183e+00
6.979211839697199160e+00
6.874701982402620537e+00
6.755713546053036644e+00
6.666143919474877499e+00
6.611676088325160627e+00
6.577711954555479856e+00
6.551939360110702104e+00
6.529115944826156870e+00
6.508611415710670478e+00
6.491792869270462951e+00
6.480493867285230358e+00
6.476264814261086578e+00
6.480049631552425637e+00
6.492079187896710124e+00
6.511873129506788871e+00
6.538295078426236806e+00
6.569631496149979100e+00
6.603673994390426571e+00
6.637784013977100273e+00
6.668909066720423162e+00
6.693498757630063523e+00
6.707227366706777438e+00
6.704345437413655517e+00
6.676318436048767069e+00
6.609206857042033256e+00
6.479978769993782528e+00
6.260901339740869709e+00
5.981942815740122654e+00
5.854971372164234467e+00
5.988491771816744524e+00
6.154036532373639012e+00
6.232010691543382386e+00
6.233641935799121292e+00
6.186185492727101831e+00
6.108316757565970256e+00
6.011731690394012340e+00
5.904219561745583711e+00
5.791431999053341606e+00
5.677776026937698006e+00
5.566888758026984796e+00
5.461954947999265286e+00
5.366026523447870566e+00
5.282500098922016107e+00
5.216037340789783983e+00
5.174654161481915260e+00
5.175091499854173271e+00
5.257630468644554078e+00
5.517907187596738261e+00
5.991938508122878204e+00
5.937362722069714494e+00
5.453471111111222847e+00
5.192095132309548333e+00
5.101958970330740861e+00
5.113998277554711258e+00
5.221572284758270399e+00
5.470246141425992192e+00
5.943133013731624281e+00
6.508301461492632889e+00
6.558629620134178495e+00
6.229204808629756229e+00
5.983907373463387636e+00
5.875375446398412471e+00
5.855208595961005180e+00
5.888248728175019764e+00
5.955209694056754266e+00
6.045879684323788972e+00
6.155378395659687030e+00
6.283136717957787276e+00
6.434561541346068836e+00
6.627898124739248331e+00
6.913340321550031753e+00
7.364452023768911282e+00
7.552776275193449074e+00
7.199118349187619614e+00
7.050236311458868421e+00
7.048341478112763347e+00
7.095942635043120283e+00
7.159984537826213469e+00
7.229208696517211763e+00
7.299482266228589644e+00
7.369305247060161435e+00
7.438275396030888054e+00
7.506501540871422407e+00
7.574362189438963888e+00
7.642406802798063836e+00
7.711326564334217259e+00
7.781971817777436407e+00
7.855418728296626796e+00
7.933092215878292386e+00
8.016831851120912233e+00
8.107689032177249899e+00
8.193482382551692922e+00
8.175526859784085332e+00
7.980017043357714890e+00
7.948952330214493323e+00
7.992332682497842455e+00
8.010768100099410205e+00
7.987971133978371441e+00
7.973883387377290077e+00
8.042754724228858620e+00
8.081329392930026501e+00
8.048080389512746180e+00
7.969522015136909943e+00
7.862931682861754368e+00
7.738027242406270823e+00
7.601816137250160921e+00
7.460139752685964076e+00
7.318001311268042208e+00
7.179591325265772817e+00
7.048296520059651016e+00
6.926761254688099889e+00
6.817001369577043057e+00
6.720555293553229781e+00
6.638662884249494134e+00
6.572477125512790508e+00
6.523336190336732621e+00
6.493160833617872107e+00
6.485114432306418486e+00
6.504813133280719306e+00
6.562669401992783591e+00
6.678286836906987212e+00
6.885798152510550274e+00
7.214552725701320668e+00
7.511169196606776843e+00
7.306067548493927255e+00
6.814810708451390475e+00
6.504777230028020440e+00
6.366150590856926250e+00
6.315750740981288303e+00
6.311200324173551479e+00
6.337000817973970079e+00
6.393459324740445204e+00
6.495832351382039960e+00
6.680337879321079697e+00
7.003282067970937774e+00
7.462958893555477147e+00
7.807661347702263832e+00
7.772256203453801859e+00
7.521107073960151546e+00
7.266804004952135188e+00
7.066092403546908152e+00
6.913004243677380423e+00
6.793521393102371242e+00
6.697494835421005099e+00
6.619271178868038064e+00
6.556704100167489280e+00
6.510445789604395905e+00
6.483729272112721098e+00
6.482554243150034701e+00
6.515988641715785512e+00
6.595537796040290779e+00
6.730076343251134574e+00
6.907781155255404038e+00
7.059417263019184929e+00
7.052226097651280057e+00
6.816078281766067448e+00
6.452266414257804783e+00
6.101428322434778728e+00
5.822721881873571981e+00
5.615868429450696198e+00
5.464213162234577759e+00
5.352240561040978228e+00
5.268854453826295803e+00
5.206677579675681677e+00
5.160863814547349548e+00
5.128186220714082033e+00
5.106439239025909238e+00
5.094065799833205510e+00
5.089928958910963530e+00
5.093174682624275640e+00
5.103153938548201651e+00
5.119386791697156269e+00
5.141561247008841207e+00
5.169567748093622406e+00
5.203579072290700047e+00
5.244197847952811742e+00
5.292714212278078811e+00
5.351548806615455511e+00
5.424995929771639247e+00
5.520349880273859533e+00
5.648931908958144454e+00
5.823378570319565739e+00
6.036783277955740878e+00
6.208036472167609787e+00
6.203078565909247999e+00
6.047340698649960267e+00
5.887070422967565442e+00
5.787400316707671521e+00
5.748655974301347449e+00
5.763338406792610336e+00
5.836243101851221304e+00
5.994627818489306037e+00
6.298439263646265829e+00
6.728759921939544419e+00
6.600088019551919594e+00
5.938471320253076335e+00
5.619105047175234624e+00
5.532455498387760073e+00
5.537897355700333257e+00
5.586810577937106004e+00
5.665055821133140768e+00
5.773357196062329777e+00
5.932056311500103263e+00
6.254429967914045818e+00
6.194384212235850562e+00
6.167892108961424924e+00
6.340347096662429571e+00
6.524565303504972213e+00
6.696254808088530908e+00
6.835458602909365133e+00
6.930027562321448897e+00
6.983065375414172493e+00
7.007836225701496780e+00
7.017051687353413669e+00
7.017914377637639589e+00
7.013197798021110430e+00
7.003804866810509289e+00
6.990455913322007220e+00
6.974325263564069566e+00
6.957057506833239202e+00
6.940535949733027010e+00
6.926615296950358491e+00
6.916913343202101494e+00
6.912688626282312399e+00
6.914797021607787642e+00
6.923706995432010736e+00
6.939551467379699190e+00
6.962197780420332549e+00
6.991322357232530038e+00
7.026481286923803360e+00
7.067171624881745551e+00
7.112880579683080740e+00
7.163121284692382851e+00
7.217454841252313180e+00
7.275499047831598176e+00
7.336924860797849668e+00
7.401442223722759728e+00
7.468777393022545397e+00
7.538644053532777001e+00
7.610709745630061640e+00
7.684555638057354088e+00
7.759615716257695972e+00
7.835040187972487580e+00
7.909272635384888339e+00
7.978470728211317642e+00
8.029793996204723783e+00
8.014343064839582809e+00
7.866007720943382964e+00
7.877476449581543250e+00
8.014202733132446355e+00
8.116349588001911641e+00
8.186475834209698377e+00
8.237430331822428897e+00
8.276943404174708974e+00
8.310347841978694916e+00
8.342373492071626373e+00
8.377987074598120643e+00
8.422730387366184956e+00
8.482627461537713742e+00
8.563401833143405639e+00
8.668419258692683371e+00
8.794671157671833939e+00
8.927160083717609496e+00
9.035578779936114913e+00
9.081279560227031311e+00
9.037375507838667943e+00
8.906831591331417997e+00
8.719046832435189742e+00
8.510035002005114535e+00
8.306733699780565416e+00
8.123413240375754185e+00
7.964952957519249921e+00
7.831052219190082653e+00
7.719128940490133317e+00
7.625856242054363854e+00
7.547830609812842262e+00
7.481780100675595513e+00
7.424543812822371969e+00
7.372923324897100450e+00
7.323429721323184260e+00
7.271945772459646129e+00
7.213723274724529233e+00
7.148171632366170591e+00
7.137674687730780398e+00
7.738168108542885726e+00
8.147033360115745637e+00
7.867555509044895423e+00
7.692731957653847985e+00
7.587099404067956243e+00
7.512840585862800680e+00
7.453492832169323457e+00
7.401408740869584335e+00
7.352705857423629254e+00
7.305299055387931340e+00
7.258058048435152898e+00
7.210410205607322709e+00
7.162136694353873345e+00
7.113259676052798852e+00
7.063975463340986138e+00
7.014612519771572963e+00
6.965604533125885567e+00
6.917476040211166577e+00
6.870848222219374968e+00
6.826507760187298324e+00
6.785802048874575831e+00
6.754469758739030993e+00
7.514665508304303465e+00
6.682459901806460323e+00
6.650059864297895196e+00
6.628632950087145481e+00
6.613947185209577917e+00
6.606032856660827512e+00
6.605266571082652582e+00
6.612055336061496646e+00
6.626777782644814430e+00
6.649762147704229243e+00
6.681267986411911330e+00
6.721462571498831196e+00
6.770387031196450245e+00
6.827907906325728860e+00
6.893650037950996179e+00
6.966907713849710859e+00
7.046533893096068368e+00
7.130813388250572871e+00
7.217336354997536674e+00
7.302903586575367534e+00
7.383512486054443436e+00
7.454484893198650042e+00
7.510792324100695971e+00
7.547596398841872833e+00
7.560948159750984665e+00
7.548500128169878920e+00
7.510027013689346553e+00
7.447575219088939491e+00
7.365177266584137961e+00
7.268222056779161555e+00
7.162681620377518321e+00
7.054407433601623367e+00
6.948637209130358094e+00
6.849751823397011385e+00
6.761243191138714081e+00
6.685817779682174944e+00
6.625559674848947367e+00
6.582093698185137676e+00
6.556707855297072562e+00
6.550407541120838673e+00
6.563880020776953650e+00
6.597349678982189047e+00
6.650308741670332147e+00
6.721124538994318165e+00
6.806565487699937300e+00
6.901362821449471774e+00
6.998022673789435544e+00
7.087169145661193603e+00
7.158632876325207839e+00
7.203219469951741338e+00
7.214668724199703398e+00
7.191034334916442283e+00
7.134875626711075114e+00
7.052226511997532477e+00
6.950880019860627534e+00
6.838704859127612501e+00
6.722478140265558899e+00
6.607351201062466650e+00
6.496811124559379813e+00
6.392922152718990780e+00
6.296666968331724235e+00
6.208278713715293939e+00
6.127515201778176213e+00
6.053864331329800841e+00
5.986687777146851630e+00
5.925316018147836594e+00
5.869107776926775877e+00
5.817484675531260585e+00
5.769949224884465266e+00
5.726091915871308835e+00
5.685591372628065798e+00
5.648210232078982429e+00
5.613788522806529180e+00
5.582235719624082826e+00
5.553522255958900367e+00
5.527671015469535654e+00
5.504749150461480056e+00
5.484860454312241451e+00
5.468138431199429661e+00
5.454740142660098101e+00
5.444840862923216562e+00
5.438629537006872461e+00
5.436305005320400063e+00
5.438072934222240917e+00
5.444143371354408067e+00
5.454728826818416643e+00
5.470042763751814974e+00
5.490298362220020323e+00
5.515707396293263010e+00
5.546479030595218518e+00
5.582818296704320282e+00
5.624923944156988931e+00
5.672985270600118035e+00
5.727177413204242562e+00
5.787654423206191723e+00
5.854539244473691006e+00
5.927909481181769635e+00
6.007777591043335086e+00
6.094063931793001210e+00
6.186561023413715610e+00
6.284887646807812978e+00
6.388432263259617550e+00
6.496287096500887870e+00
6.607177512708129363e+00
6.719396382322178063e+00
6.830759737341705495e+00
6.938607004092894215e+00
7.039873483078111782e+00
7.131259926097246016e+00
7.209509040487898979e+00
7.271769619833657217e+00
7.315991394771993228e+00
7.341262689280727116e+00
7.347997887933241934e+00
7.337913769387288454e+00
7.313794627160434381e+00
7.279109128221819880e+00
7.237578061987503197e+00
7.192788705140976013e+00
7.147917548020448208e+00
7.105579716211138930e+00
7.067789147614261580e+00
7.035996358892678160e+00
7.011168636151992040e+00
6.993884430400799879e+00
6.984423544198821610e+00
6.982843559402818201e+00
6.989039352321797516e+00
7.002786412831377483e+00
7.023770601051790408e+00
7.051607622826339572e+00
7.085855440367014424e+00
7.126022431467959883e+00
7.171573584573924798e+00
7.221936473508671739e+00
7.276508232597625359e+00
7.334664257519573738e+00
7.395768887102585509e+00
7.459187877627640795e+00
7.524302079311879332e+00
7.590521390149935321e+00
7.657297830609193667e+00
7.724136490508610287e+00
7.790603171438907459e+00
7.856327792662836984e+00
7.921003024636902978e+00
7.984378117871131053e+00
8.046248438647220169e+00
8.106441732384451981e+00
8.164802538372722296e+00
8.221176422464793632e+00
8.275395747105926958e+00
8.327268558593667436e+00
8.376571862071649832e+00
8.423050115388576842e+00
8.466419256074162902e+00
8.506376035679132031e+00
8.542611928174071778e+00
8.574830453040039657e+00
8.602766448685922995e+00
8.626205676048805060e+00
8.645003136720482928e+00
8.659098648336867043e+00
8.668528507029650498e+00
8.673432443674066405e+00
8.674055498085143867e+00
8.670744843988966721e+00
8.663941954045640159e+00
8.654170768437269956e+00
8.642022707624887445e+00
8.628139449631644808e+00
8.613194388668159007e+00
8.597873622572155483e+00
8.582857206922025028e+00
8.568801282623997650e+00
8.556321552353500337e+00
8.545978461400229875e+00
8.538264340089435578e+00
8.533592694046882698e+00
8.532289784815098699e+00
8.534588626672448441e+00
8.540625529273180305e+00
8.550439333357433114e+00
8.563973506560024873e+00
8.581081275288495291e+00
8.601533952284468043e+00
8.625032562137004533e+00
8.651222755556746691e+00
8.679712829481710301e+00
8.710094431555502226e+00
8.741965234170068655e+00
8.774952534190006759e+00
8.808736401067942978e+00
8.843070696669935060e+00
8.877800062771683542e+00
8.912870849585090127e+00
8.948333954389294576e+00
8.984337647134081450e+00
9.021108647897122523e+00
9.058919943199249758e+00
9.098044040213562056e+00
9.138690550992304651e+00
9.180927247417431047e+00
9.224584259351447102e+00
9.269142362329878537e+00
9.313609072701774849e+00
9.356391538209912540e+00
9.395183900315466019e+00
9.426898890959463984e+00
9.447686455431037800e+00
9.453089617074155626e+00
9.438378848371595353e+00
9.399070044623226039e+00
9.331566733569690797e+00
9.233793956749392962e+00
9.105649104004603700e+00
8.949122008115994120e+00
8.768036022884373892e+00
8.567488597198096301e+00
8.353158272188863975e+00
8.130655946900345654e+00
7.905042371839502202e+00
7.680553735065926979e+00
7.460512738297834900e+00
7.247370619060587771e+00
7.042822115547241246e+00
6.847947633348275609e+00
6.663353359976332158e+00
6.489294253746161978e+00
6.325774560409096026e+00
6.172626093949713066e+00
6.029567126545833489e+00
5.896245543875370920e+00
5.772269801031129077e+00
5.657230702641562914e+00
5.550716424514432035e+00
5.452322630002139014e+00
5.361659064967186694e+00
5.278353645932944538e+00
5.202054777158755527e+00
5.132432425439781731e+00
5.069178330728566273e+00
5.012005621438077263e+00
4.960648024823497870e+00
4.914858806197368146e+00
4.874409530425427128e+00
4.839088709952934941e+00
4.808700382873277057e+00
4.783062649760950968e+00
4.762006187432677784e+00
4.745372750652396832e+00
4.733013667824357285e+00
4.724788333798824347e+00
4.720562701327679633e+00
4.720207772374915400e+00
4.723598091188257797e+00
4.730610242637688145e+00
4.741121361786492017e+00
4.755007663906324566e+00
4.772143008092741390e+00
4.792397512234898294e+00
4.815636242293728664e+00
4.841718004284231824e+00
4.870494273119137851e+00
4.901808297856960372e+00
4.935494428050682281e+00
4.971377709547373236e+00
5.009273800987235958e+00
5.048989261351722213e+00
5.090322257515910387e+00
5.133063733512549298e+00
5.176999073572402743e+00
5.221910276748841895e+00
5.267578642027797464e+00
5.313787940898687445e+00
5.360328028607669104e+00
5.406998818642769322e+00
5.453614518074064499e+00
5.500007997083234734e+00
5.546035146706774555e+00
5.591579066894953876e+00
5.636553926133675674e+00
5.680908345318917085e+00
5.724628188933988504e+00
5.767738700295446108e+00
5.810306014377370154e+00
5.852438265348681057e+00
5.894286909688659648e+00
5.936049926412137800e+00
5.977981728311210219e+00
6.020426213791359338e+00
6.063942741826211957e+00
6.109939551170318950e+00
6.166350738092051920e+00
6.637899472519889876e+00
6.296472408511991858e+00
6.308418201665456415e+00
6.355799892629868886e+00
6.410366651018107653e+00
6.469693057736638053e+00
6.533636554115297201e+00
6.602609894361251897e+00
6.677345853712234991e+00
6.758970747112598154e+00
6.849304972647754397e+00
6.951606878989085914e+00
7.072533847659438599e+00
7.228208365061693286e+00
7.467806396157645743e+00
7.986128047622674586e+00
8.545426200665069416e+00
7.489471882878278031e+00
7.423415797541109917e+00
7.522992410881414571e+00
7.646627609919380397e+00
7.775672208135321561e+00
7.906464226247822857e+00
8.037753576650723986e+00
8.168560850552287533e+00
8.297709305169034266e+00
8.423710202740249287e+00
8.544750410235415927e+00
8.658734512568761588e+00
8.763379069104967556e+00
8.856364127976974032e+00
8.935541670415865667e+00
8.999189933735138425e+00
9.046293133421633215e+00
9.076827172507160313e+00
9.092056742777030465e+00
9.094920495110265790e+00
9.090756307834098493e+00
9.089088589626260983e+00
9.108654061381692202e+00
9.192623972713510838e+00
9.447612022766259443e+00
9.886817287474150007e+00
9.413524346629115414e+00
8.778877356969838175e+00
8.513951496772406813e+00
8.380505828783789468e+00
8.293184296849155146e+00
8.227070254401287031e+00
8.173851823255237292e+00
8.130343092678121053e+00
8.095136589224416923e+00
8.067483059817725177e+00
8.046872763542088691e+00
8.032866043345496365e+00
8.025021578243167752e+00
8.022866207634058000e+00
8.025883937659694212e+00
8.033514711245176798e+00
8.045158849824513680e+00
8.060185358843561687e+00
8.077943278100468305e+00
8.097775675497219439e+00
8.119036054954301918e+00
8.141107052199203054e+00
8.163421450524955603e+00
8.185485891400428926e+00
8.206908363245302596e+00
8.227431934998911345e+00
8.246979858664028384e+00
8.265722351723807648e+00
8.284185890359301752e+00
8.303448327975605281e+00
8.325514209599136350e+00
8.354088465939193853e+00
8.396287642020137554e+00
8.466706537506084373e+00
8.597631873438130512e+00
8.863174786103300562e+00
9.392779285583991111e+00
9.986278617843485250e+00
9.686960628575651100e+00
9.054115934159657542e+00
8.673312230600785711e+00
8.467003352946225192e+00
8.344121812223713519e+00
8.261768932935916965e+00
8.200359912629270553e+00
8.150293799795925054e+00
8.106443309233460681e+00
8.065831615538385790e+00
8.026593280111981699e+00
7.987483175455301954e+00
7.947635227653647938e+00
7.906441790184399743e+00
7.863493537609740791e+00
7.818549850447628735e+00
7.771523679513256511e+00
7.722471943580711873e+00
7.671586434391452158e+00
7.619182615977748263e+00
7.565685318945866378e+00
7.511611443071902094e+00
7.457550515602917152e+00
7.404144369844518181e+00
7.352067360202686253e+00
7.302008476615903909e+00
7.254656535899628444e+00
7.210689386629093534e+00
7.170767841019023869e+00
7.135534905794226113e+00
7.105620879774857457e+00
7.081655070199256663e+00
7.064285313358936058e+00
7.054207252380287230e+00
7.052206558464156672e+00
7.059219184847624007e+00
7.076417605508383168e+00
7.105335139889436213e+00
7.148045966131314266e+00
7.207423923962850587e+00
7.287501946702938049e+00
7.393920909873754610e+00
7.534309281290311411e+00
7.717926782303794475e+00
7.952430667371954698e+00
8.232484735060232595e+00
8.513842947728246457e+00
8.690205895106606349e+00
8.649725017097544821e+00
8.410773154298802012e+00
8.111145015882188503e+00
7.858614929932172366e+00
7.682899534777274830e+00
7.573966906116425868e+00
7.513779262452304764e+00
7.487213343550566336e+00
7.483590438805612699e+00
7.495761084227489768e+00
7.518994255894241974e+00
7.550146736950162030e+00
7.587113286031258674e+00
7.628476183209637718e+00
7.673283261499756591e+00
7.720906121042467873e+00
7.770947884395861038e+00
7.823181338891845193e+00
7.877505295960831155e+00
7.933911103581796631e+00
7.992453602944883606e+00
8.053222150693088111e+00
8.116308112483563875e+00
8.181765826690529764e+00
8.249564752733441253e+00
8.319531675710322816e+00
8.391283771771798072e+00
8.464156338303675753e+00
8.537133169499441010e+00
8.608792583518251718e+00
8.677286908390291487e+00
8.740375774061792669e+00
8.795531051664490008e+00
8.840121189615004482e+00
8.871664558052071214e+00
8.888118761686154556e+00
8.888153627108977162e+00
8.871349326726388540e+00
8.838273869298765462e+00
8.790423612575107626e+00
8.730045719038187713e+00
8.659888840643809260e+00
8.582938629877832071e+00
8.502187497919129200e+00
8.420470117162958346e+00
8.340376430500423766e+00
8.264239033014433744e+00
8.194184381127122663e+00
8.132236757923067216e+00
8.080468074922157129e+00
8.041192744482495769e+00
8.017211621065717608e+00
8.012105658197064884e+00
8.030550764768321415e+00
8.078522536222330075e+00
8.162964108066557145e+00
8.289764907470100752e+00
8.457566414115614606e+00
8.644355932911686580e+00
8.791271812099285654e+00
8.812141863952483334e+00
8.658232229237766475e+00
8.374301261700793475e+00
8.054276339061377854e+00
7.765347345062399320e+00
7.530481145963313416e+00
7.347456949784601399e+00
7.206162367895078802e+00
7.096339263962847532e+00
7.009762899762645105e+00
6.940333175074096417e+00
6.883625338698695195e+00
6.836417444332647086e+00
6.796320656271960914e+00
6.761516990857386666e+00
6.730580920384931609e+00
6.702360740579797138e+00
6.675901162033116343e+00
6.650394056846921309e+00
6.625148380685413230e+00
6.599573070111127926e+00
6.573168534753804693e+00
6.545523547630544670e+00
6.516315128158411518e+00
6.485309575049813979e+00
6.452363248618190994e+00
6.417422084246807046e+00
6.380519172740309664e+00
6.341770075042036936e+00
6.301365841821549907e+00
6.259563967934743900e+00
6.216677712822433755e+00
6.173064349635883907e+00
6.129112964916335393e+00
6.085232421546695747e+00
6.041840032463496435e+00
5.999351387323410556e+00
5.958171647509995950e+00
5.918688493663122330e+00
5.881266788178397320e+00
5.846244913162133905e+00
5.813932667293197021e+00
5.784610554769072266e+00
5.758530274467325683e+00
5.735916214544583447e+00
5.716967772672435721e+00
5.701862351145444485e+00
5.690758915558460806e+00
5.683802053694205547e+00
5.681126526482635164e+00
5.682862366422511968e+00
5.689140653187545915e+00
5.700100186085554910e+00
5.715895386169597359e+00
5.736705908389623687e+00
5.762748641783094428e+00
5.794293045744331572e+00
5.831681142049931488e+00
5.875353993266974939e+00
5.925887188572058761e+00
5.984038754772828206e+00
6.050813972917890915e+00
6.127552563516717399e+00
6.216043800127038388e+00
6.318672099816105003e+00
6.438583892319345026e+00
6.579832761984188316e+00
6.747375033882680562e+00
6.946598684602862228e+00
7.181713546970680540e+00
7.451894931789999177e+00
7.744329095679595376e+00
8.026483038958762251e+00
8.247445690604244817e+00
8.360248669150379897e+00
8.354452852820044129e+00
8.263265715014048496e+00
8.136818037199965659e+00
8.014251552993741257e+00
7.915619688751560190e+00
7.846864276481179346e+00
7.806729447852373660e+00
7.791325445007590389e+00
7.796364563573509265e+00
7.818030286468022005e+00
7.853204430674820102e+00
7.899438875685040884e+00
7.954847188654352586e+00
8.017986514508400830e+00
8.087753698366270783e+00
8.163300893781370249e+00
8.243969187552238509e+00
8.329236987700628703e+00
8.418679891941167170e+00
8.511939316437022285e+00
8.608697786504437843e+00
8.708659329922916470e+00
8.811533828370830435e+00
8.917024478966391499e+00
9.024817714720857253e+00
9.134575047003316683e+00
9.245926342385120122e+00
9.358464047100365946e+00
9.471737836330458293e+00
9.585249119488709724e+00
9.698444798404855405e+00
9.810709691162150747e+00
9.921357148538699988e+00
1.002961765620693768e+01
1.013462569312091688e+01
1.023540584656310770e+01
1.033086017021862091e+01
1.041975993828643254e+01
1.050074610466909775e+01
1.057234358683665221e+01
1.063299449613671577e+01
1.068111413779597818e+01
1.071517066424226527e+01
1.073378476647428315e+01
1.073584043926086018e+01
1.072059302542354509e+01
1.068775812814886450e+01
1.063756596154408385e+01
