4.480000000000000000e+02
4.480040000000000191e+02
4.480079999999999814e+02
4.480120000000000005e+02
4.480160000000000196e+02
4.480199999999999818e+02
4.480240000000000009e+02
4.480280000000000200e+02
4.480319999999999823e+02
4.480360000000000014e+02
4.480400000000000205e+02
4.480439999999999827e+02
4.480480000000000018e+02
4.480520000000000209e+02
4.480559999999999832e+02
4.480600000000000023e+02
4.480640000000000214e+02
4.480679999999999836e+02
4.480720000000000027e+02
4.480760000000000218e+02
4.480799999999999841e+02
4.480840000000000032e+02
4.480880000000000223e+02
4.480919999999999845e+02
4.480960000000000036e+02
4.481000000000000227e+02
4.481039999999999850e+02
4.481080000000000041e+02
4.481120000000000232e+02
4.481159999999999854e+02
4.481200000000000045e+02
4.481240000000000236e+02
4.481279999999999859e+02
4.481320000000000050e+02
4.481360000000000241e+02
4.481399999999999864e+02
4.481440000000000055e+02
4.481480000000000246e+02
4.481519999999999868e+02
4.481560000000000059e+02
4.481600000000000250e+02
4.481639999999999873e+02
4.481680000000000064e+02
4.481720000000000255e+02
4.481759999999999877e+02
4.481800000000000068e+02
4.481840000000000259e+02
4.481879999999999882e+02
4.481920000000000073e+02
4.481960000000000264e+02
4.481999999999999886e+02
4.482040000000000077e+02
4.482080000000000268e+02
4.482119999999999891e+02
4.482160000000000082e+02
4.482200000000000273e+02
4.482239999999999895e+02
4.482280000000000086e+02
4.482320000000000277e+02
4.482359999999999900e+02
4.482400000000000091e+02
4.482440000000000282e+02
4.482479999999999905e+02
4.482520000000000095e+02
4.482559999999999718e+02
4.482599999999999909e+02
4.482640000000000100e+02
4.482679999999999723e+02
4.482719999999999914e+02
4.482760000000000105e+02
4.482799999999999727e+02
4.482839999999999918e+02
4.482880000000000109e+02
4.482919999999999732e+02
4.482959999999999923e+02
4.483000000000000114e+02
4.483039999999999736e+02
4.483079999999999927e+02
4.483120000000000118e+02
4.483159999999999741e+02
4.483199999999999932e+02
4.483240000000000123e+02
4.483279999999999745e+02
4.483319999999999936e+02
4.483360000000000127e+02
4.483399999999999750e+02
4.483439999999999941e+02
4.483480000000000132e+02
4.483519999999999754e+02
4.483559999999999945e+02
4.483600000000000136e+02
4.483639999999999759e+02
4.483679999999999950e+02
4.483720000000000141e+02
4.483759999999999764e+02
4.483799999999999955e+02
4.483840000000000146e+02
4.483879999999999768e+02
4.483919999999999959e+02
4.483960000000000150e+02
4.483999999999999773e+02
4.484039999999999964e+02
4.484080000000000155e+02
4.484119999999999777e+02
4.484159999999999968e+02
4.484200000000000159e+02
4.484239999999999782e+02
4.484279999999999973e+02
4.484320000000000164e+02
4.484359999999999786e+02
4.484399999999999977e+02
4.484440000000000168e+02
4.484479999999999791e+02
4.484519999999999982e+02
4.484560000000000173e+02
4.484599999999999795e+02
4.484639999999999986e+02
4.484680000000000177e+02
4.484719999999999800e+02
4.484759999999999991e+02
4.484800000000000182e+02
4.484839999999999804e+02
4.484879999999999995e+02
4.484920000000000186e+02
4.484959999999999809e+02
4.485000000000000000e+02
4.485040000000000191e+02
4.485079999999999814e+02
4.485120000000000005e+02
4.485160000000000196e+02
4.485199999999999818e+02
4.485240000000000009e+02
4.485280000000000200e+02
4.485319999999999823e+02
4.485360000000000014e+02
4.485400000000000205e+02
4.485439999999999827e+02
4.485480000000000018e+02
4.485520000000000209e+02
4.485559999999999832e+02
4.485600000000000023e+02
4.485640000000000214e+02
4.485679999999999836e+02
4.485720000000000027e+02
4.485760000000000218e+02
4.485799999999999841e+02
4.485840000000000032e+02
4.485880000000000223e+02
4.485919999999999845e+02
4.485960000000000036e+02
4.486000000000000227e+02
4.486039999999999850e+02
4.486080000000000041e+02
4.486120000000000232e+02
4.486159999999999854e+02
4.486200000000000045e+02
4.486240000000000236e+02
4.486279999999999859e+02
4.486320000000000050e+02
4.486360000000000241e+02
4.486399999999999864e+02
4.486440000000000055e+02
4.486480000000000246e+02
4.486519999999999868e+02
4.486560000000000059e+02
4.486600000000000250e+02
4.486639999999999873e+02
4.486680000000000064e+02
4.486720000000000255e+02
4.486759999999999877e+02
4.486800000000000068e+02
4.486840000000000259e+02
4.486879999999999882e+02
4.486920000000000073e+02
4.486960000000000264e+02
4.486999999999999886e+02
4.487040000000000077e+02
4.487080000000000268e+02
4.487119999999999891e+02
4.487160000000000082e+02
4.487200000000000273e+02
4.487239999999999895e+02
4.487280000000000086e+02
4.487320000000000277e+02
4.487359999999999900e+02
4.487400000000000091e+02
4.487440000000000282e+02
4.487479999999999905e+02
4.487520000000000095e+02
4.487559999999999718e+02
4.487599999999999909e+02
4.487640000000000100e+02
4.487679999999999723e+02
4.487719999999999914e+02
4.487760000000000105e+02
4.487799999999999727e+02
4.487839999999999918e+02
4.487880000000000109e+02
4.487919999999999732e+02
4.487959999999999923e+02
4.488000000000000114e+02
4.488039999999999736e+02
4.488079999999999927e+02
4.488120000000000118e+02
4.488159999999999741e+02
4.488199999999999932e+02
4.488240000000000123e+02
4.488279999999999745e+02
4.488319999999999936e+02
4.488360000000000127e+02
4.488399999999999750e+02
4.488439999999999941e+02
4.488480000000000132e+02
4.488519999999999754e+02
4.488559999999999945e+02
4.488600000000000136e+02
4.488639999999999759e+02
4.488679999999999950e+02
4.488720000000000141e+02
4.488759999999999764e+02
4.488799999999999955e+02
4.488840000000000146e+02
4.488879999999999768e+02
4.488919999999999959e+02
4.488960000000000150e+02
4.488999999999999773e+02
4.489039999999999964e+02
4.489080000000000155e+02
4.489119999999999777e+02
4.489159999999999968e+02
4.489200000000000159e+02
4.489239999999999782e+02
4.489279999999999973e+02
4.489320000000000164e+02
4.489359999999999786e+02
4.489399999999999977e+02
4.489440000000000168e+02
4.489479999999999791e+02
4.489519999999999982e+02
4.489560000000000173e+02
4.489599999999999795e+02
4.489639999999999986e+02
4.489680000000000177e+02
4.489719999999999800e+02
4.489759999999999991e+02
4.489800000000000182e+02
4.489839999999999804e+02
4.489879999999999995e+02
4.489920000000000186e+02
4.489959999999999809e+02
4.490000000000000000e+02
4.490040000000000191e+02
4.490079999999999814e+02
4.490120000000000005e+02
4.490160000000000196e+02
4.490199999999999818e+02
4.490240000000000009e+02
4.490280000000000200e+02
4.490319999999999823e+02
4.490360000000000014e+02
4.490400000000000205e+02
4.490439999999999827e+02
4.490480000000000018e+02
4.490520000000000209e+02
4.490559999999999832e+02
4.490600000000000023e+02
4.490640000000000214e+02
4.490679999999999836e+02
4.490720000000000027e+02
4.490760000000000218e+02
4.490799999999999841e+02
4.490840000000000032e+02
4.490880000000000223e+02
4.490919999999999845e+02
4.490960000000000036e+02
4.491000000000000227e+02
4.491039999999999850e+02
4.491080000000000041e+02
4.491120000000000232e+02
4.491159999999999854e+02
4.491200000000000045e+02
4.491240000000000236e+02
4.491279999999999859e+02
4.491320000000000050e+02
4.491360000000000241e+02
4.491399999999999864e+02
4.491440000000000055e+02
4.491480000000000246e+02
4.491519999999999868e+02
4.491560000000000059e+02
4.491600000000000250e+02
4.491639999999999873e+02
4.491680000000000064e+02
4.491720000000000255e+02
4.491759999999999877e+02
4.491800000000000068e+02
4.491840000000000259e+02
4.491879999999999882e+02
4.491920000000000073e+02
4.491960000000000264e+02
4.491999999999999886e+02
4.492040000000000077e+02
4.492080000000000268e+02
4.492119999999999891e+02
4.492160000000000082e+02
4.492200000000000273e+02
4.492239999999999895e+02
4.492280000000000086e+02
4.492320000000000277e+02
4.492359999999999900e+02
4.492400000000000091e+02
4.492440000000000282e+02
4.492479999999999905e+02
4.492520000000000095e+02
4.492559999999999718e+02
4.492599999999999909e+02
4.492640000000000100e+02
4.492679999999999723e+02
4.492719999999999914e+02
4.492760000000000105e+02
4.492799999999999727e+02
4.492839999999999918e+02
4.492880000000000109e+02
4.492919999999999732e+02
4.492959999999999923e+02
4.493000000000000114e+02
4.493039999999999736e+02
4.493079999999999927e+02
4.493120000000000118e+02
4.493159999999999741e+02
4.493199999999999932e+02
4.493240000000000123e+02
4.493279999999999745e+02
4.493319999999999936e+02
4.493360000000000127e+02
4.493399999999999750e+02
4.493439999999999941e+02
4.493480000000000132e+02
4.493519999999999754e+02
4.493559999999999945e+02
4.493600000000000136e+02
4.493639999999999759e+02
4.493679999999999950e+02
4.493720000000000141e+02
4.493759999999999764e+02
4.493799999999999955e+02
4.493840000000000146e+02
4.493879999999999768e+02
4.493919999999999959e+02
4.493960000000000150e+02
4.493999999999999773e+02
4.494039999999999964e+02
4.494080000000000155e+02
4.494119999999999777e+02
4.494159999999999968e+02
4.494200000000000159e+02
4.494239999999999782e+02
4.494279999999999973e+02
4.494320000000000164e+02
4.494359999999999786e+02
4.494399999999999977e+02
4.494440000000000168e+02
4.494479999999999791e+02
4.494519999999999982e+02
4.494560000000000173e+02
4.494599999999999795e+02
4.494639999999999986e+02
4.494680000000000177e+02
4.494719999999999800e+02
4.494759999999999991e+02
4.494800000000000182e+02
4.494839999999999804e+02
4.494879999999999995e+02
4.494920000000000186e+02
4.494959999999999809e+02
4.495000000000000000e+02
4.495040000000000191e+02
4.495079999999999814e+02
4.495120000000000005e+02
4.495160000000000196e+02
4.495199999999999818e+02
4.495240000000000009e+02
4.495280000000000200e+02
4.495319999999999823e+02
4.495360000000000014e+02
4.495400000000000205e+02
4.495439999999999827e+02
4.495480000000000018e+02
4.495520000000000209e+02
4.495559999999999832e+02
4.495600000000000023e+02
4.495640000000000214e+02
4.495679999999999836e+02
4.495720000000000027e+02
4.495760000000000218e+02
4.495799999999999841e+02
4.495840000000000032e+02
4.495880000000000223e+02
4.495919999999999845e+02
4.495960000000000036e+02
4.496000000000000227e+02
4.496039999999999850e+02
4.496080000000000041e+02
4.496120000000000232e+02
4.496159999999999854e+02
4.496200000000000045e+02
4.496240000000000236e+02
4.496279999999999859e+02
4.496320000000000050e+02
4.496360000000000241e+02
4.496399999999999864e+02
4.496440000000000055e+02
4.496480000000000246e+02
4.496519999999999868e+02
4.496560000000000059e+02
4.496600000000000250e+02
4.496639999999999873e+02
4.496680000000000064e+02
4.496720000000000255e+02
4.496759999999999877e+02
4.496800000000000068e+02
4.496840000000000259e+02
4.496879999999999882e+02
4.496920000000000073e+02
4.496960000000000264e+02
4.496999999999999886e+02
4.497040000000000077e+02
4.497080000000000268e+02
4.497119999999999891e+02
4.497160000000000082e+02
4.497200000000000273e+02
4.497239999999999895e+02
4.497280000000000086e+02
4.497320000000000277e+02
4.497359999999999900e+02
4.497400000000000091e+02
4.497440000000000282e+02
4.497479999999999905e+02
4.497520000000000095e+02
4.497559999999999718e+02
4.497599999999999909e+02
4.497640000000000100e+02
4.497679999999999723e+02
4.497719999999999914e+02
4.497760000000000105e+02
4.497799999999999727e+02
4.497839999999999918e+02
4.497880000000000109e+02
4.497919999999999732e+02
4.497959999999999923e+02
4.498000000000000114e+02
4.498039999999999736e+02
4.498079999999999927e+02
4.498120000000000118e+02
4.498159999999999741e+02
4.498199999999999932e+02
4.498240000000000123e+02
4.498279999999999745e+02
4.498319999999999936e+02
4.498360000000000127e+02
4.498399999999999750e+02
4.498439999999999941e+02
4.498480000000000132e+02
4.498519999999999754e+02
4.498559999999999945e+02
4.498600000000000136e+02
4.498639999999999759e+02
4.498679999999999950e+02
4.498720000000000141e+02
4.498759999999999764e+02
4.498799999999999955e+02
4.498840000000000146e+02
4.498879999999999768e+02
4.498919999999999959e+02
4.498960000000000150e+02
4.498999999999999773e+02
4.499039999999999964e+02
4.499080000000000155e+02
4.499119999999999777e+02
4.499159999999999968e+02
4.499200000000000159e+02
4.499239999999999782e+02
4.499279999999999973e+02
4.499320000000000164e+02
4.499359999999999786e+02
4.499399999999999977e+02
4.499440000000000168e+02
4.499479999999999791e+02
4.499519999999999982e+02
4.499560000000000173e+02
4.499599999999999795e+02
4.499639999999999986e+02
4.499680000000000177e+02
4.499719999999999800e+02
4.499759999999999991e+02
4.499800000000000182e+02
4.499839999999999804e+02
4.499879999999999995e+02
4.499920000000000186e+02
4.499959999999999809e+02
4.500000000000000000e+02
4.500040000000000191e+02
4.500079999999999814e+02
4.500120000000000005e+02
4.500160000000000196e+02
4.500199999999999818e+02
4.500240000000000009e+02
4.500280000000000200e+02
4.500319999999999823e+02
4.500360000000000014e+02
4.500400000000000205e+02
4.500439999999999827e+02
4.500480000000000018e+02
4.500520000000000209e+02
4.500559999999999832e+02
4.500600000000000023e+02
4.500640000000000214e+02
4.500679999999999836e+02
4.500720000000000027e+02
4.500760000000000218e+02
4.500799999999999841e+02
4.500840000000000032e+02
4.500880000000000223e+02
4.500919999999999845e+02
4.500960000000000036e+02
4.501000000000000227e+02
4.501039999999999850e+02
4.501080000000000041e+02
4.501120000000000232e+02
4.501159999999999854e+02
4.501200000000000045e+02
4.501240000000000236e+02
4.501279999999999859e+02
4.501320000000000050e+02
4.501360000000000241e+02
4.501399999999999864e+02
4.501440000000000055e+02
4.501480000000000246e+02
4.501519999999999868e+02
4.501560000000000059e+02
4.501600000000000250e+02
4.501639999999999873e+02
4.501680000000000064e+02
4.501720000000000255e+02
4.501759999999999877e+02
4.501800000000000068e+02
4.501840000000000259e+02
4.501879999999999882e+02
4.501920000000000073e+02
4.501960000000000264e+02
4.501999999999999886e+02
4.502040000000000077e+02
4.502080000000000268e+02
4.502119999999999891e+02
4.502160000000000082e+02
4.502200000000000273e+02
4.502239999999999895e+02
4.502280000000000086e+02
4.502320000000000277e+02
4.502359999999999900e+02
4.502400000000000091e+02
4.502440000000000282e+02
4.502479999999999905e+02
4.502520000000000095e+02
4.502559999999999718e+02
4.502599999999999909e+02
4.502640000000000100e+02
4.502679999999999723e+02
4.502719999999999914e+02
4.502760000000000105e+02
4.502799999999999727e+02
4.502839999999999918e+02
4.502880000000000109e+02
4.502919999999999732e+02
4.502959999999999923e+02
4.503000000000000114e+02
4.503039999999999736e+02
4.503079999999999927e+02
4.503120000000000118e+02
4.503159999999999741e+02
4.503199999999999932e+02
4.503240000000000123e+02
4.503279999999999745e+02
4.503319999999999936e+02
4.503360000000000127e+02
4.503399999999999750e+02
4.503439999999999941e+02
4.503480000000000132e+02
4.503519999999999754e+02
4.503559999999999945e+02
4.503600000000000136e+02
4.503639999999999759e+02
4.503679999999999950e+02
4.503720000000000141e+02
4.503759999999999764e+02
4.503799999999999955e+02
4.503840000000000146e+02
4.503879999999999768e+02
4.503919999999999959e+02
4.503960000000000150e+02
4.503999999999999773e+02
4.504039999999999964e+02
4.504080000000000155e+02
4.504119999999999777e+02
4.504159999999999968e+02
4.504200000000000159e+02
4.504239999999999782e+02
4.504279999999999973e+02
4.504320000000000164e+02
4.504359999999999786e+02
4.504399999999999977e+02
4.504440000000000168e+02
4.504479999999999791e+02
4.504519999999999982e+02
4.504560000000000173e+02
4.504599999999999795e+02
4.504639999999999986e+02
4.504680000000000177e+02
4.504719999999999800e+02
4.504759999999999991e+02
4.504800000000000182e+02
4.504839999999999804e+02
4.504879999999999995e+02
4.504920000000000186e+02
4.504959999999999809e+02
4.505000000000000000e+02
4.505040000000000191e+02
4.505079999999999814e+02
4.505120000000000005e+02
4.505160000000000196e+02
4.505199999999999818e+02
4.505240000000000009e+02
4.505280000000000200e+02
4.505319999999999823e+02
4.505360000000000014e+02
4.505400000000000205e+02
4.505439999999999827e+02
4.505480000000000018e+02
4.505520000000000209e+02
4.505559999999999832e+02
4.505600000000000023e+02
4.505640000000000214e+02
4.505679999999999836e+02
4.505720000000000027e+02
4.505760000000000218e+02
4.505799999999999841e+02
4.505840000000000032e+02
4.505880000000000223e+02
4.505919999999999845e+02
4.505960000000000036e+02
4.506000000000000227e+02
4.506039999999999850e+02
4.506080000000000041e+02
4.506120000000000232e+02
4.506159999999999854e+02
4.506200000000000045e+02
4.506240000000000236e+02
4.506279999999999859e+02
4.506320000000000050e+02
4.506360000000000241e+02
4.506399999999999864e+02
4.506440000000000055e+02
4.506480000000000246e+02
4.506519999999999868e+02
4.506560000000000059e+02
4.506600000000000250e+02
4.506639999999999873e+02
4.506680000000000064e+02
4.506720000000000255e+02
4.506759999999999877e+02
4.506800000000000068e+02
4.506840000000000259e+02
4.506879999999999882e+02
4.506920000000000073e+02
4.506960000000000264e+02
4.506999999999999886e+02
4.507040000000000077e+02
4.507080000000000268e+02
4.507119999999999891e+02
4.507160000000000082e+02
4.507200000000000273e+02
4.507239999999999895e+02
4.507280000000000086e+02
4.507320000000000277e+02
4.507359999999999900e+02
4.507400000000000091e+02
4.507440000000000282e+02
4.507479999999999905e+02
4.507520000000000095e+02
4.507559999999999718e+02
4.507599999999999909e+02
4.507640000000000100e+02
4.507679999999999723e+02
4.507719999999999914e+02
4.507760000000000105e+02
4.507799999999999727e+02
4.507839999999999918e+02
4.507880000000000109e+02
4.507919999999999732e+02
4.507959999999999923e+02
4.508000000000000114e+02
4.508039999999999736e+02
4.508079999999999927e+02
4.508120000000000118e+02
4.508159999999999741e+02
4.508199999999999932e+02
4.508240000000000123e+02
4.508279999999999745e+02
4.508319999999999936e+02
4.508360000000000127e+02
4.508399999999999750e+02
4.508439999999999941e+02
4.508480000000000132e+02
4.508519999999999754e+02
4.508559999999999945e+02
4.508600000000000136e+02
4.508639999999999759e+02
4.508679999999999950e+02
4.508720000000000141e+02
4.508759999999999764e+02
4.508799999999999955e+02
4.508840000000000146e+02
4.508879999999999768e+02
4.508919999999999959e+02
4.508960000000000150e+02
4.508999999999999773e+02
4.509039999999999964e+02
4.509080000000000155e+02
4.509119999999999777e+02
4.509159999999999968e+02
4.509200000000000159e+02
4.509239999999999782e+02
4.509279999999999973e+02
4.509320000000000164e+02
4.509359999999999786e+02
4.509399999999999977e+02
4.509440000000000168e+02
4.509479999999999791e+02
4.509519999999999982e+02
4.509560000000000173e+02
4.509599999999999795e+02
4.509639999999999986e+02
4.509680000000000177e+02
4.509719999999999800e+02
4.509759999999999991e+02
4.509800000000000182e+02
4.509839999999999804e+02
4.509879999999999995e+02
4.509920000000000186e+02
4.509959999999999809e+02
4.510000000000000000e+02
4.510040000000000191e+02
4.510079999999999814e+02
4.510120000000000005e+02
4.510160000000000196e+02
4.510199999999999818e+02
4.510240000000000009e+02
4.510280000000000200e+02
4.510319999999999823e+02
4.510360000000000014e+02
4.510400000000000205e+02
4.510439999999999827e+02
4.510480000000000018e+02
4.510520000000000209e+02
4.510559999999999832e+02
4.510600000000000023e+02
4.510640000000000214e+02
4.510679999999999836e+02
4.510720000000000027e+02
4.510760000000000218e+02
4.510799999999999841e+02
4.510840000000000032e+02
4.510880000000000223e+02
4.510919999999999845e+02
4.510960000000000036e+02
4.511000000000000227e+02
4.511039999999999850e+02
4.511080000000000041e+02
4.511120000000000232e+02
4.511159999999999854e+02
4.511200000000000045e+02
4.511240000000000236e+02
4.511279999999999859e+02
4.511320000000000050e+02
4.511360000000000241e+02
4.511399999999999864e+02
4.511440000000000055e+02
4.511480000000000246e+02
4.511519999999999868e+02
4.511560000000000059e+02
4.511600000000000250e+02
4.511639999999999873e+02
4.511680000000000064e+02
4.511720000000000255e+02
4.511759999999999877e+02
4.511800000000000068e+02
4.511840000000000259e+02
4.511879999999999882e+02
4.511920000000000073e+02
4.511960000000000264e+02
4.511999999999999886e+02
4.512040000000000077e+02
4.512080000000000268e+02
4.512119999999999891e+02
4.512160000000000082e+02
4.512200000000000273e+02
4.512239999999999895e+02
4.512280000000000086e+02
4.512320000000000277e+02
4.512359999999999900e+02
4.512400000000000091e+02
4.512440000000000282e+02
4.512479999999999905e+02
4.512520000000000095e+02
4.512559999999999718e+02
4.512599999999999909e+02
4.512640000000000100e+02
4.512679999999999723e+02
4.512719999999999914e+02
4.512760000000000105e+02
4.512799999999999727e+02
4.512839999999999918e+02
4.512880000000000109e+02
4.512919999999999732e+02
4.512959999999999923e+02
4.513000000000000114e+02
4.513039999999999736e+02
4.513079999999999927e+02
4.513120000000000118e+02
4.513159999999999741e+02
4.513199999999999932e+02
4.513240000000000123e+02
4.513279999999999745e+02
4.513319999999999936e+02
4.513360000000000127e+02
4.513399999999999750e+02
4.513439999999999941e+02
4.513480000000000132e+02
4.513519999999999754e+02
4.513559999999999945e+02
4.513600000000000136e+02
4.513639999999999759e+02
4.513679999999999950e+02
4.513720000000000141e+02
4.513759999999999764e+02
4.513799999999999955e+02
4.513840000000000146e+02
4.513879999999999768e+02
4.513919999999999959e+02
4.513960000000000150e+02
4.513999999999999773e+02
4.514039999999999964e+02
4.514080000000000155e+02
4.514119999999999777e+02
4.514159999999999968e+02
4.514200000000000159e+02
4.514239999999999782e+02
4.514279999999999973e+02
4.514320000000000164e+02
4.514359999999999786e+02
4.514399999999999977e+02
4.514440000000000168e+02
4.514479999999999791e+02
4.514519999999999982e+02
4.514560000000000173e+02
4.514599999999999795e+02
4.514639999999999986e+02
4.514680000000000177e+02
4.514719999999999800e+02
4.514759999999999991e+02
4.514800000000000182e+02
4.514839999999999804e+02
4.514879999999999995e+02
4.514920000000000186e+02
4.514959999999999809e+02
4.515000000000000000e+02
4.515040000000000191e+02
4.515079999999999814e+02
4.515120000000000005e+02
4.515160000000000196e+02
4.515199999999999818e+02
4.515240000000000009e+02
4.515280000000000200e+02
4.515319999999999823e+02
4.515360000000000014e+02
4.515400000000000205e+02
4.515439999999999827e+02
4.515480000000000018e+02
4.515520000000000209e+02
4.515559999999999832e+02
4.515600000000000023e+02
4.515640000000000214e+02
4.515679999999999836e+02
4.515720000000000027e+02
4.515760000000000218e+02
4.515799999999999841e+02
4.515840000000000032e+02
4.515880000000000223e+02
4.515919999999999845e+02
4.515960000000000036e+02
4.516000000000000227e+02
4.516039999999999850e+02
4.516080000000000041e+02
4.516120000000000232e+02
4.516159999999999854e+02
4.516200000000000045e+02
4.516240000000000236e+02
4.516279999999999859e+02
4.516320000000000050e+02
4.516360000000000241e+02
4.516399999999999864e+02
4.516440000000000055e+02
4.516480000000000246e+02
4.516519999999999868e+02
4.516560000000000059e+02
4.516600000000000250e+02
4.516639999999999873e+02
4.516680000000000064e+02
4.516720000000000255e+02
4.516759999999999877e+02
4.516800000000000068e+02
4.516840000000000259e+02
4.516879999999999882e+02
4.516920000000000073e+02
4.516960000000000264e+02
4.516999999999999886e+02
4.517040000000000077e+02
4.517080000000000268e+02
4.517119999999999891e+02
4.517160000000000082e+02
4.517200000000000273e+02
4.517239999999999895e+02
4.517280000000000086e+02
4.517320000000000277e+02
4.517359999999999900e+02
4.517400000000000091e+02
4.517440000000000282e+02
4.517479999999999905e+02
4.517520000000000095e+02
4.517559999999999718e+02
4.517599999999999909e+02
4.517640000000000100e+02
4.517679999999999723e+02
4.517719999999999914e+02
4.517760000000000105e+02
4.517799999999999727e+02
4.517839999999999918e+02
4.517880000000000109e+02
4.517919999999999732e+02
4.517959999999999923e+02
4.518000000000000114e+02
4.518039999999999736e+02
4.518079999999999927e+02
4.518120000000000118e+02
4.518159999999999741e+02
4.518199999999999932e+02
4.518240000000000123e+02
4.518279999999999745e+02
4.518319999999999936e+02
4.518360000000000127e+02
4.518399999999999750e+02
4.518439999999999941e+02
4.518480000000000132e+02
4.518519999999999754e+02
4.518559999999999945e+02
4.518600000000000136e+02
4.518639999999999759e+02
4.518679999999999950e+02
4.518720000000000141e+02
4.518759999999999764e+02
4.518799999999999955e+02
4.518840000000000146e+02
4.518879999999999768e+02
4.518919999999999959e+02
4.518960000000000150e+02
4.518999999999999773e+02
4.519039999999999964e+02
4.519080000000000155e+02
4.519119999999999777e+02
4.519159999999999968e+02
4.519200000000000159e+02
4.519239999999999782e+02
4.519279999999999973e+02
4.519320000000000164e+02
4.519359999999999786e+02
4.519399999999999977e+02
4.519440000000000168e+02
4.519479999999999791e+02
4.519519999999999982e+02
4.519560000000000173e+02
4.519599999999999795e+02
4.519639999999999986e+02
4.519680000000000177e+02
4.519719999999999800e+02
4.519759999999999991e+02
4.519800000000000182e+02
4.519839999999999804e+02
4.519879999999999995e+02
4.519920000000000186e+02
4.519959999999999809e+02
4.520000000000000000e+02
