1.981691787683941053e+00
1.982245466830544478e+00
1.982785874916230373e+00
1.983312332408104339e+00
1.983824170828843991e+00
1.984320733616667054e+00
1.984801376916677684e+00
1.985265470391655684e+00
1.985712398032154269e+00
1.986141558881491687e+00
1.986552367886449844e+00
1.986944256571431922e+00
1.987316673870294981e+00
1.987669086777302363e+00
1.988000981111181176e+00
1.988311862186602053e+00
1.988601255472192575e+00
1.988868707275295744e+00
1.989113785363997078e+00
1.989336079536254909e+00
1.989535202288051252e+00
1.989710789276741831e+00
1.989862499915685534e+00
1.989990017848698001e+00
1.990093051459498996e+00
1.990171334266219061e+00
1.990224625370681899e+00
1.990252709854080981e+00
1.990255399096229949e+00
1.990232531127330340e+00
1.990183970880044617e+00
1.990109610486570979e+00
1.990009369449014187e+00
1.989883194841395975e+00
1.989731061478244856e+00
1.989552972005009801e+00
1.989348956955389047e+00
1.989119074829088785e+00
1.988863412073551995e+00
1.988582083042675919e+00
1.988275229948077705e+00
1.987943022733271503e+00
1.987585658928248566e+00
1.987203363513947441e+00
1.986796388646220324e+00
1.986365013442770833e+00
1.985909543704938773e+00
1.985430311570001161e+00
1.984927675193652652e+00
1.984402018347537044e+00
1.983853749991961957e+00
1.983283303855129631e+00
1.982691137943112247e+00
1.982077734017891668e+00
1.981443597074658669e+00
1.980789254787486131e+00
1.980115256899827259e+00
1.979422174605955709e+00
1.978710599940671111e+00
1.977981145068549607e+00
1.977234441636172901e+00
1.976471140043518870e+00
1.975691908736843416e+00
1.974897433427381888e+00
1.974088416380659350e+00
1.973265575582577869e+00
1.972429643988842241e+00
1.971581368680773272e+00
1.970721510094917583e+00
1.969850841145754261e+00
1.968970146406128441e+00
1.968080221275913866e+00
1.967181871094640933e+00
1.966275910297183627e+00
1.965363161561052729e+00
1.964444454932306128e+00
1.963520626927816926e+00
1.962592519689736248e+00
1.961660980139810828e+00
1.960726859040890835e+00
1.959791010189297245e+00
1.958854289529165849e+00
1.957917554282295969e+00
1.956981662114517295e+00
1.956047470258448717e+00
1.955115834696491861e+00
1.954187609328205788e+00
1.953263645100472123e+00
1.952344789274646830e+00
1.951431884518612270e+00
1.950525768189015352e+00
1.949627271528056038e+00
1.948737218856574360e+00
1.947856426867030200e+00
1.946985703822884162e+00
1.946125848873184960e+00
1.945277651311039691e+00
1.944441889864389372e+00
1.943619332010971590e+00
1.942810733286994385e+00
1.942016836667481705e+00
1.941238371863890144e+00
1.940476054748496937e+00
1.939730586690038283e+00
1.939002654018918692e+00
1.938292927351044748e+00
1.937602061140248466e+00
1.936930693019120797e+00
1.936279443324511407e+00
1.935648914582186908e+00
1.935039690969145187e+00
1.934452337866879423e+00
1.933887401374938531e+00
1.933345407854737852e+00
1.932826863507622672e+00
1.932332253955250323e+00
1.931862043783790561e+00
1.931416676272699195e+00
1.930996572879507323e+00
1.930602133004301502e+00
1.930233733581242062e+00
1.929891728772361370e+00
1.929576449660640680e+00
1.929288203960550563e+00
1.929027275731715507e+00
1.928793925114103303e+00
1.928588388103192441e+00
1.928410876286476228e+00
1.928261576643075070e+00
1.928140651359264046e+00
1.928048237613791294e+00
1.927984447425327152e+00
1.927949367477859388e+00
1.927943059018781824e+00
1.927965557698864574e+00
1.928016873468807457e+00
1.928096990516923182e+00
1.928205867139557439e+00
1.928343435742379874e+00
1.928509602724568284e+00
1.928704248506584396e+00
1.928927227504213748e+00
1.929178368103381169e+00
1.929457472713955957e+00
1.929764317788035255e+00
1.930098653883306259e+00
1.930460205738978807e+00
1.930848672325119031e+00
1.931263727022629384e+00
1.931705017698399640e+00
1.932172166849036588e+00
1.932664771758533462e+00
1.933182404756563555e+00
1.933724613287130190e+00
1.934290920257214053e+00
1.934880824206739458e+00
1.935493799596039066e+00
1.936129297078454048e+00
1.936786743828115220e+00
1.937465543839486104e+00
1.938165078292534371e+00
1.938884705929888819e+00
1.939623763425600833e+00
1.940381565851565959e+00
1.941157407036915972e+00
1.941950560151908700e+00
1.942760278074285418e+00
1.943585793955923124e+00
1.944426321798452317e+00
1.945281056962481214e+00
1.946149176751513332e+00
1.947029841068686373e+00
1.947922192998685853e+00
1.948825359509010813e+00
1.949738452138035205e+00
1.950660567673434764e+00
1.951590788925175790e+00
1.952528185459434740e+00
1.953471814403903828e+00
1.954420721236107772e+00
1.955373940654595355e+00
1.956330497409804359e+00
1.957289407171751705e+00
1.958249677478845818e+00
1.959210308634545594e+00
1.960170294659705492e+00
1.961128624251420982e+00
1.962084281813303965e+00
1.963036248416258456e+00
1.963983502853172025e+00
1.964925022699375967e+00
1.965859785307758845e+00
1.966786768983160183e+00
1.967704954004012130e+00
1.968613323743791277e+00
1.969510865806051392e+00
1.970396573104692406e+00
1.971269445081160754e+00
1.972128488779202327e+00
1.972972720009039005e+00
1.973801164503183214e+00
1.974612859093652029e+00
1.975406852843313965e+00
1.976182208216781699e+00
1.976938002210469003e+00
1.977673327538710391e+00
1.978387293735154762e+00
1.979079028323548428e+00
1.979747677902740532e+00
1.980392409294494227e+00
1.981012410601145080e+00
1.981606892316699176e+00
1.982175088360622839e+00
1.982716257121764913e+00
1.983229682513520720e+00
1.983714674904529351e+00
1.984170572122236464e+00
1.984596740364368728e+00
1.984992575128856629e+00
1.985357502081919412e+00
1.985690977880175456e+00
1.985992490994819892e+00
1.986261562426182792e+00
1.986497746501220796e+00
1.986700631509997317e+00
1.986869840350312222e+00
1.987005031123380450e+00
1.987105897696773038e+00
1.987172170194863030e+00
1.987203615456859529e+00
1.987200037438666023e+00
1.987161277600450138e+00
1.987087215141458696e+00
1.986977767326543409e+00
1.986832889644360556e+00
1.986652575978592461e+00
1.986436858681419171e+00
1.986185808629786331e+00
1.985899535194863619e+00
1.985578186226256259e+00
1.985221947856388613e+00
1.984831044388310595e+00
1.984405738039699996e+00
1.983946328697024031e+00
1.983453153536628211e+00
1.982926586693270377e+00
1.982367038795193492e+00
1.981774956507057039e+00
1.981150821970420139e+00
1.980495152289052596e+00
1.979808498817654083e+00
1.979091446595781845e+00
1.978344613552051046e+00
1.977568649798505218e+00
1.976764236861950463e+00
1.975932086781019059e+00
1.975072941330486165e+00
1.974187571053416024e+00
1.973276774377577203e+00
1.972341376541634661e+00
1.971382228825352412e+00
1.970400207302412721e+00
1.969396211895691362e+00
1.968371165319332761e+00
1.967326011971934463e+00
1.966261716797862436e+00
1.965179264167488560e+00
1.964079656950909358e+00
1.962963914891931783e+00
1.961833073874705846e+00
1.960688184617453089e+00
1.959530311448222761e+00
1.958360531143052308e+00
1.957179931749418733e+00
1.955989611393581740e+00
1.954790677085716188e+00
1.953584243529355780e+00
1.952371431946231750e+00
1.951153368885463646e+00
1.949931185068273454e+00
1.948706014203310355e+00
1.947478991854241448e+00
1.946251254268830388e+00
1.945023937293667959e+00
1.943798175198328204e+00
1.942575099618865986e+00
1.941355838452203608e+00
1.940141514784666343e+00
1.938933245837322294e+00
1.937732141960915255e+00
1.936539305562155588e+00
1.935355830164959157e+00
1.934182799412103471e+00
1.933021286049316112e+00
1.931872351252848841e+00
1.930737043253376584e+00
1.929616396874401341e+00
1.928511432476964549e+00
1.927423155138661581e+00
1.926352553844190352e+00
1.925300600685976082e+00
1.924268250070569453e+00
1.923256438010858771e+00
1.922266081331756693e+00
1.921298077048206210e+00
1.920353301568191506e+00
1.919432610220843882e+00
1.918536836342452867e+00
1.917666790920151909e+00
1.916823261857417915e+00
1.916007013444849028e+00
1.915218785792912382e+00
1.914459294321539939e+00
1.913729229224079287e+00
1.913029254999775608e+00
1.912360009979928721e+00
1.911722105865280907e+00
1.911116127315175994e+00
1.910542631516583212e+00
1.910002147796432848e+00
1.909495177266741228e+00
1.909022192432371368e+00
1.908583636884236379e+00
1.908179924942045247e+00
1.907811441390669716e+00
1.907478541149517204e+00
1.907181549014643318e+00
1.906920759429664658e+00
1.906696436190430166e+00
1.906508812261379804e+00
1.906358089544702761e+00
1.906244438706123701e+00
1.906167998967936761e+00
1.906128877964124113e+00
1.906127151573440148e+00
1.906162863810584307e+00
1.906236026678478135e+00
1.906346620097865818e+00
1.906494591777224024e+00
1.906679857154055080e+00
1.906902299365133890e+00
1.907161769168294052e+00
1.907458084933624232e+00
1.907791032623221472e+00
1.908160365800135372e+00
1.908565805674777183e+00
1.909007041100852398e+00
1.909483728685835935e+00
1.909995492825109720e+00
1.910541925810664621e+00
1.911122587965795594e+00
1.911737007756769247e+00
1.912384681957669974e+00
1.913065075822609096e+00
1.913777623287680418e+00
1.914521727195852563e+00
1.915296759521523784e+00
1.916102061657541933e+00
1.916936944697372747e+00
1.917800689760506438e+00
1.918692548321891955e+00
1.919611742578924973e+00
1.920557465865129654e+00
1.921528883053598147e+00
1.922525131023269163e+00
1.923545319140368415e+00
1.924588529760273614e+00
1.925653818771646542e+00
1.926740216190389710e+00
1.927846726736678784e+00
1.928972330485555275e+00
1.930115983553643222e+00
1.931276618758004604e+00
1.932453146426942769e+00
1.933644455111065419e+00
1.934849412426275173e+00
1.936066865870511133e+00
1.937295643728698114e+00
1.938534555976308749e+00
1.939782395232326317e+00
1.941037937739314323e+00
1.942299944385031285e+00
1.943567161759939932e+00
1.944838323271775193e+00
1.946112150218705761e+00
1.947387353008807054e+00
1.948662632320331101e+00
1.949936680331243455e+00
1.951208181978851153e+00
1.952475816268065101e+00
1.953738257580661219e+00
1.954994177028053448e+00
1.956242243795260238e+00
1.957481126624120771e+00
1.958709495168300618e+00
1.959926021475124847e+00
1.961129381464336907e+00
1.962318256432538321e+00
1.963491334543005173e+00
1.964647312349943720e+00
1.965784896385132541e+00
1.966902804650158432e+00
1.967999768254775850e+00
1.969074532890610074e+00
1.970125860523805672e+00
1.971152530841459916e+00
1.972153342920857977e+00
1.973127116752363852e+00
1.974072694835007358e+00
1.974988943686700082e+00
1.975874755394238180e+00
1.976729049160856899e+00
1.977550772788147171e+00
1.978338904153423394e+00
1.979092452654861445e+00
1.979810460677624784e+00
1.980492004945356044e+00
1.981136197950802647e+00
1.981742188956733930e+00
1.982309165939977635e+00
1.982836356151712165e+00
1.983323027631762825e+00
1.983768490303377430e+00
1.984172097026513759e+00
1.984533244658237994e+00
1.984851374997528284e+00
1.985125975707838331e+00
1.985356581176407120e+00
1.985542773272268580e+00
1.985684182091784100e+00
1.985780486567372050e+00
1.985831415096372732e+00
1.985836746002534570e+00
1.985796307974226682e+00
1.985709980457233570e+00
1.985577693880795414e+00
1.985399429918684344e+00
1.985175221573513227e+00
1.984905153267261246e+00
1.984589360754131615e+00
1.984228031107906798e+00
1.983821402465387296e+00
1.983369763785206130e+00
1.982873454547714465e+00
1.982332864305395237e+00
1.981748432224608170e+00
1.981120646528105711e+00
1.980450043846070596e+00
1.979737208552089678e+00
1.978982771957779496e+00
1.978187411523754546e+00
1.977351849924864569e+00
1.976476854104783021e+00
1.975563234267724289e+00
1.974611842785024329e+00
1.973623573069843706e+00
1.972599358403649195e+00
1.971540170685928350e+00
1.970447019165047831e+00
1.969320949108921859e+00
1.968163040461456070e+00
1.966974406420850086e+00
1.965756191998263791e+00
1.964509572568409190e+00
1.963235752390134481e+00
1.961935963036328223e+00
1.960611461907194153e+00
1.959263530636722317e+00
1.957893473535188500e+00
1.956502615987832039e+00
1.955092302848194574e+00
1.953663896878173434e+00
1.952218777088860380e+00
1.950758337153215338e+00
1.949283983815364385e+00
1.947797135241267075e+00
1.946299219484052934e+00
1.944791672843128039e+00
1.943275938327012620e+00
1.941753464060093082e+00
1.940225701778844902e+00
1.938694105267342538e+00
1.937160128871748155e+00
1.935625226007908539e+00
1.934090847701512850e+00
1.932558441152813167e+00
1.931029448323277053e+00
1.929505304559652856e+00
1.927987437241709179e+00
1.926477264429707015e+00
1.924976193602772057e+00
1.923485620400882778e+00
1.922006927368953288e+00
1.920541482734351213e+00
1.919090639345882865e+00
1.917655733418562436e+00
1.916238083505461987e+00
1.914838989412903425e+00
1.913459731187893142e+00
1.912101568084980885e+00
1.910765737638458805e+00
1.909453454710672737e+00
1.908165910600509330e+00
1.906904272169931858e+00
1.905669681038404395e+00
1.904463252741521284e+00
1.903286075992680404e+00
1.902139211918543404e+00
1.901023693372585699e+00
1.899940524228809657e+00
1.898890678763057061e+00
1.897875100995710884e+00
1.896894704092594308e+00
1.895950369834450422e+00
1.895042948025121410e+00
1.894173255970895697e+00
1.893342078029544462e+00
1.892550165095826964e+00
1.891798234135544376e+00
1.891086967801719254e+00
1.890417013977574223e+00
1.889788985415921774e+00
1.889203459350132341e+00
1.888660977140509178e+00
1.888162043977005933e+00
1.887707128468920859e+00
1.887296662462927710e+00
1.886931040656801839e+00
1.886610620394217896e+00
1.886335721347553784e+00
1.886106625367980572e+00
1.885923576154008741e+00
1.885786779130323554e+00
1.885696401180358528e+00
1.885652570496925806e+00
1.885655376424751895e+00
1.885704869239711590e+00
1.885801060075851465e+00
1.885943920758999415e+00
1.886133383680264952e+00
1.886369341718159509e+00
1.886651648114347379e+00
1.886980116433256027e+00
1.887354520475196473e+00
1.887774594224961522e+00
1.888240031856513568e+00
1.888750487668058975e+00
1.889305576136081521e+00
1.889904871874130476e+00
1.890547909709827890e+00
1.891234184763434856e+00
1.891963152458945085e+00
1.892734228650875705e+00
1.893546789771414662e+00
1.894400172931411275e+00
1.895293676100817004e+00
1.896226558287116282e+00
1.897198039788552615e+00
1.898207302374045780e+00
1.899253489627645397e+00
1.900335707191595613e+00
1.901453023128205855e+00
1.902604468280729710e+00
1.903789036676699187e+00
1.905005685937424476e+00
1.906253337789152846e+00
1.907530878558568510e+00
1.908837159688926866e+00
1.910170998376163221e+00
1.911531178169947554e+00
1.912916449653120132e+00
1.914325531165858685e+00
1.915757109566702754e+00
1.917209841036357165e+00
1.918682351952412546e+00
1.920173239768299345e+00
1.921681073991448940e+00
1.923204397201857985e+00
1.924741726055892110e+00
1.926291552466720125e+00
1.927852344712462251e+00
1.929422548667168780e+00
1.931000589102738640e+00
1.932584870946467470e+00
1.934173780705545687e+00
1.935765687867983198e+00
1.937358946422280459e+00
1.938951896325307844e+00
1.940542865150833185e+00
1.942130169647285909e+00
1.943712117597781619e+00
1.945287009276208234e+00
1.946853139468731619e+00
1.948408799201440056e+00
1.949952277609888096e+00
1.951481863896851632e+00
1.952995849212562307e+00
1.954492528711301080e+00
1.955970203545319253e+00
1.957427182929308396e+00
1.958861786201859800e+00
1.960272344987920690e+00
1.961657205279029537e+00
1.963014729608993258e+00
1.964343299235164375e+00
1.965641316262395355e+00
1.966907205891422539e+00
1.968139418572938837e+00
1.969336432196679754e+00
1.970496754257253569e+00
1.971618924058431865e+00
1.972701514827430502e+00
1.973743135859873377e+00
1.974742434629210397e+00
1.975698098869233865e+00
1.976608858584517403e+00
1.977473488092056808e+00
1.978290807938686724e+00
1.979059686831322162e+00
1.979779043472495559e+00
1.980447848347951068e+00
1.981065125468343568e+00
1.981629953994130222e+00
1.982141469848427207e+00
1.982598867192336689e+00
1.983001399867114545e+00
1.983348382704476442e+00
1.983639192793884787e+00
1.983873270605864381e+00
1.984050121058116734e+00
1.984169314467348899e+00
1.984230487400882925e+00
1.984233343386594406e+00
1.984177653583138579e+00
1.984063257280430204e+00
1.983890062323128811e+00
1.983658045408335235e+00
1.983367252246012846e+00
1.983017797664898163e+00
1.982609865526720805e+00
1.982143708622766010e+00
1.981619648337278550e+00
1.981038074279849903e+00
1.980399443806993398e+00
1.979704281380222808e+00
1.978953177868457036e+00
1.978146789691139773e+00
1.977285837891372022e+00
1.976371107128582105e+00
1.975403444504335138e+00
1.974383758347568962e+00
1.973313016880270165e+00
1.972192246819001404e+00
1.971022531856026827e+00
1.969805011087331081e+00
1.968540877364278963e+00
1.967231375532648707e+00
1.965877800691481214e+00
1.964481496267467486e+00
1.963043852139229495e+00
1.961566302660065153e+00
1.960050324618693773e+00
1.958497435206437265e+00
1.956909189875524868e+00
1.955287180257289759e+00
1.953633031934594033e+00
1.951948402327203125e+00
1.950234978423948773e+00
1.948494474613204241e+00
1.946728630415770045e+00
1.944939208281427856e+00
1.943127991352988637e+00
1.941296781234138402e+00
1.939447395760824699e+00
1.937581666835673788e+00
1.935701438200858382e+00
1.933808563275600800e+00
1.931904903033904830e+00
1.929992323862863346e+00
1.928072695496112487e+00
1.926147888949334863e+00
1.924219774491787271e+00
1.922290219709758885e+00
1.920361087505832787e+00
1.918434234250888659e+00
1.916511507904755440e+00
1.914594746225081190e+00
1.912685774989073773e+00
1.910786406307276808e+00
1.908898436958910816e+00
1.907023646740793277e+00
1.905163796957560107e+00
1.903320628887895216e+00
1.901495862314734442e+00
1.899691194159978558e+00
1.897908297067008032e+00
1.896148818172291417e+00
1.894414377764033430e+00
1.892706568151328428e+00
1.891026952480557854e+00
1.889377063617592389e+00
1.887758403118351191e+00
1.886172440195854838e+00
1.884620610754528469e+00
1.883104316468414918e+00
1.881624923924090309e+00
1.880183763752253379e+00
1.878782129859904781e+00
1.877421278636545621e+00
1.876102428268537459e+00
1.874826758035911034e+00
1.873595407672052238e+00
1.872409476721922816e+00
1.871270023998291343e+00
1.870178066976299736e+00
1.869134581312779098e+00
1.868140500302642115e+00
1.867196714413248859e+00
1.866304070854684305e+00
1.865463373114442325e+00
1.864675380575813390e+00
1.863940808104859181e+00
1.863260325699981346e+00
1.862634558096019743e+00
1.862064084479040371e+00
1.861549438114289190e+00
1.861091106061012912e+00
1.860689528861825037e+00
1.860345100254110928e+00
1.860058166912136546e+00
1.859829028150427943e+00
1.859657935700090858e+00
1.859545093415754913e+00
1.859490657119412083e+00
1.859494734279536043e+00
1.859557383851603296e+00
1.859678616034656340e+00
1.859858392091085388e+00
1.860096624134805809e+00
1.860393174938065997e+00
1.860747857789739390e+00
1.861160436288186615e+00
1.861630624208677753e+00
1.862158085344049807e+00
1.862742433388415275e+00
1.863383231786437833e+00
1.864079993663596779e+00
1.864832181697002822e+00
1.865639208082541023e+00
1.866500434417674326e+00
1.867415171728633805e+00
1.868382680405378915e+00
1.869402170244318206e+00
1.870472800418091497e+00
1.871593679603773541e+00
1.872763866033091196e+00
1.873982367581891406e+00
1.875248141988918205e+00
1.876560096964285496e+00
1.877917090449020776e+00
1.879317930859294217e+00
1.880761377430659520e+00
1.882246140499765019e+00
1.883770881946017051e+00
1.885334215618783782e+00
1.886934707859251548e+00
1.888570878019212973e+00
1.890241199079249812e+00
1.891944098339042535e+00
1.893677958156182450e+00
1.895441116692710315e+00
1.897231868852157000e+00
1.899048467180554312e+00
1.900889122876977755e+00
1.902752006901307524e+00
1.904635251108278249e+00
1.906536949518865987e+00
1.908455159633280829e+00
1.910387903829693812e+00
1.912333170865317511e+00
1.914288917464648465e+00
1.916253069965200062e+00
1.918223526058257855e+00
1.920198156673635470e+00
1.922174807862231827e+00
1.924151302834302912e+00
1.926125444064584968e+00
1.928095015507269361e+00
1.930057784822615252e+00
1.932011505800499851e+00
1.933953920781392055e+00
1.935882763201391299e+00
1.937795760208524953e+00
1.939690635367889993e+00
1.941565111378934283e+00
1.943416912993651824e+00
1.945243769850838245e+00
1.947043419513414975e+00
1.948813610420300879e+00
1.950552105039056849e+00
1.952256682948639188e+00
1.953925144047571338e+00
1.955555311753965020e+00
1.957145036228050028e+00
1.958692197656392686e+00
1.960194709526366319e+00
1.961650521912328804e+00
1.963057624767361897e+00
1.964414051204819822e+00
1.965717880769148440e+00
1.966967242661042059e+00
1.968160318986783341e+00
1.969295347901283133e+00
1.970370626688091820e+00
1.971384514951782352e+00
1.972335437451917306e+00
1.973221887130826246e+00
1.974042427918776710e+00
1.974795697448338938e+00
1.975480409738959775e+00
1.976095357664621632e+00
1.976639415422116963e+00
1.977111540770652542e+00
1.977510777199250613e+00
1.977836255925692122e+00
1.978087197752060211e+00
1.978262914773361691e+00
1.978362811920494568e+00
1.978386388336486945e+00
1.978333238580878950e+00
1.978203053647808796e+00
1.977995621859539810e+00
1.977710829494094824e+00
1.977348661296423504e+00
1.976909200767743791e+00
1.976392630289721675e+00
1.975799231030359371e+00
1.975129382707414338e+00
1.974383563117452889e+00
1.973562347520609661e+00
1.972666407808279176e+00
1.971696511494696713e+00
1.970653520565853967e+00
1.969538390103907632e+00
1.968352166804973269e+00
1.967095987238416610e+00
1.965771076060492062e+00
1.964378743994312115e+00
1.962920385679984614e+00
1.961397477434178915e+00
1.959811574815951696e+00
1.958164310080648507e+00
1.956457389563521776e+00
1.954692590901168314e+00
1.952871760187909089e+00
1.950996809037755853e+00
1.949069711539574312e+00
1.947092501181102664e+00
1.945067267678573630e+00
1.942996153759615430e+00
1.940881351911871500e+00
1.938725101083881741e+00
1.936529683349135222e+00
1.934297420592117955e+00
1.932030671115306797e+00
1.929731826322020449e+00
1.927403307349611294e+00
1.925047561711759725e+00
1.922667060022888563e+00
1.920264292685525787e+00
1.917841766623882060e+00
1.915402002105513146e+00
1.912947529553823189e+00
1.910480886417569080e+00
1.908004614149072076e+00
1.905521255187179630e+00
1.903033350016448466e+00
1.900543434342738980e+00
1.898054036300393488e+00
1.895567673704804834e+00
1.893086851501987189e+00
1.890614059133867597e+00
1.888151768153918386e+00
1.885702429806978664e+00
1.883268472741360000e+00
1.880852300823913970e+00
1.878456291020229152e+00
1.876082791360973001e+00
1.873734118978322094e+00
1.871412558298775730e+00
1.869120359228918282e+00
1.866859735496093631e+00
1.864632863037760657e+00
1.862441878465576295e+00
1.860288877635219773e+00
1.858175914289397879e+00
1.856104998726168409e+00
1.854078096631356587e+00
1.852097127883951533e+00
1.850163965484777906e+00
1.848280434538492223e+00
1.846448311282133492e+00
1.844669322196423877e+00
1.842945143126092811e+00
1.841277398501553364e+00
1.839667660565901697e+00
1.838117448714915225e+00
1.836628228751038261e+00
1.835201412303274271e+00
1.833838356240629297e+00
1.832540362054524863e+00
1.831308675365341365e+00
1.830144485389056053e+00
1.829048924432993051e+00
1.828023067457692719e+00
1.827067931564268388e+00
1.826184475613187752e+00
1.825373599721699103e+00
1.824636144868049481e+00
1.823972892456948935e+00
1.823384563917401557e+00
1.822871820245181906e+00
1.822435261586918154e+00
1.822075426854425695e+00
1.821792793207524186e+00
1.821587775700758360e+00
1.821460726759822846e+00
1.821411935763136203e+00
1.821441628559394177e+00
1.821549966986472313e+00
1.821737048364959755e+00
1.822002904985444482e+00
1.822347503625517673e+00
1.822770744933529752e+00
1.823272462982872488e+00
1.823852424621740242e+00
1.824510328915553092e+00
1.825245806607098897e+00
1.826058419471435768e+00
1.826947659705034477e+00
1.827912949336847781e+00
1.828953639607520332e+00
1.830069010326606405e+00
1.831258269219667945e+00
1.832520551375503404e+00
1.833854918542743073e+00
1.835260358550465876e+00
1.836735784696822860e+00
1.838280035109953525e+00
1.839891872247983340e+00
1.841569982250035098e+00
1.843312974437918639e+00
1.845119380802365594e+00
1.846987655518705695e+00
1.848916174495738085e+00
1.850903234972824940e+00
1.852947055187462722e+00
1.855045774023912575e+00
1.857197450812295925e+00
1.859400065102503552e+00
1.861651516537362161e+00
1.863949624852238030e+00
1.866292129766680574e+00
1.868676691275904300e+00
1.871100889657797861e+00
1.873562225838294015e+00
1.876058121726146277e+00
1.878585920696691058e+00
1.881142888099646582e+00
1.883726211995514488e+00
1.886333003821281551e+00
1.888960299318393821e+00
1.891605059484044116e+00
1.894264171563039723e+00
1.896934450333457534e+00
1.899612639230400912e+00
1.902295411693528893e+00
1.904979372617943367e+00
1.907661059722187469e+00
1.910336945078942694e+00
1.913003436615576147e+00
1.915656879608472307e+00
1.918293558108040919e+00
1.920909696355607821e+00
1.923501459982701611e+00
1.926064957043727599e+00
1.928596238874195734e+00
1.931091300441204917e+00
1.933546080360715402e+00
1.935956460322913353e+00
1.938318263697792920e+00
1.940627253291897558e+00
1.942879127840030362e+00
1.945069517140364024e+00
1.947193975197133220e+00
1.949247971155062098e+00
1.951226877250031855e+00
1.953125953156879424e+00
1.954940325552829483e+00
1.956664961903683331e+00
1.958294636455648829e+00
1.959823886567503726e+00
1.961246955918189760e+00
1.962557721094987606e+00
1.963749595211502497e+00
1.964815401214081714e+00
1.965747203267532939e+00
1.966536079834632522e+00
1.967171814315730627e+00
1.967642466413033864e+00
1.967933767545356316e+00
1.968028249665245255e+00
1.967903959420133297e+00
1.967532505416706545e+00
1.966875993525649458e+00
1.965882026617284062e+00
1.964475160804606935e+00
1.962541470789622933e+00
1.959898691273599169e+00
1.956233253728882682e+00
1.950951747788802315e+00
1.942772608255864952e+00
1.928323572039481126e+00
1.895228241696851113e+00
1.756173883328265184e+00
1.971297785149868531e+00
2.011965924399923278e+00
1.994933575575749796e+00
1.982912139215047942e+00
1.973179768208485063e+00
1.963966191575084563e+00
1.954080739732605876e+00
1.942339844483985445e+00
1.927091517533924936e+00
1.905487716764403094e+00
1.871920953726392556e+00
1.814249999274600178e+00
1.705617066350407107e+00
1.508881117173128450e+00
1.358765487096203373e+00
1.543794025073676801e+00
1.746924935558669789e+00
1.846756670946530843e+00
1.893236678212779855e+00
1.916379742210804205e+00
1.928672282790277359e+00
1.935512885854243637e+00
1.939462710661048028e+00
1.941864322684860200e+00
1.943502100980612601e+00
1.944898617053245404e+00
1.946464680173906059e+00
1.948590670339074071e+00
1.951720826946124587e+00
1.956438394930395175e+00
1.963592888362086342e+00
1.974521100332578660e+00
1.991458401505729503e+00
2.018288453300070007e+00
2.061445144800135854e+00
2.126003033856915803e+00
2.166647880456157971e+00
2.006875647849731159e+00
1.810755885635081608e+00
1.748714554674394739e+00
1.737513761576990223e+00
1.737735651016856231e+00
1.739476049835353644e+00
1.740429827552211206e+00
1.740167282135060001e+00
1.738722890937921983e+00
1.736225591130472923e+00
1.732799729734953553e+00
1.728541103229868536e+00
1.723513986930512054e+00
1.717753251246614710e+00
1.711266784638166394e+00
1.704036824467348055e+00
1.696019813316667513e+00
1.687144663163013592e+00
1.677309349581842080e+00
1.666375782130290251e+00
1.654163073004128792e+00
1.640439970019124338e+00
1.624919119803998280e+00
1.607261111377307206e+00
1.587110774956416170e+00
1.564228825342099061e+00
1.538897727872040821e+00
1.513112489862432408e+00
1.493953096546249082e+00
1.502067583904235226e+00
1.583705196852604802e+00
1.780327716034021401e+00
2.003290454213922711e+00
2.109943890300650438e+00
2.113497313112865594e+00
2.078663119422198946e+00
2.037701914828647265e+00
2.000459273153808670e+00
1.968771138447251490e+00
1.942208700636269825e+00
1.919883193296115786e+00
1.900949168938082190e+00
1.884713505790974741e+00
1.870633189371801341e+00
1.858287583002013577e+00
1.847349848973071529e+00
1.837563448500049601e+00
1.828724138908021102e+00
1.820666506923411587e+00
1.813253942009393160e+00
1.806371146464990307e+00
1.799918522486108285e+00
1.793808002840858729e+00
1.787960107353284256e+00
1.782302249495422375e+00
1.776768659013423735e+00
1.771302860956472713e+00
1.765864717042880949e+00
1.760446104082624919e+00
1.755103378892159949e+00
1.750022703383562916e+00
1.745648784100229722e+00
1.742929229472776065e+00
1.743736278346645685e+00
1.751416318213346868e+00
1.770837882171484079e+00
1.805964513101949276e+00
1.853499420646688156e+00
1.899828537221962543e+00
1.931561331974958717e+00
1.946429067239924704e+00
1.949832592015745547e+00
1.947584123577332349e+00
1.943344573760086735e+00
1.938954910386393227e+00
1.935217617312544824e+00
1.932426291978354360e+00
1.930645577765416121e+00
1.929845757045240306e+00
1.929964481290911138e+00
1.930933984481778110e+00
1.932692365269861767e+00
1.935187668097698266e+00
1.938378816824443573e+00
1.942235267188398895e+00
1.946736221363791763e+00
1.951869765242825405e+00
1.957632055318062170e+00
1.964026560009853872e+00
1.971063279522226930e+00
1.978757788894108804e+00
1.987129838991258834e+00
1.996201070168611036e+00
2.005991084198373464e+00
2.016510580262209196e+00
2.027749312406724069e+00
2.039654958665703344e+00
2.052096085945139148e+00
2.064797454116861886e+00
2.077228013779887306e+00
2.088411253581683447e+00
2.096620015287506522e+00
2.098940546190646739e+00
2.090827571555896824e+00
2.066197304991283179e+00
2.019367103421858989e+00
1.950097802675737846e+00
1.869072835898912821e+00
1.795423128898976373e+00
1.744598127882775573e+00
1.719997909915932821e+00
1.716053035901153878e+00
1.725063590157859705e+00
1.740930030657228844e+00
1.759789605282842784e+00
1.779478102088120517e+00
1.798885820072480657e+00
1.817498146585713181e+00
1.835117986379238841e+00
1.851709977602888690e+00
1.867316343794634514e+00
1.882012599419897736e+00
1.895884859619008322e+00
1.909018702764620601e+00
1.921494147517547990e+00
1.933383824201965639e+00
1.944752780521592062e+00
1.955659094091491079e+00
1.966154860851514696e+00
1.976287342648258560e+00
1.986100176434078213e+00
1.995634612023652554e+00
2.004930784457763959e+00
2.014029050893212602e+00
2.022971439871743549e+00
2.031803276224039667e+00
2.040575060302542543e+00
2.049344693773408554e+00
2.058180153459869821e+00
2.067162704150405261e+00
2.076390683265677328e+00
2.085983712472940343e+00
2.096086740997903597e+00
2.106872263728028827e+00
2.118536675723460050e+00
2.131281604314378519e+00
2.145260738369726194e+00
2.160454334192182468e+00
2.176410421861209255e+00
2.191798340691757829e+00
2.203879240545308704e+00
2.208500291103991486e+00
2.201745371312563204e+00
2.183162344653090337e+00
2.157208137108095780e+00
2.130317415614203291e+00
2.106971453645980041e+00
2.088652361792505907e+00
2.074961362611778437e+00
2.064855351793799976e+00
2.057294677727629306e+00
2.051451513232854129e+00
2.046723770875052750e+00
2.042690731070667898e+00
2.039063396598362221e+00
2.035644562451059070e+00
2.032300054163158620e+00
2.028938934815385231e+00
2.025500134807615815e+00
2.021943474408161912e+00
2.018243640334349998e+00
2.014386146419401058e+00
2.010364641266951580e+00
2.006179152260742615e+00
2.001835004655992289e+00
1.997342269338568066e+00
1.992715663165446793e+00
1.987974904864624692e+00
1.983145600201676517e+00
1.978260833375601768e+00
1.973363794836771046e+00
1.968512043042218718e+00
1.963784483073166998e+00
1.959293083831186166e+00
1.955203262465724068e+00
1.951770957606864476e+00
1.949413745796852782e+00
1.948856144736436535e+00
1.951449327425059943e+00
1.959937468424024720e+00
1.980472881094513582e+00
2.028302813170400398e+00
2.141837603296222525e+00
2.364405024047592896e+00
2.444655601586803062e+00
2.254634466743237642e+00
2.117721575028565173e+00
2.053879660794316386e+00
2.027538760057194800e+00
2.021271806567250362e+00
2.026975179924741521e+00
2.039544037663397091e+00
2.054417299198393554e+00
2.067287114508942647e+00
2.074995301218068633e+00
2.076407317413462295e+00
2.072334276091674532e+00
2.064643932933954762e+00
2.055324904513167628e+00
2.045974473597278909e+00
2.037690378029360261e+00
2.031164795016573876e+00
2.026825964888659293e+00
2.024960035925121193e+00
2.025798609502251768e+00
2.029577578218674905e+00
2.036576362425201125e+00
2.047143899111506293e+00
2.061712303208338426e+00
2.080790048813736082e+00
2.104908459655681963e+00
2.134455442104511658e+00
2.169241636523315808e+00
2.207461785742304006e+00
2.243435875463816842e+00
2.263589586380548191e+00
2.242842048632953222e+00
2.152786234892523520e+00
1.994766629708313310e+00
1.821303917603862121e+00
1.690177889416221824e+00
1.617393306699738575e+00
1.589603634421979494e+00
1.589503892084467296e+00
1.605109878217161556e+00
1.629658407397931441e+00
1.659696213612072979e+00
1.693607166470540104e+00
1.730742472637009977e+00
1.770938591906303872e+00
1.814240298987894962e+00
1.860717535416588131e+00
1.910311698133272618e+00
1.962673638591012182e+00
2.016973837212366227e+00
2.071686093357589797e+00
2.124379311931307690e+00
2.171602026895064874e+00
2.208998915535421936e+00
2.231813163794346355e+00
2.235830557987763534e+00
2.218574150484591723e+00
2.180273525876478047e+00
2.124075956653443065e+00
2.055309154869538801e+00
1.980138707809238952e+00
1.904246802738377653e+00
1.832003329842002204e+00
1.766229603237084334e+00
1.708382447140892380e+00
1.658920355762851129e+00
1.617678515151342866e+00
1.584171053347287250e+00
1.557803687028390671e+00
1.538011097311416053e+00
1.524342247070433309e+00
1.516515363453531773e+00
1.514459742634904238e+00
1.518357065919313298e+00
1.528691130399086662e+00
1.546310582001547917e+00
1.572500913554484736e+00
1.609041744687323083e+00
1.658176630113288086e+00
1.722316414578488830e+00
1.803108418945433611e+00
1.899319262423784016e+00
2.003321977800461173e+00
2.098041749585092486e+00
2.159819732735868580e+00
2.170985466345388026e+00
2.132742075426645734e+00
2.063155638165638628e+00
1.983503812926868282e+00
1.908408329546600557e+00
1.844604121258224039e+00
1.793696164788579850e+00
1.754887408604463905e+00
1.726601402798434659e+00
1.707233211263183614e+00
1.695426968795727740e+00
1.690140573820140046e+00
1.690629003460038859e+00
1.696403854792665644e+00
1.707191049845879105e+00
1.722892743643858582e+00
1.743552496232881222e+00
1.769319359828840366e+00
1.800404280672271540e+00
1.837020264131828284e+00
1.879296297583501252e+00
1.927155411729047030e+00
1.980152316878158736e+00
2.037280014110686377e+00
2.096781445911418018e+00
2.156039497148741546e+00
2.211649694104346864e+00
2.259769289906742529e+00
2.296747973340461879e+00
2.319889704144185494e+00
2.328064728162645647e+00
2.321908802423088947e+00
2.303537157895811482e+00
2.275933396098941852e+00
2.242283365172875520e+00
2.205468252558772324e+00
2.167796089720078978e+00
2.130939962675896027e+00
2.096005414551687096e+00
2.063654062970281089e+00
2.034235193262708741e+00
2.007901443047214407e+00
1.984701106956993089e+00
1.964648119412260696e+00
1.947773907409642291e+00
1.934165390345077062e+00
1.923991921466374988e+00
1.917521640341912192e+00
1.915124835356319943e+00
1.917258766117615254e+00
1.924425648725948568e+00
1.937094735013762392e+00
1.955583344534424173e+00
1.979903494756195537e+00
2.009601397373858678e+00
2.043640867504436187e+00
2.080393510461158613e+00
2.117779726822675013e+00
2.153550090179292997e+00
2.185630473820209474e+00
2.212419585914659592e+00
2.232950670602280141e+00
2.246893674104286198e+00
2.254436535792211593e+00
2.256112145564583393e+00
2.252629523617750706e+00
2.244742471298529107e+00
2.233164685590620646e+00
2.218525510355115582e+00
2.201354984429443107e+00
2.182087104887551643e+00
2.161072867298555078e+00
2.138597618720058158e+00
2.114899690192661552e+00
2.090188991593912249e+00
2.064665364146805793e+00
2.038537195714667405e+00
2.012041275183164668e+00
1.985465223450360694e+00
1.959174153682871067e+00
1.933643480577637019e+00
1.909499925653707519e+00
1.887572467356948502e+00
1.868953662522921277e+00
1.855068216548180438e+00
1.847737773439521058e+00
1.849215344606274236e+00
1.862135956038614593e+00
1.889291961999404190e+00
1.933106834182319211e+00
1.994699207082498038e+00
2.072592777424687949e+00
2.161510497086781779e+00
2.252140997043118098e+00
2.332732112683258752e+00
2.392340669773163508e+00
2.424126570483477572e+00
2.426803921596518254e+00
2.403757183221808535e+00
2.360891403016792456e+00
2.304593043505594352e+00
2.240493976846027468e+00
2.173025012406389234e+00
2.105456368826446045e+00
2.040141800039374065e+00
1.978796545103398641e+00
1.922734344131146189e+00
1.873042048721903940e+00
1.830692623858795942e+00
1.796603137696650920e+00
1.771643557763714627e+00
1.756600318390522775e+00
1.752098649888144788e+00
1.758491153682156138e+00
1.775727458678695081e+00
1.803229652411440176e+00
1.839806842157443834e+00
1.883644020349821036e+00
1.932390139014299679e+00
1.983347014145135701e+00
2.033730744596059736e+00
2.080953012565665006e+00
2.122862609195086847e+00
2.157901351395793199e+00
2.185156201304370160e+00
2.204318037780725881e+00
2.215576402108293763e+00
2.219484886646803545e+00
2.216826462877312220e+00
2.208497628612120511e+00
2.195419795781300643e+00
2.178478577721193687e+00
2.158487187605843793e+00
2.136168427640688261e+00
2.112149749913868391e+00
2.086966735319462529e+00
2.061071470928367955e+00
2.034843386476103078e+00
2.008600998375570157e+00
1.982613681452028542e+00
1.957113070978174330e+00
1.932304038491022835e+00
1.908375433238760355e+00
1.885510982302031291e+00
1.863900937000730895e+00
1.843755281976488636e+00
1.825319627728019922e+00
1.808895338229318472e+00
1.794866062964841413e+00
1.783733709622474350e+00
1.776168053370089428e+00
1.773075549640561022e+00
1.775694041471744367e+00
1.785719401351624436e+00
1.805463476935128542e+00
1.838019447589027244e+00
1.887347541682712126e+00
1.958049774029658963e+00
2.054341838642247176e+00
2.177474045743565956e+00
2.321280399581676868e+00
2.468024661114659235e+00
2.590714761688772239e+00
2.666054651058111791e+00
2.688930055558536925e+00
2.673417518239016744e+00
2.641391743766583922e+00
2.611969147821256776e+00
2.597891483852217132e+00
2.606039797692500493e+00
2.637834707870407858e+00
2.686600666895830880e+00
2.730256960779704922e+00
2.723357376755479731e+00
2.609752295206580364e+00
2.377678165808023270e+00
2.097415978925983637e+00
1.861423162660413189e+00
1.715866303118680269e+00
1.665983588018277839e+00
1.705475501499907454e+00
1.828294875418622345e+00
2.021742522552001375e+00
2.250604359667299548e+00
2.453269655757007950e+00
2.571346268853500483e+00
2.588740309776055515e+00
2.531417546300904320e+00
2.436840967080236453e+00
2.332687720051386027e+00
2.233621276848703818e+00
2.145471518461461446e+00
2.069486380487020050e+00
2.004937623310814487e+00
1.950428710852921244e+00
1.904474166509052102e+00
1.865723819180609144e+00
1.833028175387300118e+00
1.805438506246506813e+00
1.782183761290543789e+00
1.762642254067313674e+00
1.746315160157976054e+00
1.732804128392129162e+00
1.721793360482988033e+00
1.713035807574960989e+00
1.706342960448610224e+00
1.701577761005212741e+00
1.698650302611284246e+00
1.697516167289289113e+00
1.698177459208870532e+00
1.700686849847041549e+00
1.705155284207996891e+00
1.711764463780538481e+00
1.720785910160700594e+00
1.732609468940848885e+00
1.747785770978725672e+00
1.767089809194978933e+00
1.791616998128981342e+00
1.822929663444212700e+00
1.863281545877011114e+00
1.915959441031526156e+00
1.985784543906887523e+00
2.079767840642920085e+00
2.207657216172645320e+00
2.381176672236600567e+00
2.608191703183713184e+00
2.874611657840256740e+00
3.116962086449277969e+00
3.237350626657695685e+00
3.202881289742374626e+00
3.086999288323407864e+00
2.977033542497745433e+00
2.912025549513062028e+00
2.893161669544024761e+00
2.905163633703073955e+00
2.927580652884730572e+00
2.940936264522176380e+00
2.931746659202439709e+00
2.895553183466187175e+00
2.836154264287989335e+00
2.761833808651546818e+00
2.681335700027025482e+00
2.601504329707628571e+00
2.526699848565053141e+00
2.459204453230218412e+00
2.399905657142044291e+00
2.348899006612086726e+00
2.305913637615082834e+00
2.270579532748244311e+00
2.242584336679383394e+00
2.221762453488002276e+00
2.208145910316997806e+00
2.201994090160256157e+00
2.203809241440749744e+00
2.214335210408603150e+00
2.234525708168827673e+00
2.265452987445641497e+00
2.308106441043362267e+00
2.363006619863768254e+00
2.429551245421436967e+00
2.505064104475741793e+00
2.583719750851889430e+00
2.655922115906740100e+00
2.709130872349146291e+00
2.730896914504857609e+00
2.713362699381369314e+00
2.656597236314173660e+00
2.568311724358499859e+00
2.460283300573780974e+00
2.344154315722294157e+00
2.228841017074553399e+00
2.119916587555253251e+00
2.020178387061450920e+00
1.930557609762173499e+00
1.850916328591287296e+00
1.780601975775439216e+00
1.718783514517121525e+00
1.664634469021522012e+00
1.617421663889634820e+00
1.576540863349146893e+00
1.541524804961141859e+00
1.512038231513042952e+00
1.487867769420747610e+00
1.468910566833316445e+00
1.455163393093709789e+00
1.446712677684727888e+00
1.443725280694767132e+00
1.446439376488972695e+00
1.455154556963873302e+00
1.470220053907480118e+00
1.492019828050754615e+00
1.520953207691918996e+00
1.557409862262966627e+00
1.601738296822474261e+00
1.654207935771703886e+00
1.714966444280283664e+00
1.783996414681150444e+00
1.861078998859860389e+00
1.945776316505179127e+00
2.037448871497053560e+00
2.135327570960039001e+00
2.238660441877715179e+00
2.346949246411144330e+00
2.460276664254873680e+00
2.579690514101807608e+00
2.707530268999581935e+00
2.847384622350357386e+00
3.002930202041829144e+00
3.174174699265321031e+00
3.349505812302725261e+00
3.496216310851603559e+00
3.564311452595624985e+00
3.519023052561498943e+00
3.374346042560892212e+00
3.179606691903420046e+00
2.979985448248596125e+00
2.798852143032009465e+00
2.642670423872964136e+00
2.510037293315980911e+00
2.397218154009352453e+00
2.300459308837448091e+00
2.216676790378300677e+00
2.143519934668981719e+00
2.079250157782996045e+00
2.022595861412189500e+00
1.972631054785014770e+00
1.928685203671777426e+00
1.890279965086853364e+00
1.857086423114320484e+00
1.828897328663968258e+00
1.805610293702999858e+00
1.787219187934628861e+00
1.773811980671144317e+00
1.765573983986487017e+00
1.762795922812665728e+00
1.765886491935469982e+00
1.775388999257802913e+00
1.792001161576813439e+00
1.816595738734372079e+00
1.850236739206855274e+00
1.894180100069972505e+00
1.949836866035804306e+00
2.018657843184258560e+00
2.101868501796339661e+00
2.199943735973656445e+00
2.311686280012828831e+00
2.432834119017541319e+00
2.554428535781442466e+00
2.661887913931258787e+00
2.736592794933995876e+00
2.761464050097780731e+00
2.728926073574960309e+00
2.645685616180583288e+00
2.529847217338088594e+00
2.402668377947212441e+00
2.281325075625835197e+00
2.176181160957364913e+00
2.091629371603597409e+00
2.028181902066815034e+00
1.984336912295000754e+00
1.957792761508386326e+00
1.946095751032380639e+00
1.946924179090956386e+00
1.958175161928946695e+00
1.977959277068249255e+00
2.004561436550261089e+00
2.036398080708190950e+00
2.071985250271203949e+00
2.109923818431878928e+00
2.148903491511620967e+00
2.187724129584172061e+00
2.225330644178237449e+00
2.260856044724115499e+00
2.293666329990790231e+00
2.323401121772640021e+00
2.350005319168890772e+00
2.373749409062383631e+00
2.395238896776006765e+00
2.415415892361126637e+00
2.435557381963677326e+00
2.457274180938870067e+00
2.482510630671766805e+00
2.513535188487202365e+00
2.552891100439042216e+00
2.603235333127217110e+00
2.666921158214269560e+00
2.745075320594688506e+00
2.835852914091318233e+00
2.931792086526203711e+00
3.017299405491665087e+00
3.069446898060936402e+00
3.065926558705013516e+00
2.998068062018017343e+00
2.877580671130374856e+00
2.729242513581965568e+00
2.577308641599010741e+00
2.437477539518526193e+00
2.316576785585263920e+00
2.215656287915911182e+00
2.132988225400722637e+00
2.065930923169780886e+00
2.011835271523185309e+00
1.968392728194069408e+00
1.933714911116610979e+00
1.906304015751034031e+00
1.884989370553412646e+00
1.868861633837151759e+00
1.857215720341755416e+00
1.849504874531793241e+00
1.845305042203987167e+00
1.844287749021082723e+00
1.846199664701652754e+00
1.850847307404560160e+00
1.858085677845572103e+00
1.867809920095264919e+00
1.879949363037146659e+00
1.894463506790151408e+00
1.911339693749770863e+00
1.930592360037924449e+00
1.952263911993442624e+00
1.976427432509675786e+00
2.003191607137321917e+00
2.032708490494977482e+00
2.065185030698833302e+00
2.100899659348220982e+00
2.140225760613148509e+00
2.183664471585366140e+00
2.231890005663174747e+00
2.285811385102879179e+00
2.346654643597003265e+00
2.416067952816171704e+00
2.496245561476115427e+00
2.590047349463481030e+00
2.701042159299686052e+00
2.833290159616456805e+00
2.990446228614595636e+00
3.173383511434947124e+00
3.375267122099024242e+00
3.574145866094170287e+00
3.728307001792277475e+00
3.787286240858295905e+00
3.723789540026314793e+00
3.558413747043008613e+00
3.344297658966829623e+00
3.131054998690636193e+00
2.946343646340539912e+00
2.798753227265176502e+00
2.686830671220930888e+00
2.605612452498809795e+00
2.549752576907115653e+00
2.514581846960030731e+00
2.496212501525218563e+00
2.491258966123269580e+00
2.496408825296423384e+00
2.507944245784716752e+00
2.521327048025926665e+00
2.531094843326567645e+00
2.531502204141581558e+00
2.518314150896179715e+00
2.491465551535990919e+00
2.456989647227558748e+00
2.426166433766427932e+00
2.411729664844812326e+00
2.423453425022564556e+00
2.465259919277431599e+00
2.533747807776718819e+00
2.617112046546659521e+00
2.695134549210397967e+00
2.743339150272198435e+00
2.742983290893323378e+00
2.691160510657793825e+00
2.601356336464788921e+00
2.493976328766572159e+00
2.386333869291261678e+00
2.288634688030778186e+00
2.204887802865243440e+00
2.135332861965899554e+00
2.078454242757813653e+00
2.032180591250142498e+00
1.994467287970542069e+00
1.963525183069496416e+00
1.937876477825161148e+00
1.916337422573674676e+00
1.897976356458003666e+00
1.882068407123012488e+00
1.868055017405033214e+00
1.855510581806138370e+00
1.844116082714469584e+00
1.833638810462294710e+00
1.823917121202259795e+00
1.814849321635006563e+00
1.806385990896880678e+00
1.798525292104985462e+00
1.791311075087863802e+00
1.784833839204886141e+00
1.779234943563785976e+00
1.774714873768426848e+00
1.771546986291491210e+00
1.770099100064372655e+00
1.770866845021138225e+00
1.774525261318882441e+00
1.782009600976174557e+00
1.794644137899882086e+00
1.814351837068396422e+00
1.844002870999420285e+00
1.888003545764173507e+00
1.953293549752047387e+00
2.050970889305343547e+00
2.198517335442504272e+00
2.420628640419580258e+00
2.737687799473115469e+00
3.109116470915781694e+00
3.337965215105829220e+00
3.213934740647409249e+00
2.861314834800422702e+00
2.523980411175973604e+00
2.286830706020235304e+00
2.138966041194928280e+00
2.054367585961027309e+00
2.013781331110872319e+00
2.005681480584180942e+00
2.023934338201080596e+00
2.065916040567188805e+00
2.131366774700093281e+00
2.221713564914425731e+00
2.339571409145938752e+00
2.488112698815120094e+00
2.669876077548121174e+00
2.884400197837049262e+00
3.124115527347492982e+00
3.369138165258295459e+00
3.585197963143635480e+00
3.732627727522721983e+00
3.787841643408723424e+00
3.759580402767103813e+00
3.680551848473296861e+00
3.584414629454331536e+00
3.491679903474429914e+00
3.410007094800152849e+00
3.340322588570731277e+00
3.281888912379798739e+00
3.234665744390103903e+00
3.199703042641620421e+00
3.178557293094042446e+00
3.172301928077005062e+00
3.180295594766155531e+00
3.198705484637900831e+00
3.218987519835952327e+00
3.227196604366722621e+00
3.205823590148663804e+00
3.139470041848490212e+00
3.022529403986974561e+00
2.863231233820957566e+00
2.679962222619503898e+00
2.492813386620221561e+00
2.316868164910044658e+00
2.160235496216695417e+00
2.025412111388654957e+00
1.911549397065919420e+00
1.816282649936030058e+00
1.736837618917346671e+00
1.670576943405785553e+00
1.615212796459460698e+00
1.568850516595462263e+00
1.529958963748444756e+00
1.497316329237972532e+00
1.469953572039990553e+00
1.447104173574340402e+00
1.428162622852501507e+00
1.412651396933685133e+00
1.400195273208128866e+00
1.390501637335939789e+00
1.383345576596090920e+00
1.378558766234641908e+00
1.376021381398315535e+00
1.375656467756757539e+00
1.377426374742845683e+00
1.381331000682107346e+00
1.387407726126652641e+00
1.395733028913045848e+00
1.406425891593287680e+00
1.419653236654975004e+00
1.435637766157642936e+00
1.454668747863840483e+00
1.477116481803907977e+00
1.503451393988836315e+00
1.534268903742337598e+00
1.570321307706959990e+00
1.612557697092477094e+00
1.662171880427329551e+00
1.720655362472415018e+00
1.789845456545381852e+00
1.871943370698796683e+00
1.969446234314197186e+00
2.084880173186100194e+00
2.220133058370510337e+00
2.375096974667188832e+00
2.545395867878457619e+00
2.719579519915756638e+00
2.877720775591797953e+00
2.995000038108187823e+00
3.051992068967317007e+00
3.045876404911123547e+00
2.992269409196628871e+00
2.915850015480021540e+00
2.838977324596692053e+00
2.776118311584483855e+00
2.734026704724654255e+00
2.714175424278295168e+00
2.715024645551500804e+00
2.733418677154525689e+00
2.765248704375049105e+00
2.805723848878702409e+00
2.849570660429739721e+00
2.891403758793150924e+00
2.926387120316814361e+00
2.951113016591436544e+00
2.964410989775950078e+00
2.967705310977690303e+00
2.964689268834932889e+00
2.960412651412621887e+00
2.960141776476197251e+00
2.968364028562156420e+00
2.988115808658335482e+00
3.020599068958299327e+00
3.064953861019577896e+00
3.118094188621595375e+00
3.174647871998412363e+00
3.227202444394348557e+00
3.267148965634955715e+00
3.286291256353430335e+00
3.278965281289921485e+00
3.243880562177161142e+00
3.184744547575917739e+00
3.109294563514349186e+00
3.027279338625972649e+00
2.948426075206862951e+00
2.881180293467350495e+00
2.832402957879889716e+00
2.807764675128238352e+00
2.812439016002775904e+00
2.851704826777482271e+00
2.930986086077735031e+00
3.054503541122305599e+00
3.221110421859484596e+00
3.415985760104659263e+00
3.600890393707218529e+00
3.716303321125495884e+00
3.711329374305733175e+00
3.583172975492640688e+00
3.377650456611671181e+00
3.150986463089803014e+00
2.940442387843754446e+00
2.761289310471596981e+00
2.615414273603311024e+00
2.499111524408911933e+00
2.407314514071524858e+00
2.335335185400314373e+00
2.279380684845182969e+00
