3.703423070147028096e+00
3.977959068493610140e+00
4.636540589813131774e+00
3.460935273929003575e+00
2.954172814166099226e+00
3.059240712569713416e+00
3.529640412345918854e+00
4.546307652838480706e+00
4.299192676334740781e+00
3.969438696287665991e+00
3.898243713043400671e+00
4.735736315791370998e+00
4.664015142615909326e+00
4.280248352002548273e+00
3.540709768758778964e+00
3.144207703672609266e+00
3.087648154333337835e+00
3.096582763161467078e+00
3.461470258053742199e+00
4.427727865390434836e+00
4.635915406448990694e+00
4.313892176352245755e+00
3.276223784489189050e+00
2.484582741224608871e+00
2.212028008380921396e+00
2.395381336333135547e+00
3.317958323126591225e+00
3.978565207652277280e+00
4.200424505284347632e+00
3.898040522006120945e+00
3.918638773321648117e+00
4.056380852665733450e+00
4.369528281891284394e+00
3.936106789763964109e+00
3.060583373872179269e+00
2.729639011586697972e+00
3.166807799425922720e+00
3.109147182573154922e+00
3.153308910869841775e+00
2.914060493033376886e+00
2.523906976467042984e+00
2.973686583192006072e+00
3.417120451843604911e+00
3.982027777005146429e+00
3.491539596146589819e+00
2.951537467142413274e+00
2.990855459850028542e+00
2.882203175573764042e+00
2.637102817698622648e+00
2.948945269494063215e+00
3.329832054363157656e+00
3.362650107010170419e+00
3.645169439094446684e+00
3.751634333694144008e+00
2.793961202113246500e+00
2.423914570127932322e+00
2.572909952836859304e+00
2.495971702815719340e+00
3.058324251351607348e+00
2.983119338729575798e+00
2.931058753248975801e+00
3.156157072341655656e+00
2.898010827985829430e+00
2.572244271067495092e+00
3.048840867514023056e+00
2.646205417242887492e+00
2.604587595238127662e+00
2.193542090926882349e+00
2.313753507476846494e+00
2.004962989647916416e+00
2.127145638438521669e+00
2.289622262048265355e+00
2.079952665525651057e+00
2.274389303449321886e+00
2.455079824997919768e+00
1.648924409104468802e+00
1.977434648946405860e+00
1.790313592249918484e+00
1.229054277934350514e+00
1.795069177593616727e+00
2.016501583500969641e+00
1.264211406847661534e+00
1.567168296514805048e+00
1.540243020738485624e+00
1.420836449605334506e+00
2.117461916139687261e+00
1.252464434167244844e+00
1.594629961112033589e+00
1.000665719176082380e+00
1.399832029018445390e+00
1.175628017988102902e+00
1.421308240533338152e+00
1.149637668699445170e+00
1.134698340256426352e+00
1.215871986225237622e+00
1.128621244238871446e+00
1.094106864128096213e+00
1.228181166600693874e+00
1.074516971405596877e+00
9.985309879542354494e-01
9.545433652732975283e-01
