2.350667932661204329e+00
2.407815529227274709e+00
2.549007466541545419e+00
2.796135279978429367e+00
3.143736712349505691e+00
3.426321789446453270e+00
3.402203283541107126e+00
3.190413810755161172e+00
3.009720093276169184e+00
2.904777601176927959e+00
2.844039403810160405e+00
2.787980985587142690e+00
2.715240012537757153e+00
2.630834590421823549e+00
2.549509357938561926e+00
2.479663131843481860e+00
2.422622967750853729e+00
2.377026247080845867e+00
2.341500879172570659e+00
2.315540505364150903e+00
2.299536695543392462e+00
2.294231131103367183e+00
2.299112598487279779e+00
2.309296185502536680e+00
2.313674676305065070e+00
2.301945780934504526e+00
2.276687269623112186e+00
2.251087319357497396e+00
2.237074966882511173e+00
2.241495803718587254e+00
2.268807505727951757e+00
2.323684663703679210e+00
2.411055410615444483e+00
2.530011717401315252e+00
2.651618370862920404e+00
2.690038692634821427e+00
2.596100716334205583e+00
2.498558364557981637e+00
2.475760165581204930e+00
2.469633026754316507e+00
2.433050152519225406e+00
2.372665925174401558e+00
2.313754347255077892e+00
2.274196550276284423e+00
2.262457087469667449e+00
2.282816736407571323e+00
2.337762961737924083e+00
2.420994562627623026e+00
2.488943373620572164e+00
2.441315386728232895e+00
2.262131225616700547e+00
2.093126929700846350e+00
2.004991535654165880e+00
1.980111317452020625e+00
1.993691198634339967e+00
2.032454802177356523e+00
2.091051304992008308e+00
2.166551627813266379e+00
2.248607103535594121e+00
2.292668725422677412e+00
2.193623637179554553e+00
1.941890965655385548e+00
1.751219036105392091e+00
1.694516922917654211e+00
1.709238729351401531e+00
1.751418333455208254e+00
1.805718429863957919e+00
1.871691718230968027e+00
1.961588869227696375e+00
2.115668398476181711e+00
2.442651823447450354e+00
2.712131542313779953e+00
2.296907961890498395e+00
2.087649587974077292e+00
2.030428470001504948e+00
2.020133464133833101e+00
2.026759611853655496e+00
2.041686546135730751e+00
2.063479601970461097e+00
2.095243402341396610e+00
2.146476230658684425e+00
2.228324648988303291e+00
2.190716016427268542e+00
1.986128684590914295e+00
1.948576313279355654e+00
1.953289624839820382e+00
1.961898059804330741e+00
1.969579496198558433e+00
1.976579166789501407e+00
1.984444372129195999e+00
1.996462526241019386e+00
2.021093195382868135e+00
2.069509252202557104e+00
1.982422513135959408e+00
1.921702205735773328e+00
1.916368685840807329e+00
1.915768971637077822e+00
1.914825973629723732e+00
1.913268913576224417e+00
1.911307077732233184e+00
1.909151086614599091e+00
1.906964307337521536e+00
1.904869320238610886e+00
1.902958430958942015e+00
1.901301608749190741e+00
1.899951891033437201e+00
1.898949032563651107e+00
1.898322018447632820e+00
1.898090847237188905e+00
1.898267838872729651e+00
1.898858627494655060e+00
1.899862940734275307e+00
1.901275231747047378e+00
1.903085208132262451e+00
1.905278288246516016e+00
1.907836006392648054e+00
1.910736382592084226e+00
1.913954268887819721e+00
1.917461681049092537e+00
1.921228122879737432e+00
1.925220908138165710e+00
1.929405485108835805e+00
1.933745765437278941e+00
1.938204460512862548e+00
1.942743425549140035e+00
1.947324011709157476e+00
1.951907425358210491e+00
1.956455092670588813e+00
1.960929027243211165e+00
1.965292197122634699e+00
1.969508887477838366e+00
1.973545054950021083e+00
1.977368667903875998e+00
1.980950028378812844e+00
1.984262070140878187e+00
1.987280628005579697e+00
1.989984673655461389e+00
1.992356513754006464e+00
1.994381946591513799e+00
1.996050374707812436e+00
1.997354871181977964e+00
1.998292198833026889e+00
1.998862782312617936e+00
1.999070633960438492e+00
1.998923235617745986e+00
1.998431379140292785e+00
1.997608969373595889e+00
1.996472793968531834e+00
1.995042264879241189e+00
1.993339136822456892e+00
1.991387208119550500e+00
1.989212009459783825e+00
1.986840485832782388e+00
1.984300676894896753e+00
1.981621400354246942e+00
1.978831942794480714e+00
1.975961761573374664e+00
1.973040201156360807e+00
1.970096226168802644e+00
1.967158173703563051e+00
1.964253525640839104e+00
1.961408702477670074e+00
1.958648878834696738e+00
1.955997820625715367e+00
1.953477743601422567e+00
1.951109192608299514e+00
1.948910940656887192e+00
1.946899906731354379e+00
1.945091091216948120e+00
1.943497527682754411e+00
1.942130249830298139e+00
1.940998272396987190e+00
1.940108584902628719e+00
1.939466157139642544e+00
1.939073955598102694e+00
1.938932969870325485e+00
1.939042248476473995e+00
1.939398943547715026e+00
1.939998363841430873e+00
1.940834035902670562e+00
1.941897773120738524e+00
1.943179752493042978e+00
1.944668599123359654e+00
1.946351478385955458e+00
1.948214195698372730e+00
1.950241304251649987e+00
1.952416219649439455e+00
1.954721342951280638e+00
1.957138190408189038e+00
1.959647530431607665e+00
1.962229527189251810e+00
1.964863890212045217e+00
1.967530029321137741e+00
1.970207214072898338e+00
1.972874736493660741e+00
1.975512076094321445e+00
1.978099065636056197e+00
1.980616056207114895e+00
1.983044079956301831e+00
1.985365008728763980e+00
1.987561706867617017e+00
1.989618176275636197e+00
1.991519691988622442e+00
1.993252926528640945e+00
1.994806061242358153e+00
1.996168883322828602e+00
1.997332866927518991e+00
1.998291237523931896e+00
1.999039018361250086e+00
1.999573058580449869e+00
1.999892042704874529e+00
1.999996481241909541e+00
1.999888683031352921e+00
1.999572709580023533e+00
1.999054312455530447e+00
1.998340854695567215e+00
1.997441217685189008e+00
1.996365694853502237e+00
1.995125874056954851e+00
1.993734510258393433e+00
1.992205390386362795e+00
1.990553192335267951e+00
1.988793339861946174e+00
1.986941855270778268e+00
1.985015211513896372e+00
1.983030185480932239e+00
1.981003713862549809e+00
1.978952752928759162e+00
1.976894143497320622e+00
1.974844481954640019e+00
1.972819998352700166e+00
1.970836442113340192e+00
1.968908975929493099e+00
1.967052078172355500e+00
1.965279454186197539e+00
1.963603956332731881e+00
1.962037513032760305e+00
1.960591066575866792e+00
1.959274519564333072e+00
1.958096689819547986e+00
1.957065273439552611e+00
1.956186815778290677e+00
1.955466690001085528e+00
1.954909082962476230e+00
1.954516988104293862e+00
1.954292205054340315e+00
1.954235345760420239e+00
1.954345846837213019e+00
1.954621987984126896e+00
1.955060916275406235e+00
1.955658676150397124e+00
1.956410244960143041e+00
1.957309574053801127e+00
1.958349635125490762e+00
1.959522471870804861e+00
1.960819256770529817e+00
1.962230352880438566e+00
1.963745380530975249e+00
1.965353288685707911e+00
1.967042430864605285e+00
1.968800645246069125e+00
1.970615338776377623e+00
1.972473574797181994e+00
1.974362163870020614e+00
1.976267757210292020e+00
1.978176942254994408e+00
1.980076339639703198e+00
1.981952701015510687e+00
1.983793006828792116e+00
1.985584563306432182e+00
1.987315097873850966e+00
1.988972851977398371e+00
1.990546670526544437e+00
1.992026087048962779e+00
1.993401403598910937e+00
1.994663764578536336e+00
1.995805223733986278e+00
1.996818803476292592e+00
1.997698545851970486e+00
1.998439554638875348e+00
1.999038028021933089e+00
1.999491281558717803e+00
1.999797761050783773e+00
1.999957045391852262e+00
1.999969839254721604e+00
1.999837955866660133e+00
1.999564290149971946e+00
1.999152782517102045e+00
1.998608374021158651e+00
1.997936953367120738e+00
1.997145296488312516e+00
1.996240999539314664e+00
1.995232406143470749e+00
1.994128529691349128e+00
1.992938971750120913e+00
1.991673837425928850e+00
1.990343648521370579e+00
1.988959255643234281e+00
1.987531749776749512e+00
1.986072374450279066e+00
1.984592439088089133e+00
1.983103234315443997e+00
1.981615949836220691e+00
1.980141595452514780e+00
1.978690925760217434e+00
1.977274368867579568e+00
1.975901959543757025e+00
1.974583277082258226e+00
1.973327388083423672e+00
1.972142794311829261e+00
1.971037385748728665e+00
1.970018398891702160e+00
1.969092380380234708e+00
1.968265155806590450e+00
1.967541803796730937e+00
1.966926635248697819e+00
1.966423177606855477e+00
1.966034164140097129e+00
1.965761528106054978e+00
1.965606401589356178e+00
1.965569119138441012e+00
1.965649225746123108e+00
1.965845489407214819e+00
1.966155917861523550e+00
1.966577779565303663e+00
1.967107628714043654e+00
1.967741334184702762e+00
1.968474112314902991e+00
1.969300563301073614e+00
1.970214711168964516e+00
1.971210047042405433e+00
1.972279575657648776e+00
1.973415864773114814e+00
1.974611097374014301e+00
1.975857126392325913e+00
1.977145531568055947e+00
1.978467678344330904e+00
1.979814778200790881e+00
1.981177950352659423e+00
1.982548284113427872e+00
1.983916901790370835e+00
1.985275021382128857e+00
1.986614018896368350e+00
1.987925489551418679e+00
1.989201307522698414e+00
1.990433683647921281e+00
1.991615220641653972e+00
1.992738965273778140e+00
1.993798457069562380e+00
1.994787773101822870e+00
1.995701568281504690e+00
1.996535111028563403e+00
1.997284313765253172e+00
1.997945757971633318e+00
1.998516713660801969e+00
1.998995153000261427e+00
1.999379758012713726e+00
1.999669922257152122e+00
1.999865746656275478e+00
1.999968029306071982e+00
1.999978249740008041e+00
1.999898547564950446e+00
1.999731695914505503e+00
1.999481070106622793e+00
1.999150611654448850e+00
1.998744788316533239e+00
1.998268550444645131e+00
1.997727284226070932e+00
1.997126762287080304e+00
1.996473092160234719e+00
1.995772663150754411e+00
1.995032092144766622e+00
1.994258168781778418e+00
1.993457800631285526e+00
1.992637958643139751e+00
1.991805623515203516e+00
1.990967733305501142e+00
1.990131132605444719e+00
1.989302523821276480e+00
1.988488420600646567e+00
1.987695104020386738e+00
1.986928581409474148e+00
1.986194548392660630e+00
1.985498353979620934e+00
1.984844969078468413e+00
1.984238958503823813e+00
1.983684456407291741e+00
1.983185145412201589e+00
1.982744239293573907e+00
1.982364469322544842e+00
1.982048074182621189e+00
1.981796793526220180e+00
1.981611864974547998e+00
1.981494024652737052e+00
1.981443511076032005e+00
1.981460072315742726e+00
1.981542976356543972e+00
1.981691024573895454e+00
1.981902568057139158e+00
1.982175526822980371e+00
1.982507411666186270e+00
1.982895348418686199e+00
1.983336104691350688e+00
1.983826118621498713e+00
1.984361529609474983e+00
1.984938210790916147e+00
1.985551803035987994e+00
1.986197750228888337e+00
1.986871335616954726e+00
1.987567718896161129e+00
1.988281973901450117e+00
1.989009126549237783e+00
1.989744192725936944e+00
1.990482215966289825e+00
1.991218304482738954e+00
1.991947667392592214e+00
1.992665649821723450e+00
1.993367766519390294e+00
1.994049733874883934e+00
1.994707499998197964e+00
1.995337272552955232e+00
1.995935544270495354e+00
1.996499115785825840e+00
1.997025115770083570e+00
1.997511018028118146e+00
1.997954655590274520e+00
1.998354231609504872e+00
1.998708327019305120e+00
1.999015904929111853e+00
1.999276311738474643e+00
1.999489275034781466e+00
1.999654898238871104e+00
1.999773652245732780e+00
1.999846364087212613e+00
1.999874202728491701e+00
1.999858662298272360e+00
1.999801542863283377e+00
1.999704928994239017e+00
1.999571166394618738e+00
1.999402836748638279e+00
1.999202731203774119e+00
1.998973822630842667e+00
1.998719236977219538e+00
1.998442224032318970e+00
1.998146127793898552e+00
1.997834356821143631e+00
1.997510354708243563e+00
1.997177571025717358e+00
1.996839432909152334e+00
1.996499317585423317e+00
1.996160525975396727e+00
1.995826257572016482e+00
1.995499586827460092e+00
1.995183441193612017e+00
1.994880580794904601e+00
1.994593580188796400e+00
1.994324811873709136e+00
1.994076432036442803e+00
1.993850368310294163e+00
1.993648309722870104e+00
1.993471698842484097e+00
1.993321726044509301e+00
1.993199326019265971e+00
1.993105176453021210e+00
1.993039698693136463e+00
1.993003060619085387e+00
1.992995181402322347e+00
1.993015738231796341e+00
1.993064174759407337e+00
1.993139711413296933e+00
1.993241357155471460e+00
1.993367922790286739e+00
1.993518035594104232e+00
1.993690155174794976e+00
1.993882590313316383e+00
1.994093516774813724e+00
1.994320995860599854e+00
1.994562993476781676e+00
1.994817399693634252e+00
1.995082048503235894e+00
1.995354737673352474e+00
1.995633248502194146e+00
1.995915365377316730e+00
1.996198894805466972e+00
1.996481684004565826e+00
1.996761638688409946e+00
1.997036740003508060e+00
1.997305060454538372e+00
1.997564778767456639e+00
1.997814193393874449e+00
1.998051734811671087e+00
1.998275976264803244e+00
1.998485643102557274e+00
1.998679620495690479e+00
1.998856959547672174e+00
1.999016881812150537e+00
1.999158782105567633e+00
1.999282229727148419e+00
1.999386968029935874e+00
1.999472912382682654e+00
1.999540146654952499e+00
1.999588918198259346e+00
1.999619631405791020e+00
1.999632840003660261e+00
1.999629238137962783e+00
1.999609650373745939e+00
1.999575020684491555e+00
1.999526400687072991e+00
1.999464937024531208e+00
1.999391858332131067e+00
1.999308461632330669e+00
1.999216098524432272e+00
1.999116161141520243e+00
1.999010068180509192e+00
1.998899250777955494e+00
1.998785139217659879e+00
1.998669149212381368e+00
1.998552669244101576e+00
1.998437048282692974e+00
1.998323584203154812e+00
1.998213512937894620e+00
1.998107998638611882e+00
1.998008124574526478e+00
1.997914885132146656e+00
1.997829178850439646e+00
1.997751802490924433e+00
1.997683446243530225e+00
1.997624690057088426e+00
1.997576001083443131e+00
1.997537732273229727e+00
1.997510122033936186e+00
1.997493295078598186e+00
1.997487264207119972e+00
1.997491933172217626e+00
1.997507100546929371e+00
1.997532464393062757e+00
1.997567627886872144e+00
1.997612105662475601e+00
1.997665330820863172e+00
1.997726662644516482e+00
1.997795394775305322e+00
1.997870763834808772e+00
1.997951958417082396e+00
1.998038128390036805e+00
1.998128394216829973e+00
1.998221856518533901e+00
1.998317605482042847e+00
1.998414730246381499e+00
1.998512328038932306e+00
1.998609513042352903e+00
1.998705424867573299e+00
1.998799236653210798e+00
1.998890162557584782e+00
1.998977464756103606e+00
1.999060459709263604e+00
1.999138523922620259e+00
1.999211098745474535e+00
1.999277694564452146e+00
1.999337894130523763e+00
1.999391355170204054e+00
1.999437812084774224e+00
1.999477076836314149e+00
1.999509039133373856e+00
1.999533665665998994e+00
1.999550998717146033e+00
1.999561153884401365e+00
1.999564317265770219e+00
1.999560741824977450e+00
1.999550743303465827e+00
1.999534695416283148e+00
1.999513024737343381e+00
1.999486204980677639e+00
1.999454751065976588e+00
1.999419212811100133e+00
1.999380168455640927e+00
1.999338217953223307e+00
1.999293976300904996e+00
1.999248066802603807e+00
1.999201114354828723e+00
1.999153738971340077e+00
1.999106549417192902e+00
1.999060137111005053e+00
1.999015070382508474e+00
1.998971889053142936e+00
1.998931099460099059e+00
1.998893169897774769e+00
1.998858526613620734e+00
1.998827550252903373e+00
1.998800572910496953e+00
1.998777875730089582e+00
1.998759687081251180e+00
1.998746181300287361e+00
1.998737478091733966e+00
1.998733642406652189e+00
1.998734684992091060e+00
1.998740563434058704e+00
1.998751183751872551e+00
1.998766402471097381e+00
1.998786029248702079e+00
1.998809829818060768e+00
1.998837529445687267e+00
1.998868816665412051e+00
1.998903347356874916e+00
1.998940749089748614e+00
1.998980625660374377e+00
1.999022561787790586e+00
1.999066127960434258e+00
1.999110885273410743e+00
1.999156390295285801e+00
1.999202199969433602e+00
1.999247876261104118e+00
1.999292990780384693e+00
1.999337129168358373e+00
1.999379895301796495e+00
1.999420915104900720e+00
1.999459840204154126e+00
1.999496351123548621e+00
1.999530160168632165e+00
1.999561013890076344e+00
1.999588695166276908e+00
1.999613024808224226e+00
1.999633862765094694e+00
1.999651108902174235e+00
1.999664703264171894e+00
1.999674625969816377e+00
1.999680896667762608e+00
1.999683573569167150e+00
1.999682752042732492e+00
1.999678562913579372e+00
1.999671170342347537e+00
1.999660769438911245e+00
1.999647583551862118e+00
1.999631861321985449e+00
1.999613873493303329e+00
1.999593909578388340e+00
1.999572274393989879e+00
1.999549284454152254e+00
1.999525264292027371e+00
1.999500542855155105e+00
1.999475449836479291e+00
1.999450312084357639e+00
1.999425450120953629e+00
1.999401174844525730e+00
1.999377784261331614e+00
1.999355560575685642e+00
1.999334767404004731e+00
1.999315647277833952e+00
1.999298419418907180e+00
1.999283277798526104e+00
1.999270389543031490e+00
1.999259893590035420e+00
1.999251899752883199e+00
1.999246488066516614e+00
1.999243708509027995e+00
1.999243580986722835e+00
1.999246095730464079e+00
1.999251213979332809e+00
1.999258868907006326e+00
1.999268966941500025e+00
1.999281389270068487e+00
1.999295993618953382e+00
1.999312616298444034e+00
1.999331074349506077e+00
1.999351167970844889e+00
1.999372682983178828e+00
1.999395393543379251e+00
1.999419064756661646e+00
1.999443455509348544e+00
1.999468321219214806e+00
1.999493416614006369e+00
1.999518498454364357e+00
1.999543328196399683e+00
1.999567674544531881e+00
1.999591315873357811e+00
1.999614042545296622e+00
1.999635658965637663e+00
1.999655985529434021e+00
1.999674860331789761e+00
1.999692140605898061e+00
1.999707703999306974e+00
1.999721449510543314e+00
1.999733298260545133e+00
1.999743193958693155e+00
1.999751103070820157e+00
1.999757014827196810e+00
1.999760940841688761e+00
1.999762914630305533e+00
1.999762990769253124e+00
1.999761243927478338e+00
1.999757767580207846e+00
1.999752672695016997e+00
1.999746086041849669e+00
1.999738148527771653e+00
1.999729013310657333e+00
1.999718843812346991e+00
1.999707811719314554e+00
1.999696094783570244e+00
1.999683874765161073e+00
1.999671335231661740e+00
1.999658659461906574e+00
1.999646028299200795e+00
1.999633618185316486e+00
1.999621599139502326e+00
1.999610133013293600e+00
1.999599371700734318e+00
1.999589455578362429e+00
1.999580512158624535e+00
1.999572654742740152e+00
1.999565981446029594e+00
1.999560574330767393e+00
1.999556498667906634e+00
1.999553802557096027e+00
1.999552516631692312e+00
1.999552653991641726e+00
1.999554210389144382e+00
1.999557164551350796e+00
1.999561478733532294e+00
1.999567099440211715e+00
1.999573958306220867e+00
1.999581973158819137e+00
1.999591049211304927e+00
1.999601080370066342e+00
1.999611950702653074e+00
1.999623535933983343e+00
1.999635705029996213e+00
1.999648321909099469e+00
1.999661247080102067e+00
1.999674339364036824e+00
1.999687457607178143e+00
1.999700462313197091e+00
1.999713217327749648e+00
1.999725591343148645e+00
1.999737459451286448e+00
1.999748704496584262e+00
1.999759218331623289e+00
1.999768903064547798e+00
1.999777671973300697e+00
1.999785450434376388e+00
1.999792176677694266e+00
1.999797802261314317e+00
1.999802292550898697e+00
1.999805626881618448e+00
1.999807798656541458e+00
1.999808815222256397e+00
1.999808697592920570e+00
1.999807480068554133e+00
1.999805209568386699e+00
1.999801944980819091e+00
1.999797756301901819e+00
1.999792723586354182e+00
1.999786935959329659e+00
1.999780490403724409e+00
1.999773490484697769e+00
1.999766045037008277e+00
1.999758266826569431e+00
1.999750271139336455e+00
1.999742174346531121e+00
1.999734092566541666e+00
1.999726140183466949e+00
1.999718428582206053e+00
1.999711064803981975e+00
1.999704150325513963e+00
1.999697779906177919e+00
1.999692040528723291e+00
1.999687010433578438e+00
1.999682758272183225e+00
1.999679342414654837e+00
1.999676810320899945e+00
1.999675198094245765e+00
1.999674530198190636e+00
1.999674819227505118e+00
1.999676065898991384e+00
1.999678259196875807e+00
1.999681376543471112e+00
1.999685384213733874e+00
1.999690237943278825e+00
1.999695883327432755e+00
1.999702256759498864e+00
1.999709286257711716e+00
1.999716892277550118e+00
1.999724988913606394e+00
1.999733484809335993e+00
1.999742284365272793e+00
1.999751288975025521e+00
1.999760398135890460e+00
1.999769510717617216e+00
1.999778526156800185e+00
1.999787345672959349e+00
1.999795873409591751e+00
1.999804017575839810e+00
1.999811691482457965e+00
1.999818814558890434e+00
1.999825313269977700e+00
1.999831121928662858e+00
1.999836183405642176e+00
1.999840449782174234e+00
1.999843882811184637e+00
1.999846454326704936e+00
1.999848146507267055e+00
1.999848951991444412e+00
1.999848873929001680e+00
1.999847925838434959e+00
1.999846131367634339e+00
1.999843523980466387e+00
1.999840146449923806e+00
1.999836050337049587e+00
1.999831295267196607e+00
1.999825948208498350e+00
1.999820082626209583e+00
1.999813777541629589e+00
1.999807116627768222e+00
1.999800187104880056e+00
1.999793078750786490e+00
1.999785882835411588e+00
1.999778690978748497e+00
1.999771594123819440e+00
1.999764681448914505e+00
1.999758039340948423e+00
1.999751750377071868e+00
1.999745892418546056e+00
1.999740537700090082e+00
1.999735752045789017e+00
1.999731594116096023e+00
1.999728114776420318e+00
1.999725356560441591e+00
1.999723353236145362e+00
1.999722129446706687e+00
1.999721700494948795e+00
1.999722072256539862e+00
1.999723241146204478e+00
1.999725194223783920e+00
1.999727909408351545e+00
1.999731355849085679e+00
1.999735494294659466e+00
1.999740277629570739e+00
1.999745651491142473e+00
1.999751554954380950e+00
1.999757921286292817e+00
1.999764678766630110e+00
1.999771751608624415e+00
1.999779060741704306e+00
1.999786525143950167e+00
1.999794062143088080e+00
1.999801589058436191e+00
1.999809023825215970e+00
1.999816286038011981e+00
1.999823297897396879e+00
1.999829985072405725e+00
1.999836277616727775e+00
1.999842110672604534e+00
1.999847425281595426e+00
1.999852169000739588e+00
1.999856296493377483e+00
1.999859769960244504e+00
1.999862559648507565e+00
1.999864644006345893e+00
1.999866010008678696e+00
1.999866653175374598e+00
1.999866577561454584e+00
1.999865795714167005e+00
1.999864328406769420e+00
1.999862204379521780e+00
1.999859459873059242e+00
1.999856138253995219e+00
1.999852289349766776e+00
1.999847968901507400e+00
1.999843237787914951e+00
1.999838161343835852e+00
1.999832808438003928e+00
1.999827250768294595e+00
1.999821561919669533e+00
1.999815816474389107e+00
1.999810089109885114e+00
1.999804453786529601e+00
1.999798982749088294e+00
1.999793745767179276e+00
1.999788809319024807e+00
1.999784235750678762e+00
1.999780082655899127e+00
1.999776402117435348e+00
1.999773240215922288e+00
1.999770636441819516e+00
1.999768623310154148e+00
1.999767225991361252e+00
1.999766462081327800e+00
1.999766341388421464e+00
1.999766865946485561e+00
1.999768029920448109e+00
1.999769819839534835e+00
1.999772214733702036e+00
1.999775186455405640e+00
1.999778700057763592e+00
1.999782714210101231e+00
1.999787181828282634e+00
1.999792050583948377e+00
1.999797263575422868e+00
1.999802760096469179e+00
1.999808476316695671e+00
1.999814346115035057e+00
1.999820301873996842e+00
1.999826275287509336e+00
1.999832198228359781e+00
1.999838003511305473e+00
1.999843625795718838e+00
1.999849002228789585e+00
1.999854073352086870e+00
1.999858783659069994e+00
1.999863082368360745e+00
1.999866923907905880e+00
1.999870268553494368e+00
1.999873082792010814e+00
1.999875339755488257e+00
1.999877019502671383e+00
1.999878109223347300e+00
1.999878603394644072e+00
1.999878503772258398e+00
1.999877819367025689e+00
1.999876566317858595e+00
1.999874767655299923e+00
1.999872452980235860e+00
1.999869658100153158e+00
1.999866424582712687e+00
1.999862799192378082e+00
1.999858833343759246e+00
1.999854582421674243e+00
1.999850105114426846e+00
1.999845462706469013e+00
1.999840718263489636e+00
1.999835935949865418e+00
1.999831180146215193e+00
1.999826514716504189e+00
1.999822002226017359e+00
1.999817703181330897e+00
1.999813675276500113e+00
1.999809972708753714e+00
1.999806645543924732e+00
1.999803739062726793e+00
1.999801293287569282e+00
1.999799342386938017e+00
1.999797914439782165e+00
1.999797030949028720e+00
1.999796706657984702e+00
1.999796949361874576e+00
1.999797759828730204e+00
1.999799131806221153e+00
1.999801052089147602e+00
1.999803500671050616e+00
1.999806451047509759e+00
1.999809870497087694e+00
1.999813720482847224e+00
1.999817957182579820e+00
1.999822531925474101e+00
1.999827391898597151e+00
1.999832480699468951e+00
1.999837739093124789e+00
1.999843105668601462e+00
1.999848517943247250e+00
1.999853911597377687e+00
1.999859224246026024e+00
1.999864393218516945e+00
1.999869357834537009e+00
1.999874059757495104e+00
1.999878443833196684e+00
1.999882458667488594e+00
1.999886057267708184e+00
1.999889197666232743e+00
1.999891843330819929e+00
1.999893963744111991e+00
1.999895534677724074e+00
1.999896538509129407e+00
1.999896964490019746e+00
1.999896808808604431e+00
1.999896074695093340e+00
1.999894772396529019e+00
1.999892918998334768e+00
1.999890538304047505e+00
1.999887660474561235e+00
1.999884321746649318e+00
1.999880563925835908e+00
1.999876433958336364e+00
1.999871983337059733e+00
1.999867267445400332e+00
1.999862345002889619e+00
1.999857277199475147e+00
1.999852127104792432e+00
1.999846958831547727e+00
1.999841836787958238e+00
1.999836824871233043e+00
1.999831985798926182e+00
1.999827380129449717e+00
1.999823065720143456e+00
1.999819097078633812e+00
1.999815524370556652e+00
1.999812393156107371e+00
1.999809743682940288e+00
1.999807610355486931e+00
1.999806021375215792e+00
1.999804998363165831e+00
1.999804556055962745e+00
1.999804702151016800e+00
1.999805437211670700e+00
1.999806754552696964e+00
1.999808640396618653e+00
1.999811074021186741e+00
1.999814027886959389e+00
1.999817468075201887e+00
1.999821354621625691e+00
1.999825641946279875e+00
1.999830279484529960e+00
1.999835212183042943e+00
1.999840381239071041e+00
1.999845724687678850e+00
1.999851178238474469e+00
1.999856676011707579e+00
1.999862151301898150e+00
1.999867537404038664e+00
1.999872768442215731e+00
1.999877780092891522e+00
1.999882510416747472e+00
1.999886900611558049e+00
1.999890895752710174e+00
1.999894445379242880e+00
1.999897504201915366e+00
1.999900032670618000e+00
1.999901997405205467e+00
1.999903371671784225e+00
1.999904135713116649e+00
1.999904277028199617e+00
1.999903790515827007e+00
1.999902678591035432e+00
1.999900951194222065e+00
1.999898625689680021e+00
1.999895726657880957e+00
1.999892285687485449e+00
1.999888340997058256e+00
1.999883936949937713e+00
1.999879123650411872e+00
1.999873956293702904e+00
1.999868494536527264e+00
1.999862801796099321e+00
1.999856944528539460e+00
1.999850991416732393e+00
1.999845012567197378e+00
1.999839078672725146e+00
1.999833260145353231e+00
1.999827626284334192e+00
1.999822244459843024e+00
1.999817179228068564e+00
1.999812491628593758e+00
1.999808238318596665e+00
1.999804470962975644e+00
1.999801235555921819e+00
1.999798571826048477e+00
1.999796512703668538e+00
1.999795083922707217e+00
1.999794303672467244e+00
1.999794182252727426e+00
1.999794722023525928e+00
1.999795917236250054e+00
1.999797754027703878e+00
1.999800210646868637e+00
1.999803257542267731e+00
1.999806857761077472e+00
1.999810967225596370e+00
1.999815535311963766e+00
1.999820505355460298e+00
1.999825815317588740e+00
1.999831398397435844e+00
1.999837183938390162e+00
1.999843098057290769e+00
1.999849064694160683e+00
1.999855006330708784e+00
1.999860844976897978e+00
1.999866503047748489e+00
1.999871904393119015e+00
1.999876975042939931e+00
1.999881644209604348e+00
1.999885845124923289e+00
1.999889515833013887e+00
1.999892599982292740e+00
1.999895047498456035e+00
1.999896815259601945e+00
1.999897867631663217e+00
1.999898176959028051e+00
1.999897723895180057e+00
1.999896497797680084e+00
1.999894496823969581e+00
1.999891728077004771e+00
1.999888207517363403e+00
1.999883959972851288e+00
1.999879018793589314e+00
1.999873425574162367e+00
1.999867229765962318e+00
1.999860488112504164e+00
1.999853264098827799e+00
1.999845627176984664e+00
1.999837652153904966e+00
1.999829418227163869e+00
1.999821008163467528e+00
1.999812507373517123e+00
1.999804002972964012e+00
1.999795582736123789e+00
1.999787334112060666e+00
1.999779343290241984e+00
1.999771694074306216e+00
1.999764467028084969e+00
1.999757738500111071e+00
1.999751579653314071e+00
1.999746055756814522e+00
1.999741225300099678e+00
1.999737139321653201e+00
1.999733840779695404e+00
1.999731364053788818e+00
1.999729734453733254e+00
1.999728967953206205e+00
1.999729070914796791e+00
1.999730039940487591e+00
1.999731861992873005e+00
1.999734514360339555e+00
1.999737964990611960e+00
1.999742172723883549e+00
1.999747087847302263e+00
1.999752652497703398e+00
1.999758801430269628e+00
1.999765462665565652e+00
1.999772558355744856e+00
1.999780005592069587e+00
1.999787717410733023e+00
1.999795603779361164e+00
1.999803572637903093e+00
1.999811530989981767e+00
1.999819385906141056e+00
1.999827045727680330e+00
1.999834421066828627e+00
1.999841425946612183e+00
1.999847978698742423e+00
1.999854003091164456e+00
1.999859429171000125e+00
1.999864194127581873e+00
1.999868243087267627e+00
1.999871529798351588e+00
1.999874017190784725e+00
1.999875677880091240e+00
1.999876494556961815e+00
1.999876460197304917e+00
1.999875578220506211e+00
1.999873862498516619e+00
1.999871337247733916e+00
1.999868036762307177e+00
1.999864005070604689e+00
1.999859295492322220e+00
1.999853969949076493e+00
1.999848098352838832e+00
1.999841757749065252e+00
1.999835031522748885e+00
1.999828008229983078e+00
1.999820780754717697e+00
1.999813445088876263e+00
1.999806099203456755e+00
1.999798841872324262e+00
1.999791771497194226e+00
1.999784984824899636e+00
1.999778575792838575e+00
1.999772634336696830e+00
1.999767245295621221e+00
1.999762487201446559e+00
1.999758431399515812e+00
1.999755141022469207e+00
1.999752670075037431e+00
1.999751062803695412e+00
1.999750352908265194e+00
1.999750563090420430e+00
1.999751704646487216e+00
1.999753777128373100e+00
1.999756768276369723e+00
1.999760653943115640e+00
1.999765398295338281e+00
1.999770954060124728e+00
1.999777262980525050e+00
1.999784256276412764e+00
1.999791855455935075e+00
1.999799973046296531e+00
1.999808513510434649e+00
1.999817374347461429e+00
1.999826447115341521e+00
1.999835618754999267e+00
1.999844772764366674e+00
1.999853790612153626e+00
1.999862553087725425e+00
1.999870941688435488e+00
1.999878840033719296e+00
1.999886135326232939e+00
1.999892719646439776e+00
1.999898491356440822e+00
1.999903356385576370e+00
1.999907229422973165e+00
1.999910035048979351e+00
1.999911708792954323e+00
1.999912198020311171e+00
1.999911462741728929e+00
1.999909476277544451e+00
1.999906225713713681e+00
1.999901712334617443e+00
1.999895951771132552e+00
1.999888974071654335e+00
1.999880823500888472e+00
1.999871558363971458e+00
1.999861250413941027e+00
1.999849984322764174e+00
1.999837856882382470e+00
1.999824976036093327e+00
1.999811459872296471e+00
1.999797435374854437e+00
1.999783037138647357e+00
1.999768405960831164e+00
1.999753687283696513e+00
1.999739029685057234e+00
1.999724583168640324e+00
1.999710497537684706e+00
1.999696920699115310e+00
1.999683996942603903e+00
1.999671865299006202e+00
1.999660657868709057e+00
1.999650498286903888e+00
1.999641500164007324e+00
1.999633765713681566e+00
1.999627384456587054e+00
1.999622432028826946e+00
1.999618969158907911e+00
1.999617040794091638e+00
1.999616675355897266e+00
1.999617884276950530e+00
1.999620661580383318e+00
1.999624983786542742e+00
1.999630809903553796e+00
1.999638081640955356e+00
1.999646723952625438e+00
1.999656645507913222e+00
1.999667739645743847e+00
1.999679885269616264e+00
1.999692948109796919e+00
1.999706781982509618e+00
1.999721230323014520e+00
1.999736127782503869e+00
1.999751301992961583e+00
1.999766575426639381e+00
1.999781767236938679e+00
1.999796695306596650e+00
1.999811178304253367e+00
1.999825037639212821e+00
1.999838099537292857e+00
1.999850197082257086e+00
1.999861172105426022e+00
1.999870877123532509e+00
1.999879177079300963e+00
1.999885951025119679e+00
1.999891093665834729e+00
1.999894516708850212e+00
1.999896150094826908e+00
1.999895942940662419e+00
1.999893864433827106e+00
1.999889904325473422e+00
1.999884073387266925e+00
1.999876403475448372e+00
1.999866947459457700e+00
1.999855778872529966e+00
1.999842991377012380e+00
1.999828697845771108e+00
1.999813029472891301e+00
1.999796134387963109e+00
1.999778176258760531e+00
1.999759332642567999e+00
1.999739793128121557e+00
1.999719757364611050e+00
1.999699432915232444e+00
1.999679033021437347e+00
1.999658774290148378e+00
1.999638874234024755e+00
1.999619548909323585e+00
1.999601010368383225e+00
1.999583464274462097e+00
1.999567107485136441e+00
1.999552125673827119e+00
1.999538691142096924e+00
1.999526960658868813e+00
1.999517073493267016e+00
1.999509149630603666e+00
1.999503288084474972e+00
1.999499565604444307e+00
1.999498035387563766e+00
1.999498726242390889e+00
1.999501641878578040e+00
1.999506760511798875e+00
1.999514034787583050e+00
1.999523391929488803e+00
1.999534734160172800e+00
1.999547939551945097e+00
1.999562862913768280e+00
1.999579337211555341e+00
1.999597175057241438e+00
1.999616170553169647e+00
1.999636101343072125e+00
1.999656730874088462e+00
1.999677810812471757e+00
1.999699083721057091e+00
1.999720285784499563e+00
1.999741149711866450e+00
1.999761407673161573e+00
1.999780794303155362e+00
1.999799049759210412e+00
1.999815922706974725e+00
1.999831173288267872e+00
1.999844575999021101e+00
1.999855922466795333e+00
1.999865024019657378e+00
1.999871714207173357e+00
1.999875850911840169e+00
1.999877318420217209e+00
1.999876029133965005e+00
1.999871924951974078e+00
1.999864978465937693e+00
1.999855193716422841e+00
1.999842606702672443e+00
1.999827285442405289e+00
1.999809329774044908e+00
1.999788870768084648e+00
1.999766069735660290e+00
1.999741116968337229e+00
1.999714230047525243e+00
1.999685651909565820e+00
1.999655648534432562e+00
1.999624506360658360e+00
1.999592529448079636e+00
1.999560036382446837e+00
1.999527356981397608e+00
1.999494828789507794e+00
1.999462793512198910e+00
1.999431593225652559e+00
1.999401566629653626e+00
1.999373045216285449e+00
1.999346349483619445e+00
1.999321785163938658e+00
1.999299639594169564e+00
1.999280178221152005e+00
1.999263641277150283e+00
1.999250240639792731e+00
1.999240157040092392e+00
1.999233537450855192e+00
1.999230492912803969e+00
1.999231096568277577e+00
1.999235382244502368e+00
1.999243343299760056e+00
1.999254931960578352e+00
1.999270059055523019e+00
1.999288594251485529e+00
1.999310366657841787e+00
1.999335165945256954e+00
1.999362743870990666e+00
1.999392816314594867e+00
1.999425065582149497e+00
1.999459143340504230e+00
1.999494673693183566e+00
1.999531256863945172e+00
1.999568472915750128e+00
1.999605886037444380e+00
1.999643048896495801e+00
1.999679507281934443e+00
1.999714804887257724e+00
1.999748488138808789e+00
1.999780111231891144e+00
1.999809241036713869e+00
1.999835462008918485e+00
1.999858381058848167e+00
1.999877632148949536e+00
1.999892880816393603e+00
1.999903828333325695e+00
1.999910215623389886e+00
1.999911826826215711e+00
1.999908492418787542e+00
1.999900091947973912e+00
1.999886556253219316e+00
1.999867869189597691e+00
1.999844068828677157e+00
1.999815248109832799e+00
1.999781554848839793e+00
1.999743191304757195e+00
1.999700412966568974e+00
1.999653526922954505e+00
1.999602889558287577e+00
1.999548903726144689e+00
1.999492015368100395e+00
1.999432709560071686e+00
1.999371506230519513e+00
1.999308955220785888e+00
1.999245631122441358e+00
1.999182127657514352e+00
1.999119051805862579e+00
1.999057017659264357e+00
1.998996640135385583e+00
1.998938528507309131e+00
1.998883279895080634e+00
1.998831472832921063e+00
1.998783660820304009e+00
1.998740366057667250e+00
1.998702073443487048e+00
1.998669224705385883e+00
1.998642213046476490e+00
1.998621378088085487e+00
1.998607001288432050e+00
1.998599301897227454e+00
1.998598433473407265e+00
1.998604480976087006e+00
1.998617458597216290e+00
1.998637308146893110e+00
1.998663898295440555e+00
1.998697024465477812e+00
1.998736409462954944e+00
1.998781704932663938e+00
1.998832493542954447e+00
1.998888291873256451e+00
1.998948554103431530e+00
1.999012676386504372e+00
1.999080001895694458e+00
1.999149826539253771e+00
1.999221405250114048e+00
1.999293958798813220e+00
1.999366681147888514e+00
1.999438747192552102e+00
1.999509320864624851e+00
1.999577563463030616e+00
1.999642642279579885e+00
1.999703739201853070e+00
1.999760059456925587e+00
1.999810840182332239e+00
1.999855358949954143e+00
1.999892941929889867e+00
1.999922971815343953e+00
1.999944895202544037e+00
1.999958229602276205e+00
1.999962569757194109e+00
1.999957593248203214e+00
1.999943065564104394e+00
1.999918844078835356e+00
1.999884881370351364e+00
1.999841227581473646e+00
1.999788031760862950e+00
1.999725542280987645e+00
1.999654106221539163e+00
1.999574167756422272e+00
1.999486265467982360e+00
1.999391028723723318e+00
1.999289172967193329e+00
1.999181494166564654e+00
1.999068862240048317e+00
1.998952213676386869e+00
1.998832543309245535e+00
1.998710895385900077e+00
1.998588353959448005e+00
1.998466032720565888e+00
1.998345064319533515e+00
1.998226589327790625e+00
1.998111744955680669e+00
1.998001653482587292e+00
1.997897410778270322e+00
1.997800074716957086e+00
1.997710653918205237e+00
1.997630096592719173e+00
1.997559279910690710e+00
1.997498999794235397e+00
1.997449961348717329e+00
1.997412769969689750e+00
1.997387923276182198e+00
1.997375803907939673e+00
1.997376673405779179e+00
1.997390666955456417e+00
1.997417789444176472e+00
1.997457912608785024e+00
1.997510773429309161e+00
1.997575973829477824e+00
1.997652981625261726e+00
1.997741132824362831e+00
1.997839635314428319e+00
1.997947573720271652e+00
1.998063915714816341e+00
1.998187519516337440e+00
1.998317142629833176e+00
1.998451451762031761e+00
1.998589033820798999e+00
1.998728407976094745e+00
1.998868038559695970e+00
1.999006348899607932e+00
1.999141735767916206e+00
1.999272584410908493e+00
1.999397284118017870e+00
1.999514243993185003e+00
1.999621908908115309e+00
1.999718775503092294e+00
1.999803407964044322e+00
1.999874453543139641e+00
1.999930657514676025e+00
1.999970877651411572e+00
1.999994097700830142e+00
1.999999440077659951e+00
1.999986177394809106e+00
1.999953742755585795e+00
1.999901738724563671e+00
1.999829944762388179e+00
1.999738323176001531e+00
1.999627023293867545e+00
1.999496383968723423e+00
1.999346934281103216e+00
1.999179392351224882e+00
1.998994662393480448e+00
1.998793829790727727e+00
1.998578154446244648e+00
1.998349062261511211e+00
1.998108134847413675e+00
1.997857097693537698e+00
1.997597806500501116e+00
1.997332232317585721e+00
1.997062445096369210e+00
1.996790596153526609e+00
1.996518899489200916e+00
1.996249612209416435e+00
1.995985014180829520e+00
1.995727387173889644e+00
1.995478993488521979e+00
1.995242054519716035e+00
1.995018729197357121e+00
1.994811092691216148e+00
1.994621115331979722e+00
1.994450642269607554e+00
1.994301373790997589e+00
1.994174846521225009e+00
1.994072415758804784e+00
1.993995239073946824e+00
1.993944261379661409e+00
1.993920201466920172e+00
1.993923540365625913e+00
1.993954511521346173e+00
1.994013092922818364e+00
1.994099001295370988e+00
1.994211688510639569e+00
1.994350340173907776e+00
1.994513876562151289e+00
1.994700955869411318e+00
1.994909979838374703e+00
1.995139101837920759e+00
1.995386237121059336e+00
1.995649075754289292e+00
1.995925097483466137e+00
1.996211589076823723e+00
1.996505663692334398e+00
1.996804282336733793e+00
1.997104277102722536e+00
1.997402376268337720e+00
1.997695230882439166e+00
1.997979442684842288e+00
1.998251593252478031e+00
1.998508274003901075e+00
1.998746116812514684e+00
1.998961824759057926e+00
1.999152205092750823e+00
1.999314196619377482e+00
1.999444903672905172e+00
1.999541624235785742e+00
1.999601878836406943e+00
1.999623437801569814e+00
1.999604346850665015e+00
1.999542950689120691e+00
1.999437914412271589e+00
1.999288242371112245e+00
1.999093294346505401e+00
1.998852798797290609e+00
1.998566862985800219e+00
1.998235979853505873e+00
1.997861031520388408e+00
1.997443289318658000e+00
1.996984410337792282e+00
1.996486430395420175e+00
1.995951753595809564e+00
1.995383138360082631e+00
1.994783680204544218e+00
1.994156791242945870e+00
1.993506176630204463e+00
1.992835808244796558e+00
1.992149895630416889e+00
1.991452854520445293e+00
1.990749273338940695e+00
1.990043877731450195e+00
1.989341493560253804e+00
1.988647008649759629e+00
1.987965333538849855e+00
1.987301361634992825e+00
1.986659928954404908e+00
1.986045773970545492e+00
1.985463497611010153e+00
1.984917523943171114e+00
1.984412061685560724e+00
1.983951066917716721e+00
1.983538207228439543e+00
1.983176827533169595e+00
1.982869917834514828e+00
1.982620083232544683e+00
1.982429516265050928e+00
1.982299971882685918e+00
1.982232745265271268e+00
1.982228652619474563e+00
1.982288015114632262e+00
1.982410646177499070e+00
1.982595842292748989e+00
1.982842377302093118e+00
1.983148500515134360e+00
1.983511938628582882e+00
1.983929901486373826e+00
1.984399091899412104e+00
1.984915719392982947e+00
1.985475518074309997e+00
1.986073768509909465e+00
1.986705323595753026e+00
1.987364638414553353e+00
1.988045803980786896e+00
1.988742584718596884e+00
1.989448459535697600e+00
1.990156666298137367e+00
1.990860249518008995e+00
1.991552110835143941e+00
1.992225062222008125e+00
1.992871881252252342e+00
1.993485368234437782e+00
1.994058404781988481e+00
1.994584013218944962e+00
1.995055416341702026e+00
1.995466097140149220e+00
1.995809857657476094e+00
1.996080876694935613e+00
1.996273765618588270e+00
1.996383621575293255e+00
1.996406077825679803e+00
1.996337350379608910e+00
1.996174280476144203e+00
1.995914372430406480e+00
1.995555826323485826e+00
1.995097565197816669e+00
1.994539256282780615e+00
1.993881326094712803e+00
1.993124969100871224e+00
1.992272149803601788e+00
1.991325598221578508e+00
1.990288798734830999e+00
1.989165972375956937e+00
1.987962052753411868e+00
1.986682655776616624e+00
1.985334043648530278e+00
1.983923083171039492e+00
1.982457199138161430e+00
1.980944323075708002e+00
1.979392837746370759e+00
1.977811518236206156e+00
1.976209469831710530e+00
1.974596063591461004e+00
1.972980869753519828e+00
1.971373590041037183e+00
1.969783988983412559e+00
1.968221824983388712e+00
1.966696781559323481e+00
1.965218399370169955e+00
1.963796009245068808e+00
1.962438666785886188e+00
1.961155088902950316e+00
1.959953592500712105e+00
1.958842035763165734e+00
1.957827762232458468e+00
1.956917547911062760e+00
1.956117551599776405e+00
1.955433268722499340e+00
1.954869488660835319e+00
1.954430256026851387e+00
1.954118835556804212e+00
1.953937681311188390e+00
1.953888409859490194e+00
1.953971777826102985e+00
1.954187663796459695e+00
1.954535054867406974e+00
1.955012037782139389e+00
1.955615794998512014e+00
1.956342605717583227e+00
1.957187852047759025e+00
1.958146030531896287e+00
1.959210769115840911e+00
1.960374849776562955e+00
1.961630236910659297e+00
1.962968111633371926e+00
1.964378912125751331e+00
1.965852380017271805e+00
1.967377612973625345e+00
1.968943123319875310e+00
1.970536902785206879e+00
1.972146493130785716e+00
1.973759062406042597e+00
1.975361487184037035e+00
1.976940438628374208e+00
1.978482474711450889e+00
1.979974135418360204e+00
1.981402041734892094e+00
1.982752997309159992e+00
1.984014091911134203e+00
1.985172805861614931e+00
1.986217114396373606e+00
1.987135590946550234e+00
1.987917508229938957e+00
1.988552935993008974e+00
1.989032834381317505e+00
1.989349141586114866e+00
1.989494854933893109e+00
1.989464104105623354e+00
1.989252215712747462e+00
1.988855768220515907e+00
1.988272636458507270e+00
1.987502025135148953e+00
1.986544490766026128e+00
1.985401951761369466e+00
1.984077686433245225e+00
1.982576318999841769e+00
1.980903793574745109e+00
1.979067336694816381e+00
1.977075408756709063e+00
1.974937644925094382e+00
1.972664786386093105e+00
1.970268602840756333e+00
1.967761807053289180e+00
1.965157962647320788e+00
1.962471386126947825e+00
1.959717044324900792e+00
1.956910448314811202e+00
1.954067544918015598e+00
1.951204606854137991e+00
1.948338122581227072e+00
1.945484686715740930e+00
1.942660891849030680e+00
1.939883222700087506e+00
1.937167953037325363e+00
1.934531046160213874e+00
1.931988059275068226e+00
1.929554052154399457e+00
1.927243500494265183e+00
1.925070213970727195e+00
1.923047259266217779e+00
1.921186888034117635e+00
1.919500469866686876e+00
1.917998430118694086e+00
1.916690192602534371e+00
1.915584126951167088e+00
1.914687500609376203e+00
1.914006435255261929e+00
1.913545867611119000e+00
1.913309514514681009e+00
1.913299842267902395e+00
1.913518039931622505e+00
1.913963997379976911e+00
1.914636287074499066e+00
1.915532150650223642e+00
1.916647490097211692e+00
1.917976863798615428e+00
1.919513487822095632e+00
1.921249242850664229e+00
1.923174687089051593e+00
1.925279075704234177e+00
1.927550387268579746e+00
1.929975357738711761e+00
1.932539522472607851e+00
1.935227266904196552e+00
1.938021886301109609e+00
1.940905655067759028e+00
1.943859906112100688e+00
1.946865120391073400e+00
1.949901027011800680e+00
1.952946713890489239e+00
1.955980748802209623e+00
1.958981310730633085e+00
1.961926330858298151e+00
1.964793642696308851e+00
1.967561140306276490e+00
1.970206943637897057e+00
1.972709569501302163e+00
1.975048106629720968e+00
1.977202393190032437e+00
1.979153194527747628e+00
1.980882379232768109e+00
1.982373091120697595e+00
1.983609914974461930e+00
1.984579033462995801e+00
1.985268373141426013e+00
1.985667737059386040e+00
1.985768921957327793e+00
1.985565818127964288e+00
1.985054490238902458e+00
1.984233237256688653e+00
1.983102631829760210e+00
1.981665536022335639e+00
1.979927095374277801e+00
1.977894710032476411e+00
1.975577983708976637e+00
1.972988651315281228e+00
1.970140486448425987e+00
1.967049190112215573e+00
1.963732262570490938e+00
1.960208860220496119e+00
1.956499639736741125e+00
1.952626591750527441e+00
1.948612866346313366e+00
1.944482592832759149e+00
1.940260696069867841e+00
1.935972711406038327e+00
1.931644600499046849e+00
1.927302569755200645e+00
1.922972893045260312e+00
1.918681740176058081e+00
1.914455012352036078e+00
1.910318185423727888e+00
1.906296161607786255e+00
1.902413130660769447e+00
1.898692439637052587e+00
1.895156472456728691e+00
1.891826538308580608e+00
1.888722768929525175e+00
1.885864024157962282e+00
1.883267805395693939e+00
1.880950176041016997e+00
1.878925688521125181e+00
1.877207317110210605e+00
1.875806395700583495e+00
1.874732560244145585e+00
1.873993694892176043e+00
1.873595881498805849e+00
1.873543352200153000e+00
1.873838444523120206e+00
1.874481559129383301e+00
1.875471120108958889e+00
1.876803538032100871e+00
1.878473176153912405e+00
1.880472320302179146e+00
1.882791153347777691e+00
1.885417734983211746e+00
1.888337988328951944e+00
1.891535694313124294e+00
1.894992495779755037e+00
1.898687912716236603e+00
1.902599370562682912e+00
1.906702243568030752e+00
1.910969915136118802e+00
1.915373857098698007e+00
1.919883730112019515e+00
1.924467506612141499e+00
1.929091618392649865e+00
1.933721129813665174e+00
1.938319937865165654e+00
1.942850999496360531e+00
1.947276586270025200e+00
1.951558565693833236e+00
1.955658707982638189e+00
1.959539016090894314e+00
1.963162076278631263e+00
1.966491425505434210e+00
1.969491931321640577e+00
1.972130178881409845e+00
1.974374859615277034e+00
1.976197154883858831e+00
1.977571108014490209e+00
1.978473977766381564e+00
1.978886566239532518e+00
1.978793514365984718e+00
1.978183558802270037e+00
1.977049744371999429e+00
1.975389587399142277e+00
1.973205186020879687e+00
1.970503275052415626e+00
1.967295223998702047e+00
1.963596978624229550e+00
1.959428947301697477e+00
1.954815835274522184e+00
1.949786430871654819e+00
1.944373348925743317e+00
1.938612737729926927e+00
1.932543956346875369e+00
1.926209229959396474e+00
1.919653290894894004e+00
1.912923013481921286e+00
1.906067050447219247e+00
1.899135478598136695e+00
1.892179461083273617e+00
1.885250933225069536e+00
1.878402318440956398e+00
1.871686280610533881e+00
1.865155519020188502e+00
1.858862612240381962e+00
1.852859917692376124e+00
1.847199535530633874e+00
1.841933345869987138e+00
1.837113133646456120e+00
1.832790818556882417e+00
1.829018815762752714e+00
1.825850563868147480e+00
1.823341273364695203e+00
1.821548974349185945e+00
1.820535981450949192e+00
1.820370956220461078e+00
1.821131843796121030e+00
1.822910124172550939e+00
1.825817075431032110e+00
1.829993181323457341e+00
1.835622504417537382e+00
1.842954839498154085e+00
1.852339257782150250e+00
1.864269465065254261e+00
1.879411133470308970e+00
1.898375317023506481e+00
1.919474510010099388e+00
1.918403756800390214e+00
1.680209999389920439e+00
1.408366772366713926e+00
1.593491537562996552e+00
1.701926406615690945e+00
1.764250113900487804e+00
1.808073524498367224e+00
1.844290978775347423e+00
1.878061992419360449e+00
1.912623464117123806e+00
1.950750946425616306e+00
1.995117528118673933e+00
2.045106496789492301e+00
2.068110632240811597e+00
1.887726418093462533e+00
1.636250739900263040e+00
1.656515230138939865e+00
1.723405408264515160e+00
1.777189854568579142e+00
1.818289115807383061e+00
1.851019151628796378e+00
1.878367755233186109e+00
1.902264828820712017e+00
1.924099380446373297e+00
1.945113350663180807e+00
1.966785473593019473e+00
1.991421047852296233e+00
2.023434383099020017e+00
2.072779162357194949e+00
2.165440576509300108e+00
2.372906266506198403e+00
2.738531860904860782e+00
2.593519016755437612e+00
2.244481780516681457e+00
2.097475796485118504e+00
2.036559527237260081e+00
2.006844053202084144e+00
1.990120491793964108e+00
1.979793643187457874e+00
1.973354821645734170e+00
1.970033756335644481e+00
1.970037979357379898e+00
1.974404738038872509e+00
1.985240277756745497e+00
2.006444369390171012e+00
2.045318535823291484e+00
2.115643252197668911e+00
2.239636991758986007e+00
2.414664014186484575e+00
2.457868390235715683e+00
2.229156753800380475e+00
2.021115170111349890e+00
1.920773272240292151e+00
1.882644495849144173e+00
1.877270280629002031e+00
1.891072987750493262e+00
1.912417444687211532e+00
1.919330049397925952e+00
1.882197332381076116e+00
1.803677997074895289e+00
1.726969064430574852e+00
1.679313065050529907e+00
1.660676410823618054e+00
1.665111926611748894e+00
1.690912420998184507e+00
1.743162446913447461e+00
1.836391786718895691e+00
1.996940886622758926e+00
2.238806917113388639e+00
2.437707004439274350e+00
2.365248456144372735e+00
2.151399814374370667e+00
1.990699710367652919e+00
1.902082752648948327e+00
1.860588296350111692e+00
1.847842215848451985e+00
1.853866563264739753e+00
1.873584774320925295e+00
1.904548545606876475e+00
1.945714074602575394e+00
1.996659590322903632e+00
2.056698582797237052e+00
2.123091553429994782e+00
