1.975361487183875386e+00
1.976627170546067180e+00
1.977870952298076856e+00
1.979085936158895942e+00
1.980265242590972141e+00
1.981402041734753317e+00
1.982489586907196566e+00
1.983521248613011156e+00
1.984490548759008988e+00
1.985391194914681190e+00
1.986217114396475525e+00
1.986962487974863079e+00
1.987621782932069259e+00
1.988189785228442918e+00
1.988661630624398713e+00
1.989032834381412096e+00
1.989299319438671665e+00
1.989457442720058866e+00
1.989504019462954298e+00
1.989436345262244332e+00
1.989252215712708161e+00
1.988949943424212385e+00
1.988528372274469325e+00
1.987986888757742543e+00
1.987325430353483746e+00
1.986544490767694127e+00
1.985645122076679758e+00
1.984628933670508744e+00
1.983498088060472897e+00
1.982255293492832138e+00
1.980903793571840543e+00
1.979447353806900178e+00
1.977890245372525335e+00
1.976237226004890379e+00
1.974493518448978024e+00
1.972664786386070679e+00
1.970757108192138896e+00
1.968776948708751418e+00
1.966731129184772886e+00
1.964626795675810778e+00
1.962471386126947159e+00
1.960272596340166817e+00
1.958038345111502654e+00
1.955776738684192884e+00
1.953496034855492836e+00
1.951204606854144208e+00
1.948910907242707102e+00
1.946623432039885637e+00
1.944350685165383785e+00
1.942101143520384321e+00
1.939883222701038745e+00
1.937705243515203568e+00
1.935575399538707719e+00
1.933501725562573936e+00
1.931492067301826543e+00
1.929554052154491384e+00
1.927695061297608925e+00
1.925922202993124666e+00
1.924242287177200250e+00
1.922661801406004844e+00
1.921186888035279816e+00
1.919823322767622242e+00
1.918576494416432965e+00
1.917451385996138402e+00
1.916452557004751922e+00
1.915584126951288324e+00
1.914849760079029961e+00
1.914252651156766794e+00
1.913795512649157038e+00
1.913480562719467315e+00
1.913309514514615284e+00
1.913283566573867445e+00
1.913403394180008821e+00
1.913669142006690915e+00
1.914080417770912312e+00
1.914636287074571674e+00
1.915335269393857009e+00
1.916175335374104449e+00
1.917153905347242837e+00
1.918267849228750155e+00
1.919513487830377674e+00
1.920886595666372099e+00
1.922382405441863673e+00
1.923995614140983745e+00
1.925720390980572239e+00
1.927550387226557804e+00
1.929478748328153914e+00
1.931498127494563066e+00
1.933600702431869101e+00
1.935778193780243406e+00
1.938021886300905550e+00
1.940322652520589441e+00
1.942670979074590409e+00
1.945056995705988667e+00
1.947470507025156339e+00
1.949901027012018284e+00
1.952337816384850600e+00
1.954769922510491309e+00
1.957186222209361004e+00
1.959575466992794279e+00
1.961926330859347534e+00
1.964227460257207181e+00
1.966467526315333947e+00
1.968635278769057306e+00
1.970719601528018838e+00
1.972709569501435833e+00
1.974594506294844898e+00
1.976364042485723171e+00
1.978008173896806721e+00
1.979517319634090500e+00
1.980882379232229429e+00
1.982094788543634190e+00
1.983146573855758987e+00
1.984030403681633414e+00
1.984739637818617952e+00
1.985268373142441423e+00
1.985611485660231379e+00
1.985764668421739154e+00
1.985724464905233466e+00
1.985488297378261269e+00
1.985054490170075736e+00
1.984422287294431708e+00
1.983591864444063324e+00
1.982564335152842361e+00
1.981341750880696084e+00
1.979927095374319546e+00
1.978324272905824355e+00
1.976538090871818865e+00
1.974574236707352659e+00
1.972439249495136382e+00
1.970140486448191730e+00
1.967686084681464331e+00
1.965084918658980717e+00
1.962346553692621898e+00
1.959481195995650404e+00
1.956499639737325547e+00
1.953413211604897448e+00
1.950233713325187024e+00
1.946973362753696701e+00
1.943644733832126326e+00
1.940260696070502666e+00
1.936834353869409497e+00
1.933378986194668636e+00
1.929907986884717097e+00
1.926434806092312213e+00
1.922972893045544307e+00
1.919535640432361356e+00
1.916136330730823900e+00
1.912788084545786749e+00
1.909503811196557654e+00
1.906296161607645923e+00
1.903177483628864186e+00
1.900159779765915991e+00
1.897254667370528169e+00
1.894473341195289651e+00
1.891826538308967853e+00
1.889324505310812308e+00
1.886976967629113933e+00
1.884793100956685619e+00
1.882781504494128288e+00
1.880950176041183974e+00
1.879306488681434573e+00
1.877857168943570576e+00
1.876608276303111111e+00
1.875565183888977971e+00
1.874732560243935087e+00
1.874114352081685864e+00
1.873713767793354190e+00
1.873533261879193779e+00
1.873574519964460894e+00
1.873838444522841762e+00
1.874325141302554343e+00
1.875033906363167580e+00
1.875963213899463522e+00
1.877110704802767094e+00
1.878473176156173041e+00
1.880046571752349571e+00
1.881825973889133197e+00
1.883805596516396230e+00
1.885978780072395056e+00
1.888337988329075179e+00
1.890874807341395902e+00
1.893579947169706790e+00
1.896443246351059431e+00
1.899453679828751795e+00
1.902599370562695791e+00
1.905867605266757137e+00
1.909244854722837781e+00
1.912716799115029565e+00
1.916268358648160364e+00
1.919883730112686537e+00
1.923546429439223049e+00
1.927239340900455122e+00
1.930944772938912202e+00
1.934644521070199463e+00
1.938319937865217613e+00
1.941952010170743259e+00
1.945521443517364668e+00
1.949008753052141607e+00
1.952394362541469031e+00
1.955658707979492705e+00
1.958782348381015392e+00
1.961746081259789332e+00
1.964531062644424120e+00
1.967118930623469319e+00
1.969491931321798894e+00
1.971633046287388336e+00
1.973526119913682653e+00
1.975155985563826322e+00
1.976508589066144461e+00
1.977571108011222156e+00
1.978332065505144621e+00
1.978781436760144619e+00
1.978910747322907504e+00
1.978713161344962224e+00
1.978183558801824615e+00
1.977318600622927969e+00
1.976116780527431782e+00
1.974578463130046702e+00
1.972705907303977657e+00
1.970503275052575276e+00
1.967976625158522230e+00
1.965133892217887146e+00
1.961984851025386112e+00
1.958541067415086046e+00
1.954815835274213764e+00
1.950824102463239562e+00
1.946582385010496852e+00
1.942108672142108583e+00
1.937422322897182303e+00
1.932543956345137426e+00
1.927495336850678198e+00
1.922299255802859985e+00
1.916979411947570933e+00
1.911560291578984883e+00
1.906067050447440625e+00
1.900525398874669092e+00
1.894961491535785525e+00
1.889401823554599957e+00
1.883873133909248487e+00
1.878402318441046548e+00
1.873016351556916259e+00
1.867742221332268526e+00
1.862606876041364767e+00
1.857637185417832182e+00
1.852859917692706748e+00
1.848301734283343212e+00
1.843989204406063953e+00
1.839948842403050122e+00
1.836207171502054480e+00
1.832790818556330636e+00
1.829726646310659177e+00
1.827041931313165835e+00
1.824764599223255734e+00
1.822923532866666863e+00
1.821548974349360250e+00
1.820673051766049211e+00
1.820330471746252510e+00
1.820559437960562743e+00
1.821402881032953669e+00
1.822910124172459678e+00
1.825139166283646475e+00
1.828159850053326929e+00
1.832058307680775044e+00
1.836943247856006822e+00
1.842954839500985154e+00
1.850276985558648724e+00
1.859152901507292954e+00
1.869898935564583642e+00
1.882888809393854501e+00
1.898375317024074915e+00
1.915478018587873477e+00
1.926419663046401443e+00
1.880148545072694022e+00
1.570885450491207536e+00
1.408366772365398978e+00
1.561629106763520847e+00
1.666657066535861986e+00
1.730253010327182928e+00
1.774008922617037909e+00
1.808073524498545748e+00
1.837366909489438704e+00
1.864619446987669127e+00
1.891635082359709896e+00
1.919874590354357480e+00
1.950750946426672572e+00
1.985652357542806223e+00
2.025007831744747744e+00
2.062534712247034552e+00
2.057300530315531617e+00
1.887726418093693015e+00
1.659229542521720280e+00
1.633344399004760916e+00
1.683972403334447865e+00
1.735386641925226181e+00
1.777189854568965721e+00
1.810859592775935223e+00
1.838710171960925788e+00
1.862478831786390510e+00
1.883373827604090112e+00
1.902264828801631502e+00
1.919838600386410521e+00
1.936722094511710068e+00
1.953601481328271161e+00
1.971376816620275862e+00
1.991421047852345749e+00
2.016092883300519389e+00
2.049875857044016314e+00
2.102143495829333020e+00
2.194154139221151212e+00
2.372906266504107187e+00
2.672296928294926932e+00
2.744045547901202475e+00
2.426203367318029436e+00
2.202955859715964415e+00
2.097475796485343658e+00
2.045282654493166596e+00
2.016552817583741053e+00
1.999104459134209755e+00
1.987660039996294481e+00
1.979793643187146568e+00
1.974385001243079918e+00
1.970993033318826138e+00
1.969597727459017067e+00
1.970513155358624369e+00
1.974404738039193363e+00
1.982403680233747245e+00
1.996355290595983378e+00
2.019290191971850223e+00
2.056266516074207740e+00
2.115643252197678237e+00
2.209501886555475636e+00
2.343762756737960196e+00
2.466466450101463703e+00
2.427038088262662097e+00
2.229156753799310664e+00
2.052990248577520216e+00
1.950933654434076514e+00
1.900237729717551449e+00
1.879517792566665735e+00
1.877270280629004473e+00
1.887259194445078725e+00
1.904033021134936332e+00
1.918661039067623975e+00
1.916142477444168879e+00
1.882197332380962207e+00
1.820731691302421407e+00
1.754865082429178713e+00
1.704062788316518917e+00
1.673475433158215786e+00
1.660676410843092921e+00
1.662548052262338816e+00
1.677876906052589989e+00
1.708077125702452959e+00
1.757854316370279335e+00
1.836391786719740571e+00
1.958001919531230373e+00
2.134845138697130107e+00
2.338889551549373280e+00
2.447403513485001181e+00
2.365248456145473632e+00
2.192838373381715833e+00
2.045201972815514857e+00
1.947990694208839635e+00
1.890751520407813802e+00
1.860588296349965143e+00
1.848660401509411244e+00
1.849606157780693705e+00
1.860290035201470848e+00
1.878925969893032066e+00
1.904548545606500776e+00
1.936688147565707174e+00
1.975131832720298686e+00
2.019662050754160276e+00
2.069627596360504640e+00
2.123091553430098699e+00
2.175117298816798161e+00
2.214728692705132840e+00
2.221496547892778395e+00
2.168743488650973994e+00
2.047434772938009573e+00
1.898391318324141652e+00
1.790644430648408614e+00
1.760933375909605303e+00
1.806681623808368053e+00
1.917424849682851207e+00
2.093163618069123544e+00
2.341333880875084539e+00
2.643811929055449372e+00
2.890512109051193601e+00
2.925073649419313249e+00
2.771144866090734737e+00
2.579497928430202869e+00
2.427830188252693588e+00
2.322144528473948366e+00
2.248735393380592029e+00
2.194337671833010095e+00
2.149479332365743733e+00
2.107828783122046801e+00
2.065198743540502146e+00
2.018851561846239928e+00
1.967093928233568212e+00
1.909065840898758415e+00
1.844650829143736459e+00
1.774463931784593385e+00
1.699896838855200931e+00
1.623217799904793868e+00
1.547740620140952261e+00
1.478093750128009365e+00
1.420633852073050596e+00
1.384041274545096956e+00
1.380050308274148207e+00
1.423942292667265130e+00
1.533495414849793681e+00
1.723112641432509085e+00
1.988186744636786463e+00
2.282001945591329406e+00
2.514731855561652019e+00
2.611704068084785391e+00
2.581995820404022535e+00
2.503746687546486438e+00
2.457451947439744266e+00
2.484180050591673794e+00
2.569691916481323446e+00
2.643316442116856457e+00
2.623829059343715908e+00
2.499136112900576911e+00
2.330114744346662992e+00
2.180604354527344579e+00
2.079664202440236309e+00
2.029052828621352056e+00
2.018792093571583735e+00
2.036227047566793846e+00
2.069718376455456976e+00
2.109849836803636691e+00
2.149667568471479218e+00
2.184531306768744408e+00
2.211785392865211364e+00
2.230346137392993366e+00
2.240272279055849136e+00
2.242368916448568505e+00
2.237856864568338544e+00
2.228121347489907311e+00
2.214541059583956528e+00
2.198392791278661829e+00
2.180826214866663282e+00
2.162903065455408225e+00
2.145688354891102101e+00
2.130365693322072040e+00
2.118333228556441572e+00
2.111241609737230185e+00
2.110972346072032657e+00
2.119603168966345930e+00
2.139426906850845356e+00
2.173067424838314832e+00
2.223691424544142148e+00
2.295262249482689754e+00
2.392677857689452736e+00
2.521338984095742752e+00
2.684945683087188062e+00
2.879105539912486744e+00
3.079196790334670197e+00
3.232802065306665362e+00
3.285826556240539098e+00
3.233518407466998035e+00
3.117196434028749241e+00
2.972036053082291573e+00
2.808539108643573812e+00
2.629176993882355706e+00
2.442846302309990669e+00
2.264965551218608208e+00
2.110279381325850689e+00
1.987554233030566886e+00
1.899022087022577798e+00
1.842510041543583554e+00
1.813781332073771679e+00
1.808052553994984102e+00
1.820680930404730669e+00
1.847326616325499327e+00
1.883866208152029431e+00
1.926239301720466202e+00
1.970342046731485164e+00
2.012045061905884946e+00
2.047388280914092196e+00
2.072972861041866732e+00
2.086522482210807272e+00
2.087536483109491581e+00
2.077942152444275159e+00
2.062721351456368701e+00
2.050676637588690898e+00
2.055838675381239433e+00
2.100497820580119246e+00
2.221034793537901120e+00
2.473495811844029113e+00
2.904443600626355426e+00
3.377156699171552479e+00
3.485155064008001347e+00
3.246623936220458528e+00
3.049898586139951462e+00
3.017994072386225746e+00
3.081454856818214960e+00
3.122726284883560410e+00
3.064942563234767103e+00
2.925207841204344739e+00
2.774466325887330775e+00
2.668373299636092710e+00
2.624647238012902228e+00
2.631774095222335408e+00
2.662063132122842735e+00
2.684558623636436270e+00
2.677905976558599743e+00
2.637673839053777947e+00
2.573930125171560945e+00
2.503030554750695025e+00
2.440610483249782359e+00
2.398660407414679785e+00
2.385478003638111577e+00
2.406326251446840647e+00
2.463146496635808091e+00
2.552149240458800428e+00
2.658801671769456476e+00
2.752576609570589916e+00
2.789967454980019301e+00
2.735188845716890249e+00
2.587462414110730080e+00
2.383081452810333456e+00
2.168226595680154745e+00
1.974739441542811225e+00
1.815888575022857276e+00
1.693059340978361416e+00
1.602678458512164061e+00
1.540225819821606112e+00
1.501995105674811315e+00
1.485750633126769804e+00
1.491025341495541445e+00
1.519461296365183012e+00
1.575428560667909927e+00
1.667061564847466260e+00
1.807533234418930990e+00
2.014903191943655525e+00
2.303627532501365316e+00
2.650804495284857065e+00
2.939540977016607215e+00
3.006039435299611817e+00
2.852018996567451392e+00
2.640551055811252379e+00
2.493183359294198542e+00
2.450833295832723024e+00
2.528275305507573734e+00
2.746402182370588196e+00
3.116375805864684878e+00
3.521820965020187266e+00
3.619658347532696219e+00
3.312526687024101246e+00
2.936302561862508043e+00
2.683713580024700285e+00
2.556656684322828443e+00
2.519870875730352289e+00
2.548374281123158003e+00
2.629762012599105248e+00
2.759448941728944504e+00
2.934728409765171797e+00
3.145146079349042445e+00
3.356834753745987054e+00
3.501549247165860024e+00
3.505591810678233777e+00
3.361635767287863619e+00
3.146268334935898192e+00
2.950434983743587924e+00
2.830690965700764394e+00
2.818811174093000194e+00
2.946048583134598164e+00
3.244843779111444615e+00
3.673245188786997240e+00
3.981049254376983981e+00
3.936130820824167209e+00
3.665382704144076076e+00
3.364227940862663857e+00
3.103008506537951128e+00
2.887384639687724963e+00
2.708861581402248753e+00
2.559196740956284799e+00
2.432634370188311301e+00
2.325600053213808582e+00
2.236180714741371922e+00
2.163802178347439931e+00
2.109129575903226694e+00
2.074164932741189293e+00
2.062506619252234774e+00
2.079658634962902042e+00
2.132983969881779629e+00
2.230098597659108339e+00
2.373085470945087039e+00
2.546096192964162785e+00
2.704076440363748723e+00
2.789949201094258591e+00
2.784650051003841220e+00
2.725463288606867707e+00
2.667928009944037449e+00
2.652720076126546367e+00
2.703729269526246259e+00
2.837202075459851258e+00
3.065782659449892922e+00
3.389356382330642070e+00
3.764781307235973706e+00
4.071263830409853846e+00
4.161931953287639097e+00
4.014781484351860996e+00
3.735783553056954531e+00
3.421451414810704250e+00
3.120221783479930622e+00
2.857973555744815375e+00
2.649281301397151012e+00
2.499554064057289526e+00
2.408472861844619395e+00
2.373741793782476961e+00
2.393233488241171436e+00
2.465132483774653327e+00
2.586044790326815335e+00
2.747078121810428097e+00
2.929300543498905895e+00
3.103876232819294589e+00
3.244284345475259457e+00
3.346240464237365764e+00
3.428880322219537646e+00
3.496101772871552882e+00
3.489742781649436409e+00
3.328668810646018716e+00
3.030046965791444613e+00
2.701875965591546969e+00
2.426228698230984193e+00
2.226289448984135610e+00
2.095747522934571450e+00
2.022131413375089171e+00
1.995178793209416712e+00
2.008403651457550509e+00
2.058730057520825607e+00
2.145785491810796142e+00
2.271071753528582704e+00
2.436607950921322097e+00
2.642102265075776391e+00
2.879324066790193815e+00
3.123717428888492798e+00
3.330052582551700446e+00
3.448144622072180532e+00
3.459786196786351464e+00
3.394733244770136604e+00
3.299218032967290881e+00
3.200348784188474127e+00
3.101901332359218166e+00
2.998456015885748727e+00
2.888109784566193383e+00
2.777355672951420829e+00
2.679728422322991133e+00
2.612214110532885769e+00
2.592865225010590358e+00
2.641172665481772430e+00
2.780869791781626521e+00
3.041251473806017902e+00
3.436755202006978926e+00
3.869917868162764840e+00
4.055355704901702829e+00
3.902042321317439555e+00
3.656615429033305276e+00
3.455164237277832839e+00
3.294584535022043958e+00
3.153803549321566813e+00
3.026839890349339868e+00
2.918823895094613707e+00
2.838547889666254154e+00
2.794461117469770439e+00
2.793541696268342811e+00
2.841309551904226627e+00
2.941571944967614538e+00
3.094874194404292567e+00
3.295028876854555477e+00
3.524445604536648791e+00
3.752321904284655840e+00
3.942284906836905467e+00
4.067687516498588174e+00
4.115521869526548748e+00
4.073886052837074168e+00
3.940301972483393200e+00
3.750434078696458950e+00
3.565993160227213021e+00
3.435261616350433034e+00
3.378860102225050621e+00
3.396924718588208769e+00
3.476318852639251666e+00
3.592104413136315788e+00
3.708232168360475089e+00
3.786168015769744155e+00
3.804066494455606851e+00
3.767733235183094109e+00
3.662991513100357199e+00
3.263834821574486345e+00
2.595242156551545776e+00
2.439888535719283880e+00
2.510114601105859933e+00
2.602275588707568144e+00
2.691754236563985270e+00
2.784616610146492199e+00
2.894483322462704677e+00
3.036542275752487807e+00
3.213843686820264001e+00
3.389220520416139859e+00
3.467060007250717391e+00
3.363414847530499241e+00
3.132753121611522307e+00
2.929775657313500314e+00
2.866035718374848607e+00
2.962421394633607097e+00
3.146791643315097531e+00
3.267072195357046294e+00
3.222503656348687961e+00
3.102306736904077322e+00
3.083764266985856928e+00
3.213719067545413477e+00
3.262704833232102697e+00
3.045859754033312328e+00
2.739557020723518033e+00
2.513210089414129378e+00
2.401112068450704573e+00
2.390978476191656377e+00
2.463873229382242513e+00
2.593932074956508238e+00
2.737456689774048879e+00
2.837372014777669982e+00
2.870615537918906668e+00
2.906231692326560090e+00
3.089684258194429489e+00
3.510166173355215857e+00
3.866256714217924273e+00
3.758477096840364240e+00
3.490724716562781271e+00
3.261278734651955613e+00
3.022940366528738210e+00
2.757957034977650324e+00
2.512745969855822548e+00
2.340411163602199363e+00
2.271466431929721086e+00
2.318827231229544150e+00
2.486482623452526575e+00
2.765950169372321632e+00
3.119358651686356509e+00
3.467227067529632833e+00
3.718511042047328186e+00
3.835783095400804754e+00
3.851822949781133598e+00
3.818343342595639012e+00
3.762657656959064401e+00
3.685735880162615885e+00
3.579806731211045534e+00
3.443322736032071951e+00
3.285290115402306199e+00
3.121120612887195112e+00
2.966359827008676842e+00
2.832814609446422605e+00
2.727766731027465141e+00
2.654936423851606442e+00
2.615856896488371941e+00
2.610977856519872908e+00
2.640306483449021080e+00
2.703592886381409599e+00
2.800095937400136847e+00
2.927949804719415905e+00
3.083185454261914593e+00
3.258626595635814027e+00
3.443216133328375061e+00
3.622700222561955563e+00
3.782532604661971831e+00
3.912789014334551396e+00
4.013068748349430948e+00
4.094500557921995743e+00
4.177448801158220704e+00
4.285900778875279649e+00
4.439772108686018015e+00
4.643927312400849772e+00
4.872266557854649349e+00
5.057956480504229191e+00
5.123774085578375548e+00
5.050552270743073890e+00
4.889739596400347388e+00
4.699592952161513182e+00
4.506607081734602005e+00
4.316981854820622466e+00
4.134893586358954209e+00
3.968185146654714224e+00
3.825977514251726941e+00
3.715282884093557669e+00
3.639459139001311350e+00
3.598310917206011261e+00
3.588876083340957202e+00
3.606259481272448664e+00
3.644321568332943073e+00
3.696277493986250828e+00
3.755319010396323431e+00
3.815311068653808757e+00
3.871504403682237694e+00
3.921109670576462314e+00
3.963556013841265990e+00
4.000329387972163531e+00
4.034417146869130555e+00
4.069501967797225284e+00
4.109093964839148683e+00
4.155763124920157203e+00
4.210576338444166566e+00
4.272798331713382858e+00
4.339898428938611552e+00
4.407894866002391332e+00
4.472027108730038947e+00
4.527650463968677208e+00
4.571120932930710090e+00
4.600362048653802383e+00
4.614866928642011423e+00
4.615101399989354647e+00
4.601542821889829327e+00
4.573772340918723422e+00
4.530043999235829233e+00
4.467577824063556413e+00
4.383525159326048914e+00
4.276241227868353256e+00
4.146324661991060978e+00
3.996974172501524869e+00
3.833545044706533123e+00
3.662558319258453210e+00
3.490595833587202712e+00
3.323442813548624031e+00
3.165632771961341962e+00
3.020361771798068418e+00
2.889647170890475181e+00
2.774600506688570611e+00
2.675721454044043934e+00
2.593163338976038013e+00
2.526953442171690156e+00
2.477170373177529417e+00
2.444089227152562493e+00
2.428306843324388176e+00
2.430856445380560782e+00
2.453312909917091833e+00
2.497873149004948168e+00
2.567362044034817714e+00
2.665048449043668555e+00
2.794042003413922615e+00
2.955891646682005103e+00
3.147955163930265865e+00
3.359588965932404303e+00
3.568916558717602605e+00
3.744568236019805596e+00
3.856446263087122350e+00
3.891355314388215358e+00
3.860254015021879148e+00
3.790153339850666825e+00
3.709496367020718388e+00
3.638791127765801825e+00
3.588986759862023757e+00
3.563853510795793600e+00
3.562894898272255695e+00
3.583437030213203478e+00
3.621817474852131014e+00
3.673971344091790048e+00
3.735700258349419212e+00
3.802812632229433110e+00
3.871238595589427511e+00
3.937163100619767597e+00
3.997180028932061813e+00
4.048443691873298889e+00
4.088781934680174146e+00
4.116738430173263019e+00
4.131529140581019277e+00
4.132922828334144150e+00
4.121078048232856617e+00
4.096380376978480342e+00
4.059319902984151796e+00
4.010432669759639523e+00
3.950307687208930219e+00
3.879641185744630683e+00
3.799307996393460840e+00
3.710418826208847332e+00
3.614340575581233672e+00
3.512670686945826404e+00
3.407170651697185360e+00
3.299673868908040930e+00
3.191986907784579053e+00
3.085801267932833714e+00
2.982627100427997391e+00
2.883753672357169950e+00
2.790235678899397609e+00
2.702900847875687518e+00
2.622372720786596556e+00
2.549102545250850227e+00
2.483405215014623746e+00
2.425495562442018471e+00
2.375522648882739229e+00
2.333600800730057045e+00
2.299836929890882953e+00
2.274354165134311323e+00
2.257312042701240973e+00
2.248923502241947592e+00
2.249468727946237756e+00
2.259305459498609281e+00
2.278874733282449494e+00
2.308700028851812913e+00
2.349376389554787448e+00
2.401544162807242699e+00
2.465839537658314207e+00
2.542811248213251663e+00
2.632790383095239051e+00
2.735699934600929417e+00
2.850795897649613941e+00
2.976347708278741511e+00
3.109298740150126861e+00
3.244999790604456091e+00
3.377168653898043438e+00
3.498260335475667393e+00
3.600374964105102382e+00
3.676639029437485551e+00
3.722714734649247958e+00
3.737893390802301319e+00
3.725308152096281411e+00
3.691175569486493835e+00
3.643408227617613182e+00
3.590143417032542139e+00
3.538624739784134388e+00
3.494606537442681127e+00
3.462224266665260064e+00
3.444187877567377765e+00
3.442236639616134131e+00
3.458257136312923308e+00
3.499574482582213708e+00
3.633579006656749932e+00
4.631421762719035051e+00
3.914391975966406978e+00
3.847112895794366771e+00
3.891550088198423740e+00
3.961032019451957265e+00
4.037499407351822001e+00
4.113506998266525549e+00
4.184773348035508711e+00
4.248768389073056539e+00
4.304448835749803415e+00
4.352187825955258660e+00
4.393627174871205021e+00
4.431363805133115896e+00
4.468444744569430860e+00
4.507646650484975481e+00
4.550467297766322083e+00
4.595686103021411562e+00
4.637368070982259560e+00
4.662615712035530713e+00
4.650859928205214544e+00
4.579149029257792769e+00
4.437802859081315887e+00
4.248893529628162469e+00
4.063698225788780150e+00
3.932224487756252884e+00
3.876638715400273938e+00
3.891628211431986450e+00
3.958896353667036738e+00
4.058613178992693804e+00
4.174203582397912449e+00
4.293325520466335199e+00
4.407556149748071306e+00
4.511806532298005656e+00
4.603676271754479465e+00
4.682745021646976369e+00
4.749830750193847706e+00
4.806308872016129108e+00
4.853597149144594169e+00
4.892867497283173606e+00
4.924981475210412185e+00
4.950593579676825229e+00
4.970340802142677816e+00
4.985038330568728249e+00
4.995822085193959872e+00
5.004208902760199251e+00
5.012075041580364321e+00
5.021575997281843229e+00
5.035041889471285614e+00
5.054883539404150916e+00
5.083538411154137293e+00
5.123477159395428693e+00
5.177283142350144196e+00
5.247806757143172796e+00
5.338371273465389422e+00
5.452928657161845827e+00
5.595829978747055122e+00
5.770251950347390135e+00
5.973018590534809213e+00
6.182548382285335542e+00
6.343362157959592018e+00
6.377269830817333229e+00
6.253299862070726967e+00
6.034604505957463338e+00
5.810599403747173319e+00
5.625525871479549522e+00
5.481902470102317793e+00
5.366925049969668571e+00
5.267003555106164470e+00
5.171912110148049635e+00
5.074991620779692347e+00
