7.404965420178942992e+00
7.430544724239668497e+00
7.456308582734459733e+00
7.482220591403741849e+00
7.508250011259963053e+00
7.534372751996125217e+00
7.560572369044405328e+00
7.586841067525020854e+00
7.613180706929182584e+00
7.639603801861622578e+00
7.666134516295672441e+00
7.692809652299884782e+00
7.719679638559925117e+00
7.746809530662574161e+00
7.774280043268353424e+00
7.802188645410095269e+00
7.830650764137799591e+00
7.859801159106265978e+00
7.889795552027284664e+00
7.920812619229420370e+00
7.953056482445326481e+00
7.986759858823598179e+00
8.022188047488381102e+00
8.059643927205389247e+00
8.099474087595243788e+00
8.142076074855962631e+00
8.187906422142924967e+00
8.237488526278584189e+00
8.291418312606699814e+00
8.350363669812823630e+00
8.415050359875500874e+00
8.486221922664055839e+00
8.564553514489841035e+00
8.650489971627695951e+00
8.743969546229424239e+00
8.843995502019538435e+00
8.948047291018413674e+00
9.051411651615183018e+00
9.146684758954354066e+00
9.223906784919448043e+00
9.271849110664375004e+00
9.280579106219366992e+00
9.244520286556893396e+00
9.164446434893807947e+00
9.047173876857229402e+00
8.903157638164289622e+00
8.743441419065506537e+00
8.577393198801834373e+00
8.411750353848306716e+00
8.250694728227307095e+00
8.096423808158446533e+00
7.949808207918258596e+00
7.810935908086311663e+00
7.679492955027824586e+00
7.555000660607359642e+00
7.436949076393529090e+00
7.324863560525275652e+00
7.218331712112060927e+00
7.117008696144802471e+00
7.020611968494853805e+00
6.928911747468726290e+00
6.841720623223837450e+00
6.758883968500604134e+00
6.680271824943845083e+00
6.605772414557843142e+00
6.535287166113984192e+00
6.468727037856585760e+00
6.406009890475099056e+00
6.347058676763868590e+00
6.291800244973024370e+00
6.240164588198166662e+00
6.192084406682782927e+00
6.147494880162593489e+00
6.106333572890640049e+00
6.068540414343385869e+00
6.034057714707857123e+00
6.002830186397646095e+00
5.974804951946309117e+00
5.949931525296169532e+00
5.928161758282927352e+00
5.909449747323672675e+00
5.893751697584092675e+00
5.881025743388024196e+00
5.871231724473120472e+00
5.864330918294517581e+00
5.860285728899868651e+00
5.859059333095737010e+00
5.860615284950100978e+00
5.864917079744382811e+00
5.871927679068926764e+00
5.881608999141282546e+00
5.893921365220983866e+00
5.908822935957852351e+00
5.926269102712447889e+00
5.946211870473663730e+00
5.968599228729173589e+00
5.993374522949057592e+00
6.020475839521111538e+00
6.049835419970508887e+00
6.081379122997999431e+00
6.115025956036435062e+00
6.150687701037271360e+00
6.188268662217731197e+00
6.227665566090085036e+00
6.268767646251148129e+00
6.311456946893388320e+00
6.355608879067429662e+00
6.401093063650138859e+00
6.447774491803113683e+00
6.495515030937577095e+00
6.544175298420501719e+00
6.593616919291858558e+00
6.643705176572298754e+00
6.694312055751862722e+00
6.745319678160298871e+00
6.796624113801703615e+00
6.848139564023258963e+00
6.899802910045159443e+00
6.951578638572522451e+00
7.003464182018819706e+00
7.055495753707825557e+00
7.107754820564889719e+00
7.160375444074846385e+00
7.213552839787638504e+00
7.267553665042635558e+00
7.322728751662620716e+00
7.379529262784092936e+00
7.438527572481288708e+00
7.500444526396075950e+00
7.566185077918341939e+00
7.636884433597198374e+00
7.713966363967940332e+00
7.799213294739075764e+00
7.894842158811494315e+00
8.003566639245553560e+00
8.128597623686136586e+00
8.273476865495227983e+00
8.441540276753778826e+00
8.634675414532077653e+00
8.850978828692275258e+00
9.081282271280910479e+00
9.305903759386266572e+00
9.495328042803395263e+00
9.618913068576269154e+00
9.659467499426776627e+00
9.622476534750910915e+00
9.531311381878918354e+00
9.413874618831219010e+00
9.292144257958247167e+00
9.179052073147266455e+00
9.080106078965588523e+00
8.996217839309911923e+00
8.925988252732976136e+00
8.867122913227856174e+00
8.817179497839836344e+00
8.773911060382705074e+00
8.735394574721340177e+00
8.700055822208105027e+00
8.666649145643896546e+00
8.634220613994630256e+00
8.602067507306369265e+00
8.569699391463601046e+00
8.536802561026894054e+00
8.503208178065467138e+00
8.468863932356583746e+00
8.433808946875281265e+00
8.398151691439345257e+00
8.362050729341357069e+00
8.325698163231828985e+00
8.289305657646941938e+00
8.253092901800897607e+00
8.217278349152330463e+00
8.182072038852984619e+00
8.147670278193182014e+00
8.114251947859704828e+00
8.081976186508070370e+00
8.050981216691310394e+00
8.021384089090910052e+00
7.993281144050991216e+00
7.966749015314206872e+00
7.941846028919875344e+00
7.918613877528833278e+00
7.897079476324178060e+00
7.877256929804246965e+00
7.859149558367487742e+00
7.842751950458390020e+00
7.828052019161073183e+00
7.815033053113142891e+00
7.803675760062945166e+00
7.793960308612605026e+00
7.785868380012362699e+00
7.779385248626041971e+00
7.774501917380458593e+00
7.771217345003777588e+00
7.769540816069095079e+00
7.769494525892786108e+00
7.771116482490011634e+00
7.774463872483214466e+00
7.779617103801267142e+00
7.786684836599936155e+00
7.795810462888699277e+00
7.807180723530636079e+00
7.821037506574316289e+00
7.837694433316896969e+00
7.857560745286859216e+00
7.881176495429181195e+00
7.909265540489586854e+00
7.942817078985632939e+00
7.983213811095160928e+00
8.032437521812651582e+00
8.093404665519205565e+00
8.170519517401633180e+00
8.270577056287852002e+00
8.404147021205561785e+00
8.587223818361900740e+00
8.840949022659453149e+00
9.179603104707380723e+00
9.562059942364538045e+00
9.818963788662308900e+00
9.765066263737869789e+00
9.483265931770816337e+00
9.189269849349390284e+00
8.978705698190122320e+00
8.851460624356986884e+00
8.784603013262575644e+00
8.758197744748919433e+00
8.758672317419792464e+00
8.777245709685757902e+00
8.808179672693249529e+00
8.847584304753913997e+00
8.892685570890662916e+00
8.941388159081302689e+00
8.992015591127758611e+00
9.043156081500779209e+00
9.093572518391129123e+00
9.142152274232302034e+00
9.187882289842034922e+00
9.229840296658464283e+00
9.267196067696973572e+00
9.299218316145873686e+00
9.325283917413587531e+00
9.344886874268324206e+00
9.357645073024343674e+00
9.363303484634599272e+00
9.361733072124479804e+00
9.352925253899975644e+00
9.336982297559886845e+00
9.314104434047610681e+00
9.284574752183411661e+00
9.248743045871604451e+00
9.207009750742425780e+00
9.159810954660045468e+00
9.107605240490865839e+00
9.050862865922962186e+00
8.990057547691076678e+00
8.925660928870509991e+00
8.858139694631315564e+00
8.787955281721707479e+00
8.715566220612387838e+00
8.641433388945808147e+00
8.566028907074942467e+00
8.489850209060637809e+00
8.413442265971102785e+00
8.337433642637986253e+00
8.262597402732568597e+00
8.189959004055205938e+00
8.120997990853112469e+00
8.058048719473546839e+00
8.005154257225331804e+00
7.970037330007647469e+00
7.969054504528264360e+00
8.040428260385471759e+00
8.274550222948363398e+00
8.761763874748725200e+00
8.832768421317579666e+00
8.156691059015805934e+00
7.688302949460096514e+00
7.438883755960681299e+00
7.285328193946236652e+00
7.174735229542227977e+00
7.085986398985495427e+00
7.009895426028026399e+00
6.942069319896316593e+00
6.880226237747723239e+00
6.823094042007222804e+00
6.769917501581800501e+00
6.720220771836815210e+00
6.673685461049046808e+00
6.630084610199721062e+00
6.589245297680010438e+00
6.551026628605671753e+00
6.515306347637543460e+00
6.481972470288884125e+00
6.450917948533269275e+00
6.422037277339269323e+00
6.395224510024721809e+00
6.370372644416454122e+00
6.347375082292364468e+00
6.326131550456196351e+00
6.306565612024054523e+00
6.288676171316406105e+00
6.272702149523174064e+00
6.259734083631564694e+00
6.254605405172307009e+00
6.286622800933384880e+00
6.746504529455912724e+00
7.162059589666555759e+00
6.441573588567521824e+00
6.319885626243308963e+00
6.274469512254788661e+00
6.250005956195203716e+00
6.234021850101936657e+00
6.222324185158119469e+00
6.213123366287906180e+00
6.205521055603096414e+00
6.199009994302792315e+00
6.193277965813466679e+00
6.188120931497720356e+00
6.183400786467013077e+00
6.179023245515061546e+00
6.174925536175831731e+00
6.171069165310174576e+00
6.167435434836798791e+00
6.164022498768922276e+00
6.160843304696947520e+00
6.157924049108252085e+00
6.155302932362629598e+00
6.153029087634833694e+00
6.151161610620861531e+00
6.149768648315581565e+00
6.148926525069924764e+00
6.148718896268683842e+00
6.149235928021416164e+00
6.150573505589320256e+00
6.152832476385087013e+00
6.156117934326633900e+00
6.160538552886458241e+00
6.166205973690909836e+00
6.173234256737970327e+00
6.181739397203017461e+00
6.191838912388040406e+00
6.203651501039701088e+00
6.217296775586294899e+00
6.232895066435298226e+00
6.250567295695415027e+00
6.270434915944829157e+00
6.292619907987483607e+00
6.317244828976188664e+00
6.344432900031109490e+00
6.374308119146567364e+00
6.406995381179317661e+00
6.442620581609182828e+00
6.481310674218639711e+00
6.523193644269873026e+00
6.568398347999008458e+00
6.617054155378632174e+00
6.669290315818849457e+00
6.725234945071131953e+00
6.785013505724819538e+00
6.848746623142806911e+00
6.916547044134428113e+00
6.988515508658047715e+00
7.064735268705467419e+00
7.145264959475767341e+00
7.230129515799329276e+00
7.319308847025132181e+00
7.412724057369640462e+00
7.510221155602791576e+00
7.611552471497247119e+00
7.716356422578994234e+00
7.824136879091079244e+00
7.934244154913060676e+00
8.045860552484436212e+00
8.157994266435336428e+00
8.269486055377225142e+00
8.379033067232738219e+00
8.485233156531558407e+00
8.586650659246586770e+00
8.681900903069369235e+00
8.769746219180108326e+00
8.849191967400880543e+00
8.919568500809644362e+00
8.980585361898334895e+00
9.032347818492659997e+00
9.075332428558132492e+00
9.110325899075716549e+00
9.138337891798599344e+00
9.160501917050712706e+00
9.177978452078864535e+00
9.191871516428200550e+00
9.203165471623355742e+00
9.212684228155145760e+00
9.221071387141959619e+00
9.228787580127310264e+00
9.236120358212778214e+00
9.243202087464192473e+00
9.250032013820730370e+00
9.256499606725780538e+00
9.262407226196561538e+00
9.267490948805393813e+00
9.271438985331746707e+00
9.273907531436510254e+00
9.274534145645617400e+00
9.272948884377333556e+00
9.268783480241514994e+00
9.261678856935393611e+00
9.251291254537385100e+00
9.237297207897443130e+00
9.219397587239866354e+00
9.197320879046314346e+00
9.170825858042594092e+00
9.139703777723202194e+00
9.103780185480442100e+00
9.062916447182711721e+00
9.017011043652864544e+00
8.966000676571555417e+00
8.909861194292314934e+00
8.848608320020963092e+00
8.782298137578564479e+00
8.711027267176529421e+00
8.634932647197690159e+00
8.554190831782323201e+00
8.469016718893648488e+00
8.379661640579961102e+00
8.286410774957518655e+00
8.189579875853002733e+00
8.089511357198864161e+00
7.986569810412949444e+00
7.881137070927324295e+00
7.773606979384227067e+00
7.664380001991625058e+00
7.553857881745067893e+00
7.442438486748492288e+00
7.330511006227286686e+00
7.218451620172233518e+00
7.106619738582052648e+00
6.995354873247634053e+00
6.884974172711773477e+00
6.775770620483559270e+00
6.668011870935778518e+00
6.561939676332967153e+00
6.457769843607860771e+00
6.355692649876258926e+00
6.255873641013811159e+00
6.158454737709945448e+00
6.063555576163934369e+00
5.971275016435231286e+00
5.881692758450216552e+00
5.794871013788514880e+00
5.710856189746280620e+00
5.629680550249745785e+00
5.551363825769669802e+00
5.475914751451834483e+00
5.403332518484585734e+00
5.333608129153346589e+00
5.266725649923087005e+00
5.202663361199843628e+00
5.141394803738786656e+00
5.082889725404453607e+00
5.027114932272568559e+00
4.974035049702028033e+00
4.923613199549453867e+00
4.875811600073475027e+00
4.830592095216226234e+00
4.787916619950681074e+00
4.747747608073106917e+00
4.710048348738780533e+00
4.674783297548633421e+00
4.641918347672800316e+00
4.611421066201171648e+00
4.583260900333174348e+00
4.557409357894870006e+00
4.533840166089027512e+00
4.512529412238410309e+00
4.493455669842417066e+00
4.476600113153856420e+00
4.461946623126595846e+00
4.449481887486626874e+00
4.439195497507002486e+00
4.431080043971755700e+00
4.425131214754672193e+00
4.421347896307143088e+00
4.419732281924938277e+00
4.420289988593784969e+00
4.423030185891390076e+00
4.427965739330720574e+00
4.435113371555453377e+00
4.444493844896940438e+00
4.456132169321519676e+00
4.470057840369891622e+00
4.486305112363158543e+00
4.504913313002819386e+00
4.525927206434698036e+00
4.549397413094678377e+00
4.575380895901200340e+00
4.603941524030341625e+00
4.635150727228977807e+00
4.669088255675942989e+00
4.705843062544197153e+00
4.745514328712575391e+00
4.788212651362861116e+00
4.834061420043067159e+00
4.883198405102156414e+00
4.935777583072032293e+00
4.991971220662611231e+00
5.051972231998723473e+00
5.115996808960295184e+00
5.184287298824062695e+00
5.257115259190732637e+00
5.334784548466775078e+00
5.417634195737504932e+00
5.506040616030979606e+00
5.600418465026757886e+00
5.701219020737427812e+00
5.808924384312507350e+00
5.924034947654891248e+00
6.047046424486126170e+00
6.178411271459784970e+00
6.318477644438003971e+00
6.467397525528169488e+00
6.624995231739322143e+00
6.790589964130362866e+00
6.962774330488598729e+00
7.139168734534082184e+00
7.316202145018964487e+00
7.489010491226363975e+00
7.651579302888413814e+00
7.797253697770037739e+00
7.919654946523055017e+00
8.013866523540221110e+00
8.077549991201841806e+00
8.111564862982111990e+00
8.119812017531582882e+00
8.108349633365861564e+00
8.084135358390923898e+00
8.053837520150166185e+00
8.023020363025104018e+00
7.995783545715569929e+00
7.974766918341528843e+00
7.961368798073246822e+00
7.956042729426204829e+00
7.958585742939573215e+00
7.968376871546405837e+00
7.984555448184560866e+00
8.006144696212460943e+00
8.032132034141838517e+00
8.061517984918038948e+00
8.093343752563471938e+00
8.126705129469280919e+00
8.160758197876202047e+00
8.194720539042240404e+00
8.227870372772333241e+00
8.259545137732722253e+00
8.289140394132287426e+00
8.316109500954233624e+00
8.339964226869906128e+00
8.360276253367754151e+00
8.376679391632134042e+00
8.388872244062252292e+00
8.396620987294229010e+00
8.399761930748516292e+00
8.398203510251216031e+00
8.391927407346040368e+00
8.380988538698296964e+00
8.365513732059358887e+00
8.345698989561288528e+00
8.321805328995102613e+00
8.294153281986213599e+00
8.263116206775137584e+00
8.229112637561280863e+00
8.192597936886553356e+00
8.154055540729864049e+00
8.113988087413575911e+00
8.072908703625694571e+00
8.031332686682461031e+00
7.989769777248786120e+00
7.948717164714681260e+00
7.908653314194526551e+00
7.870032652824134445e+00
7.833281107449766800e+00
7.798792447635647385e+00
7.766925358655195843e+00
7.738001148900968573e+00
7.712301984721008807e+00
7.690069542472734554e+00
7.671503971351744333e+00
7.656763070419891015e+00
7.645961598511795465e+00
7.639170654722511777e+00
7.636417090170834143e+00
7.637682937258923666e+00
7.642904870462314371e+00
7.651973742170159909e+00
7.664734267092129905e+00
7.680984958633181314e+00
7.700478448510557072e+00
7.722922345314240822e+00
7.747980806327648295e+00
7.775277007651302696e+00
7.804396698426189438e+00
7.834893015384468917e+00
7.866292716232259785e+00
7.898103973392088584e+00
7.929825876789649008e+00
7.960959883697281469e+00
7.991023775411710162e+00
8.019569664592582470e+00
8.046210633351455144e+00
8.070670958042036602e+00
8.092917418523519757e+00
8.113661613438829079e+00
8.137603348999592257e+00
8.244173208923957219e+00
8.216552183507715768e+00
8.151206750984286487e+00
8.146970699154360673e+00
8.143827846575486973e+00
8.138791703027960622e+00
8.131668894128290859e+00
8.122758801838511289e+00
8.112529943583469461e+00
8.101544056608885214e+00
8.090430966520770539e+00
8.079877961780271178e+00
8.070624895934773946e+00
8.063462429225973338e+00
8.059232366545634463e+00
8.058829258246621663e+00
8.063202048397460686e+00
8.073353667666934186e+00
8.090334924314756648e+00
8.115226540277602041e+00
8.149099308550027843e+00
8.192936749411046549e+00
8.247497416769885348e+00
8.313086746464374954e+00
8.389206235503884557e+00
8.474062817098662492e+00
8.563974776484613471e+00
8.652826610810555152e+00
8.731900486028425945e+00
8.790552471684945246e+00
8.818082150690241150e+00
8.806549315471594142e+00
8.753414487678996991e+00
8.662515040054181270e+00
8.542701020697196057e+00
8.404917831762130476e+00
8.259303064976586839e+00
8.113426096110867292e+00
7.971849221977882927e+00
7.836580473828062665e+00
7.707919767735543104e+00
7.585431208448673246e+00
7.469087178556834239e+00
7.361016488319385154e+00
7.268953581247157736e+00
7.213709661856184674e+00
7.243544561689279959e+00
7.445304410255577210e+00
7.875204287280041626e+00
8.344156774036596502e+00
8.531793830287455194e+00
8.436884153087778060e+00
8.228345508251850404e+00
8.005011017910172555e+00
7.797915448912619674e+00
7.611804618969379987e+00
7.444245589882519276e+00
7.291730099916798657e+00
7.151254151466216236e+00
7.020557256487771625e+00
6.898019086333469829e+00
6.782502538691229432e+00
6.673217441757761215e+00
6.569616956542792430e+00
6.471322608057398007e+00
6.378071164889621336e+00
6.289677396936326659e+00
6.206008158744509728e+00
6.126964498879623022e+00
6.052469449226506093e+00
5.982459837263227165e+00
5.916880954219805311e+00
5.855683259901167226e+00
5.798820553998404570e+00
5.746249225083016832e+00
5.697928324196469774e+00
5.653820316157640136e+00
5.613892451919253901e+00
5.578118789939139788e+00
5.546482987118621644e+00
5.518982094620408674e+00
5.495631754417915182e+00
5.476473434826714559e+00
5.461584731493915434e+00
5.451094408522895840e+00
5.445204980064657363e+00
5.444227659267826702e+00
5.448638296764701572e+00
5.459170344212343373e+00
5.476976050664839946e+00
5.503919785334518977e+00
5.543141795711363784e+00
5.600209818355859070e+00
5.685625991781232180e+00
5.820564303776830428e+00
6.049507836928072813e+00
6.452713901852448863e+00
6.989983943834563895e+00
6.920349726814942315e+00
6.296777755536928645e+00
5.935715678952453445e+00
5.803297084266946904e+00
5.776080035728635487e+00
5.800730516231954681e+00
5.857164230214030098e+00
5.938506951578784943e+00
6.043561411745422163e+00
6.173618461064807050e+00
6.330230619339912046e+00
6.512157104384447059e+00
6.710239386920342497e+00
6.900741129354857506e+00
7.043442931117696482e+00
7.097919044956545243e+00
7.061297446744285722e+00
6.995684072329549252e+00
7.000041077496043762e+00
7.099057362085159362e+00
7.149403159894959003e+00
7.048177448662973354e+00
6.870507608258493271e+00
6.698778721529642155e+00
6.560145650999660738e+00
6.454877647066860291e+00
6.376516291129387781e+00
6.318465082069798733e+00
6.275419531195391087e+00
6.243374328724693001e+00
6.219345474350842728e+00
6.201100413350057572e+00
6.186951960100035564e+00
6.175612447339351441e+00
6.166093846391989430e+00
6.157640927588033719e+00
6.149687933492701042e+00
6.141832323364201152e+00
6.133821585804014376e+00
6.125551102195736064e+00
6.117072895617293504e+00
6.108617203971423493e+00
6.100631690464895840e+00
6.093847542993677813e+00
6.089389003026070668e+00
6.088955006986848772e+00
6.095121041542289397e+00
6.111835496033116044e+00
6.145197058086778519e+00
6.204484405069546682e+00
6.302699782009828056e+00
6.453145998395952709e+00
6.652205426236482033e+00
6.842153199089146653e+00
6.911846152036501323e+00
6.816082651304854245e+00
6.632867839013777633e+00
6.449552505180345285e+00
6.300552869291864866e+00
6.187819619752678690e+00
6.104056859748884456e+00
6.041670207488084365e+00
5.994744841492990695e+00
5.958974541985091022e+00
5.931221119919262819e+00
5.909127561290055120e+00
5.890847332140057624e+00
5.874870312733390776e+00
5.859916917838308592e+00
5.844878068437973084e+00
5.828785466266020343e+00
5.810801470001698554e+00
5.790220943244992924e+00
5.766479353924414575e+00
5.739162680705068631e+00
5.708015689821224647e+00
5.672946098900773393e+00
5.634023137981009732e+00
5.591470058208909855e+00
5.545651180726205887e+00
5.497055064300863769e+00
5.446276279494842498e+00
5.393999160376102608e+00
5.340987947837429139e+00
5.288089315971745918e+00
5.236256081421970521e+00
5.186606176027150461e+00
5.140540921929230400e+00
5.099965085059302794e+00
5.067683865755708617e+00
5.048103788766772126e+00
5.048419601083249830e+00
5.080401931435603480e+00
5.162161385626756527e+00
5.316234773141997216e+00
5.553643246094097208e+00
5.836727864474299032e+00
6.066061042340474607e+00
6.162043470021469460e+00
6.139596074232863465e+00
6.061210562265066493e+00
5.974204266957313436e+00
5.900077692441690225e+00
5.845211210143111735e+00
5.809798145948987802e+00
5.792190468095804512e+00
5.790654882328162500e+00
5.804077569637511758e+00
5.832396252113616342e+00
5.877214320119300339e+00
5.943123918891245694e+00
6.040862113930233868e+00
6.195004071618209984e+00
6.458876064759718538e+00
6.879918000112844823e+00
7.066477250570824431e+00
6.673302193816303962e+00
6.414436328518700492e+00
6.373263130078202998e+00
6.466006624209297726e+00
6.693558702892865142e+00
7.118641264250716638e+00
7.697822181830411559e+00
7.889037195234930522e+00
7.531117162794228825e+00
7.171442081484778797e+00
6.964020935663827849e+00
6.862008240269207526e+00
6.820573777901969059e+00
6.814917246163972209e+00
6.832126332181800876e+00
6.865373222865359004e+00
6.910964202619650720e+00
6.966883308979968881e+00
7.032052173454709454e+00
7.105938026869291768e+00
7.188337088279728171e+00
7.279247423554426000e+00
7.378780355030007954e+00
7.487062533668935593e+00
7.604045628868584039e+00
7.729023993796282355e+00
7.859340956529962341e+00
7.987006854540543266e+00
8.090994520161826742e+00
8.127487600089688513e+00
8.051569135852510328e+00
7.912363989469703540e+00
7.840779387238647757e+00
7.872130267224903832e+00
7.959247668178334401e+00
8.060837545867038045e+00
8.156708848508396059e+00
8.238253686896822359e+00
8.301680008191237192e+00
8.345133440205600550e+00
8.367658030729515417e+00
8.368869120173011211e+00
8.348873556454085687e+00
8.308255432521074013e+00
8.248057644088802931e+00
8.169736264900095080e+00
8.075086310241511356e+00
7.966148092968718508e+00
7.845108185295265102e+00
7.714210746671334995e+00
7.575696407200383398e+00
7.431791335683272770e+00
7.284786455858787591e+00
7.137292780132886705e+00
6.992870091982205771e+00
6.857467934360168549e+00
6.742477284798890302e+00
6.669601317914259475e+00
6.669857104981339546e+00
6.746078052749803433e+00
6.812660525596147210e+00
6.780928752128329684e+00
6.671681237851923463e+00
6.539405995476171185e+00
6.412899955415038100e+00
6.301147168109454633e+00
6.205481909437998489e+00
6.125051061507869044e+00
6.058619135658784849e+00
6.005063201881244872e+00
5.963459999318073912e+00
5.933060487721442122e+00
5.913241695233215189e+00
5.903460518107952026e+00
5.903214300124981051e+00
5.912007543431337275e+00
5.929323061678729800e+00
5.954596129624688317e+00
5.987190732656930692e+00
6.026377582361318375e+00
6.071314043764010293e+00
6.121026450175542699e+00
6.174395346994709044e+00
6.230143794944228652e+00
6.286827582203931009e+00
6.342823307706414226e+00
6.396304299052035347e+00
6.445181787604055579e+00
6.486960904798032779e+00
6.518392807875541983e+00
6.534615345174170642e+00
6.526874272196942606e+00
6.475711179256119721e+00
6.328104796309776070e+00
5.981458300286686125e+00
6.564089986157322087e+00
7.055509770978225070e+00
7.045869784376945333e+00
7.002410416857290265e+00
6.960512513036682058e+00
6.919954586627827808e+00
6.878366914919907593e+00
6.833796183031497939e+00
6.784683108564643739e+00
6.729702099358141787e+00
6.667687295267694658e+00
6.597639586393897027e+00
6.518794461051634848e+00
6.430736562675811285e+00
6.333549495687021746e+00
6.227985538724051473e+00
6.115629268866889845e+00
5.999013713493216216e+00
5.881633784210943183e+00
5.767800667167267470e+00
5.662305307175677704e+00
5.569914177122340604e+00
5.494793015274021641e+00
5.440012336822403149e+00
5.407300230819111597e+00
5.397170618624408611e+00
5.409514953451277641e+00
5.444799545105663441e+00
5.506322431423268604e+00
5.604715049373962366e+00
5.763902024286283066e+00
5.963622204061133303e+00
5.767340358463681760e+00
5.401129000758157161e+00
5.309756760754535954e+00
5.299868239552320226e+00
5.301207856195315316e+00
5.298906575011820941e+00
5.290306560374143707e+00
5.275777438246522344e+00
5.256595797852322782e+00
5.234365610997358864e+00
5.210826654593582852e+00
5.187774998763137191e+00
5.167020721140396233e+00
5.150359618980153265e+00
5.139549563803244681e+00
5.136285374494591771e+00
5.142166040133773208e+00
5.158647079035264760e+00
5.186969769443069644e+00
5.228058824783800240e+00
5.282382114526903649e+00
5.349772130482696397e+00
5.429221265869005997e+00
5.518682979259161847e+00
5.614936703151208519e+00
5.713597584588620215e+00
5.809356294640345197e+00
5.896499145332379399e+00
5.969675571042728279e+00
6.024769658888017076e+00
6.059650090798556654e+00
6.074579180201412854e+00
6.072172513824792617e+00
6.056962712944572225e+00
6.034745753442996907e+00
6.011917723454391904e+00
5.994948546084284402e+00
5.990032917525110356e+00
6.002850194221523772e+00
6.038269334536888522e+00
6.099750815014385097e+00
6.188151799663311081e+00
6.299766492635534121e+00
6.424020470519549164e+00
6.542483416418892972e+00
6.631935400975976336e+00
6.672613869046412738e+00
6.657483391664365868e+00
6.595119976696401487e+00
6.503955038144857426e+00
6.403432750362426873e+00
6.308257609485376172e+00
6.227083270662347125e+00
6.163745564644509400e+00
6.119070488943918917e+00
6.092328820028162006e+00
6.082160603918187469e+00
6.087080467607195011e+00
6.105714599360434924e+00
6.136882103466825278e+00
6.179589064426780354e+00
6.232972031063551022e+00
6.296209287359820550e+00
6.368409986070814988e+00
6.448490329029267443e+00
6.535050752908313498e+00
6.626276693933150774e+00
6.719894585338071380e+00
6.813218356413357490e+00
6.903312224344194448e+00
6.987267826723719821e+00
7.062551625842868219e+00
7.127338909622073615e+00
7.180737585992978289e+00
7.222833061886072770e+00
7.254545766894182179e+00
7.277355280629069334e+00
7.292979154113273133e+00
7.303089761270411095e+00
7.309120634825797325e+00
7.312175664696038524e+00
7.313026017179651284e+00
7.312165838184292888e+00
7.309896139408738946e+00
7.306411518248626003e+00
7.301872129420488911e+00
7.296451054695840988e+00
7.290353823858046312e+00
7.283812048135320794e+00
7.277056972906169818e+00
7.270281383658150354e+00
7.263599905002911861e+00
7.257018557965066563e+00
7.250424716438911510e+00
7.243608468559734170e+00
7.236325756057827796e+00
7.228412069667782269e+00
7.219951839379750602e+00
7.211500833790136511e+00
7.204342921143061851e+00
7.200731733125588008e+00
7.204012926947291895e+00
7.218438535933949574e+00
7.248392836648172022e+00
7.296746778763385954e+00
7.362360635957161392e+00
7.437569454926490131e+00
7.507510136612827623e+00
7.553105930036053017e+00
7.557256336505544958e+00
7.510798710352383445e+00
7.414652498763881106e+00
7.277700325939503223e+00
7.112759802979473633e+00
6.933064456402012077e+00
6.750196450584388330e+00
6.573265619815751748e+00
6.408802085262934156e+00
6.260952096998418703e+00
6.131767340888655049e+00
6.021514874478462787e+00
5.929000384180725725e+00
5.851917924506297553e+00
5.787236040278953553e+00
5.731615123154115921e+00
5.681831694568789892e+00
5.635169362365309631e+00
5.589730413228581440e+00
5.544630146557564920e+00
5.500056021460731692e+00
5.457197646696410054e+00
5.418071476857014623e+00
5.385267965900853326e+00
5.361636245235809284e+00
5.349895073920563959e+00
5.352127292112109025e+00
5.369095505173957505e+00
5.399343891707036214e+00
5.438183593298473006e+00
5.476952404534394248e+00
5.503325512407360343e+00
5.503547405262042780e+00
5.466627807417642870e+00
5.388794244622848062e+00
5.275395870360326533e+00
5.138827842591594752e+00
4.993956376195198388e+00
4.853908239123899904e+00
4.727944857835887582e+00
4.621320309337941801e+00
4.536173480081536091e+00
4.472626547503788075e+00
4.429683951620995153e+00
4.405839867874804305e+00
4.399443212466739972e+00
4.408902719095911138e+00
4.432804739523938053e+00
4.469996675056950863e+00
4.519670074765866019e+00
4.581456841629458765e+00
4.655514867769349863e+00
4.742488064516937385e+00
4.842994693779829163e+00
4.955787489972715676e+00
5.073018414618222671e+00
5.171930004635457934e+00
5.210749060703129487e+00
5.150493594979209000e+00
4.998350488143589843e+00
4.807202364736638422e+00
4.625355402530743731e+00
4.471509820299433891e+00
4.345113979727196707e+00
4.240078391786218148e+00
4.150954848077510917e+00
4.074444624901104817e+00
4.009433922119083782e+00
3.957016999811617364e+00
3.921194068507976027e+00
3.910957064562202490e+00
3.944853416216973940e+00
4.058065473515190646e+00
4.300018418166705381e+00
4.671656769168946788e+00
5.008116015994009018e+00
5.126405592278032941e+00
5.079229926507292880e+00
4.992968523892875155e+00
4.926546308887210124e+00
4.892016720212732928e+00
4.886032004612342661e+00
4.902063697862523384e+00
4.933683182946411172e+00
4.975190315860650969e+00
5.021676054659728550e+00
5.069091841694359779e+00
5.114440182160344683e+00
5.156059032600393444e+00
5.193925996750168750e+00
5.229903403600640210e+00
5.267868691512632040e+00
5.313706509252423160e+00
5.375132594940880360e+00
5.461180952219756080e+00
5.580746717476123386e+00
5.738655521752040300e+00
5.926863699205357605e+00
6.111495280125452290e+00
6.231107120965152291e+00
6.232860504028127302e+00
6.124109853919923019e+00
5.964155335091125387e+00
5.808948366655084961e+00
5.684183453796949337e+00
5.593325698124522738e+00
5.531570172004600217e+00
5.493919566457945436e+00
5.478324942085177618e+00
5.486462143085869769e+00
5.523486927711357630e+00
5.596958612379446585e+00
5.713993798523469891e+00
5.874282569252089026e+00
6.056562158145715635e+00
6.205229498341857663e+00
6.246466990303925826e+00
6.150935398857946268e+00
5.969778770971163162e+00
5.783103158061322802e+00
5.641042783309406339e+00
5.557274785105889237e+00
5.526265466297134665e+00
5.536412796823150906e+00
5.575628917971870990e+00
5.632991055870648189e+00
5.699075892304174218e+00
5.766048818607806936e+00
5.827778660885165607e+00
5.879935154783408890e+00
5.919958825316307127e+00
5.946850423478529102e+00
5.960824668264441684e+00
5.962936820044799191e+00
5.954783208816507134e+00
5.938314279557906694e+00
5.915729417124490297e+00
5.889388215466863308e+00
5.861683552267932029e+00
5.834860894284113364e+00
5.810809693997685876e+00
5.790877927858608665e+00
5.775764288002094737e+00
5.765528319978335148e+00
5.759733814169858412e+00
5.757710769008600238e+00
5.758891054608095139e+00
5.763148473191318288e+00
5.771062592362184773e+00
5.784032829415951760e+00
5.804193054545280006e+00
5.834107219589125037e+00
5.876249905149529162e+00
5.932287013981532908e+00
6.002185109539801999e+00
6.083230825627279792e+00
6.169182594337059733e+00
6.250010979790358689e+00
6.312867403169158287e+00
6.344699870387387364e+00
6.336010390479498433e+00
6.284045703973038854e+00
6.193512382395010896e+00
6.074409054805576247e+00
5.938499432677989631e+00
5.796439939656284679e+00
5.656529882345188831e+00
5.524840548061478174e+00
5.406024195017382183e+00
5.304309582070434459e+00
5.224652945671624416e+00
5.174631347022738304e+00
5.168941818608099759e+00
5.241918459716019996e+00
5.478151109373321503e+00
5.982382650046713657e+00
6.301865839874364994e+00
6.037090034529092542e+00
5.799534284800162531e+00
5.713171416177995177e+00
5.715958037493925836e+00
5.764389547677527759e+00
5.833617033287907816e+00
5.907667765088824297e+00
5.975090138230044090e+00
6.027420257200172493e+00
6.058695043116412826e+00
6.065228127998974372e+00
6.045400996540061023e+00
5.999501100372298446e+00
5.929697045360890151e+00
5.840108136094172231e+00
5.736720538950902615e+00
5.626803394422184468e+00
5.517624109722958359e+00
5.414664191931384707e+00
5.320040454465881474e+00
5.232113918429750044e+00
5.146914164959499161e+00
5.060932089923011468e+00
4.973754266604349716e+00
4.889033292752992033e+00
4.813519734005282658e+00
4.755103375784932140e+00
4.721006365884188760e+00
4.716672550370220485e+00
4.745284276495459252e+00
4.807597144494306640e+00
4.901847484784662257e+00
5.023674868398212645e+00
5.166192001742434314e+00
5.320447852454843307e+00
5.476480486320940422e+00
5.624886096237357691e+00
5.758430796744208990e+00
5.872990553168733641e+00
5.967306255387828884e+00
6.041639462149272610e+00
6.096010676785175164e+00
6.128916571629630106e+00
6.137189999456960976e+00
6.117145688174995932e+00
6.066543429512663010e+00
5.986449456021450288e+00
5.882090040406409592e+00
5.762354992883974347e+00
5.638349672879370722e+00
5.521761792610275776e+00
5.423613072125660572e+00
5.353462867269014325e+00
5.318642995670431084e+00
5.322751898837665863e+00
5.362549112981590760e+00
5.423349914686622419e+00
5.476772251854988838e+00
5.489995976273087663e+00
5.449110612966677536e+00
5.373068045255998015e+00
5.294821012107353120e+00
5.232354147125317212e+00
5.182138088023317657e+00
5.132021008793091532e+00
5.075501187566255012e+00
5.017378858931619057e+00
4.970243707944709044e+00
4.946794960280746167e+00
4.954595644168255042e+00
4.998269655424545377e+00
5.089075232484558065e+00
5.248708041581625849e+00
5.470066057264165060e+00
5.624310181559228461e+00
5.531281796939257589e+00
5.245293097077498246e+00
4.968682886031073664e+00
4.819658233900939948e+00
4.829896693438946009e+00
4.982544859159845352e+00
5.201399328806362909e+00
5.357342524640760217e+00
5.371429859494500469e+00
5.281471259183005529e+00
5.144074324006680854e+00
4.957625592918202706e+00
4.700073767818477855e+00
4.383362179558566218e+00
4.052321085097720932e+00
3.751212413007960933e+00
3.504964773624688501e+00
3.321598614077597045e+00
3.201163136632928286e+00
3.142691924064002329e+00
3.148242704136723358e+00
3.225068241513111111e+00
3.385583400865245896e+00
3.640139658628513519e+00
3.969027122302033472e+00
4.271135805822102505e+00
4.386119560599126999e+00
4.284748820826949078e+00
4.114329925300155288e+00
4.001359267503665329e+00
3.977610802622645547e+00
4.025059980246335378e+00
4.110938083837663903e+00
4.200689988543996556e+00
4.265681197157146443e+00
4.291405601453993413e+00
4.282069322641319786e+00
4.256700425767959040e+00
4.238813755481412926e+00
4.246387336357426712e+00
4.286421957316560061e+00
4.354034444341529309e+00
4.434915879091550828e+00
4.510891804160308105e+00
4.567884456568881646e+00
4.603065388645776856e+00
4.626757242157978567e+00
4.657727196940688152e+00
4.714948299438712631e+00
4.809605247360191349e+00
4.938724885974089318e+00
5.081166527093272656e+00
5.200086365211573636e+00
5.258007583481417946e+00
5.239698702234023564e+00
5.160659259052262193e+00
5.049797590207649733e+00
4.927368310010002084e+00
4.799938664387957132e+00
4.668551912298226192e+00
4.536318659862095259e+00
4.409661370898343868e+00
4.295597837870543501e+00
4.198924556385692952e+00
4.120991533857756295e+00
4.059877179665781100e+00
4.011263990068596463e+00
3.969542283032127195e+00
3.928954420469729758e+00
3.884698730426745517e+00
3.833873736643059082e+00
3.776078193176505504e+00
3.713499360838644847e+00
3.650454994823690402e+00
3.592537757104759422e+00
3.545629693683688632e+00
3.515041847419574150e+00
3.504918379597678157e+00
3.517910214502281807e+00
3.555039441278059709e+00
3.615662401931417413e+00
3.697479191807971244e+00
3.796600587347496170e+00
3.907740518743608504e+00
4.024622697758585943e+00
4.140644693586582825e+00
4.249722511693827975e+00
4.347085336495637442e+00
4.429704486244206763e+00
4.496130474749267414e+00
4.545795788392941184e+00
4.578192446113033220e+00
4.592528782758689587e+00
4.588308334226818275e+00
4.566726647087765656e+00
4.532127692149284570e+00
4.492513415566521395e+00
4.458548024642633223e+00
4.441283381094736527e+00
4.449266914856994326e+00
4.485578417795660577e+00
4.545209578071779610e+00
4.613719794206160962e+00
4.669126707553098221e+00
4.688784934861657483e+00
4.659470362522231568e+00
4.584141320172401279e+00
4.479823891942092295e+00
4.368717392028139912e+00
4.269596368663904684e+00
4.193865433773783735e+00
4.145759035844085894e+00
4.124333366251051736e+00
4.125568713274484267e+00
4.143972017054011303e+00
4.173653335491191108e+00
4.209007617575258209e+00
4.245111604259789395e+00
4.277898686400591011e+00
4.304157225154197519e+00
4.321410194610515454e+00
4.327753830305116622e+00
4.321737060185355972e+00
4.302340269684516549e+00
4.269065657765524158e+00
4.222099249381397357e+00
4.162468863781294992e+00
4.092119785599955151e+00
4.013862132980714037e+00
3.931195015960185835e+00
3.848057704466164353e+00
3.768578117139013806e+00
3.696880287158175626e+00
3.636984852727165318e+00
3.592803409810421122e+00
3.568196119891287044e+00
3.567029558103825604e+00
3.593127085162024947e+00
3.649934627616779448e+00
3.739639580759095860e+00
3.861467388134716572e+00
4.009195621729587877e+00
4.168941446340212131e+00
4.319787760694754120e+00
4.439761692569915930e+00
4.515434989246340791e+00
4.547987254134808310e+00
4.550419661816547112e+00
4.539058685122971504e+00
4.526315070284010922e+00
4.517946581121847771e+00
4.513862753691274321e+00
4.510526778987620666e+00
4.503689084059771197e+00
4.490740904143548207e+00
4.472140200276343514e+00
4.451559506622051465e+00
4.434853365402338099e+00
4.428404033582618915e+00
4.437529349730604089e+00
4.465392828427841465e+00
4.512513792249421840e+00
4.576785018058052934e+00
4.653905948829887507e+00
4.738212568423341153e+00
4.823881020472854608e+00
4.906311761107038372e+00
4.983202701571541660e+00
5.054588158265438835e+00
5.121236637608738818e+00
5.181499902504569377e+00
5.228078947457569292e+00
5.247780267234167795e+00
5.227150924992534087e+00
5.162055128570580464e+00
5.062671319501105494e+00
4.947459332118212316e+00
4.830890883998595342e+00
4.715177105169825467e+00
4.590863509458988467e+00
4.444538135954704927e+00
4.268611149446341457e+00
4.067131027277591571e+00
3.854211322831001318e+00
3.647351481980175780e+00
3.461080311236619522e+00
3.304180676457757482e+00
3.180116740774559414e+00
3.088823028547817984e+00
3.028493157987715012e+00
2.996871302245095681e+00
2.992062281464753948e+00
3.013042537895151973e+00
3.060056319158652727e+00
3.135030309778963797e+00
3.242040938301084640e+00
3.387591033650101835e+00
3.579602627631553791e+00
3.821914406586484958e+00
4.098602659542958548e+00
4.350994082507342320e+00
4.488202139490328868e+00
4.468276533524234040e+00
4.344119290382196574e+00
4.194342693938742705e+00
4.062377442946806916e+00
3.959532833214547853e+00
3.884480492792985018e+00
3.833852523807254276e+00
3.804939451714788312e+00
3.795162328110378791e+00
3.801042293024918362e+00
3.817743045834652182e+00
3.839321280117159674e+00
3.859430089233974126e+00
3.872193807479109573e+00
3.873064637863615101e+00
3.859519263157757951e+00
3.831450121757040250e+00
3.791133178493069966e+00
3.742766768399819366e+00
3.691731544404527554e+00
3.643811958911829407e+00
3.604574048641988604e+00
3.578935578897463277e+00
3.570768027027278801e+00
3.582195587494627631e+00
3.612168273730889112e+00
3.654101697043274921e+00
3.693409944975572845e+00
3.707863103538894922e+00
3.674680975170212527e+00
3.583097205089917914e+00
3.441936810940237290e+00
3.273822086297078826e+00
3.102316273616716913e+00
2.943565750338718701e+00
2.805358701597159499e+00
2.689816272980869005e+00
2.596254536192959428e+00
2.523051536339844692e+00
2.468605092039398485e+00
2.431739121034596440e+00
2.411835137507166049e+00
2.408844104315988943e+00
2.423250166447513010e+00
2.456010179500550894e+00
2.508466621343953928e+00
2.582216038440785955e+00
2.678906720276264863e+00
2.799939854886118074e+00
2.946064529206928295e+00
3.116893580907972527e+00
3.310410670629138075e+00
3.522528285177930485e+00
3.746582003085589196e+00
3.972285908019235201e+00
4.183591105505464647e+00
4.356359746869354233e+00
4.460378351778848227e+00
4.471159498624279749e+00
4.386741671181020763e+00
4.232453929810739979e+00
4.047120025513061492e+00
3.865419449069038560e+00
3.710056403295326710e+00
3.592996814823327334e+00
3.519509341515473011e+00
3.491224281588907630e+00
3.507189994046768788e+00
3.562927598725734946e+00
3.647831812706924914e+00
3.742230381767614578e+00
3.817475773243885317e+00
3.843460506791891440e+00
3.802945014034666560e+00
3.702266582778335646e+00
3.567817185409952963e+00
3.432088375471013642e+00
3.321980613945214156e+00
3.255304432358889777e+00
3.242652978986984014e+00
3.290079578391345017e+00
3.399920484835092349e+00
3.568875381462156327e+00
3.784132883999336894e+00
4.021049727119581974e+00
4.247333727044800611e+00
4.432331110923952266e+00
4.550312188365522204e+00
4.575249182692701311e+00
4.485146350111542723e+00
4.282662804347245888e+00
4.004543489632572673e+00
3.702311122610531413e+00
3.416879906564763925e+00
3.169480152441243259e+00
2.966060965838894781e+00
2.804567918174860619e+00
2.680067285075097949e+00
2.587364793986474787e+00
2.522064956541736791e+00
2.480873747737789348e+00
2.461591960137903268e+00
2.463001130065851196e+00
2.484709263534082613e+00
2.526948329410557026e+00
2.590261087803707785e+00
2.674963118137859475e+00
2.780226871368738806e+00
2.902672685971586120e+00
3.034618331900458710e+00
3.162807177182907825e+00
3.269310247689765969e+00
3.336191310568412671e+00
3.352897792988565495e+00
3.321595629650341053e+00
3.255985289668244409e+00
3.174739675767330294e+00
3.094817644005405377e+00
3.028199679209733652e+00
2.981871540076793892e+00
2.959283401543422620e+00
2.961919269218079798e+00
2.990431006001776471e+00
3.045272633607925439e+00
3.126915433383945064e+00
3.235709088584891813e+00
3.371403495503012770e+00
3.532334933352618389e+00
3.714375920712444934e+00
3.909999166476718191e+00
4.108116142538074556e+00
4.295279025090433578e+00
4.457789154085219252e+00
4.582718352770910997e+00
4.656398298058840979e+00
4.663250323764646765e+00
4.590829778493467295e+00
4.440395370171600575e+00
4.231908012128281271e+00
3.996239586667520438e+00
3.762094204811538667e+00
3.548354134868717313e+00
3.363795335772472583e+00
3.210285810310697041e+00
3.086100701718724082e+00
2.988173757523017393e+00
2.913337660982337596e+00
2.858917267273930918e+00
2.822984947352810359e+00
2.804469908888433505e+00
2.803221490191080800e+00
2.820060303871783081e+00
2.856782092790271843e+00
2.915958200059895589e+00
3.000127671677530472e+00
3.109545720760762411e+00
3.237355424461459741e+00
3.362576333006004337e+00
3.447753072703295008e+00
3.454734404597541442e+00
3.375143053650440095e+00
3.239249901491024097e+00
3.089571639591691010e+00
2.954990979975832932e+00
2.846744873698724199e+00
2.765536245045282726e+00
2.708104047970781636e+00
2.670610774136243037e+00
2.649898121090919823e+00
2.643780127251621703e+00
2.651000118849720533e+00
2.671110040952434872e+00
2.704358446524063986e+00
2.751602733693825353e+00
2.814230832711665631e+00
2.894057581048778971e+00
2.993137508972488536e+00
3.113403266182042550e+00
3.256003157269085069e+00
3.420203076691346489e+00
3.601816224821862811e+00
3.791454282567127354e+00
3.973510817113769633e+00
4.127356118954575770e+00
4.231815873004726392e+00
4.271940084803822479e+00
4.244618830749724125e+00
4.159570630339072039e+00
4.035266892631302227e+00
3.892572214515543028e+00
3.749482436880530400e+00
3.618591902109378644e+00
3.506924584176172033e+00
3.416912108923699343e+00
3.347492352720677022e+00
3.294845165403564646e+00
3.252752883106647452e+00
3.212907373888091556e+00
3.165699244633087162e+00
3.101978141364527541e+00
3.015695904772480951e+00
2.906319473186482316e+00
2.779365937282433752e+00
2.644392072422748097e+00
2.511625310520221532e+00
2.389201637117855270e+00
2.282062022291529324e+00
2.192256569106284303e+00
2.119868364561121599e+00
2.063945230472481462e+00
2.023185324017162667e+00
1.996359565480221976e+00
1.982543107967606355e+00
1.981235464327624429e+00
1.992429042597153588e+00
2.016663943236958190e+00
2.055089374807326230e+00
2.109536663522844968e+00
2.182588582510740949e+00
2.277592398318291078e+00
2.398489881528008905e+00
2.549202742884105977e+00
2.732123551668411920e+00
2.945187339253501957e+00
3.177627786632131635e+00
3.406815138646801966e+00
3.601816681115272978e+00
3.737320866632889427e+00
3.808826541841438651e+00
3.831513519923506195e+00
3.820966126099909044e+00
3.774711993834357404e+00
3.672980060846402495e+00
3.500664270054866467e+00
3.269702487839118543e+00
3.015792538989754412e+00
2.775288359655605941e+00
2.569349369396736193e+00
2.403857670403928282e+00
2.275980267136465951e+00
2.179747230601055463e+00
2.108981599997495238e+00
2.058399103112571460e+00
2.023826055330622431e+00
2.002086487185723573e+00
1.990806181022171328e+00
1.988225879916752481e+00
1.993049492063396322e+00
2.004328469441372551e+00
2.021376144673949771e+00
2.043704773326330937e+00
2.070978946460743320e+00
2.102980263658323246e+00
2.139579136180229213e+00
2.180710168028582085e+00
2.226347703373398268e+00
2.276477826799224502e+00
2.331062372655932524e+00
2.389989457745605783e+00
2.453004117131325490e+00
2.519612962509677256e+00
2.588961069044673380e+00
2.659692561142126710e+00
2.729835411865810357e+00
2.796797809220186171e+00
2.857605847041260638e+00
2.909477004456992422e+00
2.950608843237546797e+00
2.980703833148618642e+00
3.000626102192848865e+00
3.011128440385286265e+00
3.011486270669343490e+00
2.999134581377723929e+00
2.970690714547614242e+00
2.923807658104196072e+00
2.858855272123508318e+00
2.779574563594927383e+00
2.692418565064115477e+00
2.604983582587991009e+00
2.524330289184120613e+00
2.455868400100203353e+00
2.403027575361472934e+00
2.367542312697602735e+00
2.350038160996950953e+00
2.350667932661837156e+00
2.369670383967826144e+00
2.407815529227575357e+00
2.466726073507148786e+00
2.549007466541878042e+00
2.657941164810834422e+00
2.796135279977965293e+00
2.962064381840173954e+00
3.143736712348449647e+00
3.312330767019644018e+00
3.426321789447901445e+00
3.454878889712263756e+00
3.402203283541003209e+00
3.301924711405102464e+00
3.190413810753772061e+00
3.090183444686213310e+00
3.009720093276613273e+00
2.949144928233208507e+00
2.904777601176527835e+00
2.871530445371377027e+00
2.844039403811130295e+00
2.817413841805511243e+00
2.787980985586581806e+00
2.753893253717300205e+00
2.715240012537717629e+00
2.673529823504175784e+00
2.630834590424185659e+00
2.589048255376771746e+00
2.549509357939548249e+00
2.512956899129374033e+00
2.479663131844351831e+00
2.449607535506885814e+00
2.422622967750155176e+00
2.398495863617674306e+00
2.377026247079997212e+00
2.358059560750751071e+00
2.341500879172917937e+00
2.327318517814632060e+00
2.315540505365408119e+00
2.306244241507491299e+00
2.299536695542693909e+00
2.295519537213052796e+00
2.294231131103180221e+00
2.295557536634558193e+00
2.299112598487352166e+00
2.304110519866605866e+00
2.309296185502561105e+00
2.313038918564078728e+00
2.313674676304661393e+00
2.310040604613588844e+00
2.301945780933710939e+00
2.290278950078253661e+00
2.276687269622840404e+00
2.263056329772795028e+00
2.251087319357859329e+00
2.242107135881380664e+00
2.237074966882766525e+00
2.236686310824515633e+00
2.241495803717325597e+00
2.252019979959124729e+00
2.268807505729199203e+00
2.292472926952983325e+00
2.323684663709496778e+00
2.363080851924416859e+00
2.411055410610826844e+00
2.467309021855206286e+00
2.530011717399925697e+00
2.594469461971518953e+00
2.651618370862664165e+00
2.687947310696642944e+00
2.690038692631715023e+00
2.654696030758716851e+00
2.596100716334905023e+00
2.538238183854629515e+00
2.498558364557751155e+00
2.480167339091002177e+00
2.475760165582784111e+00
2.474987933935407280e+00
2.469633026762894534e+00
2.455674962248562299e+00
2.433050152519611320e+00
2.404233661025696911e+00
2.372665925174550328e+00
2.341635773619327843e+00
2.313754347255138732e+00
2.290868018006417373e+00
2.274196550276616602e+00
2.264538269008212978e+00
2.262457087469229133e+00
2.268413525297466649e+00
2.282816736407199620e+00
2.305960411096617424e+00
2.337762961737902323e+00
2.377165303961735976e+00
2.420994562627712732e+00
2.462283872204499513e+00
2.488943373617443999e+00
2.485550208922630233e+00
2.441315386726507164e+00
2.360386551169222358e+00
2.262131225617414199e+00
2.168582802824088773e+00
2.093126929701683459e+00
2.039285663857636877e+00
2.004991535656234891e+00
1.986459571165321014e+00
1.980111317451329622e+00
1.983172316980845062e+00
1.993691198634645279e+00
2.010383462543310351e+00
2.032454802176786757e+00
2.059441038905970522e+00
2.091051304992084248e+00
2.126971641003478908e+00
2.166551627814141234e+00
2.208243693407143660e+00
2.248607103535563478e+00
2.280747351014503987e+00
2.292668725422695175e+00
2.267957726709952215e+00
2.193623637180317054e+00
2.075140329221097257e+00
1.941890965655783452e+00
1.828197030133685841e+00
1.751219036105524207e+00
1.709688491572069591e+00
1.694516922918564150e+00
1.696578013953687014e+00
1.709238729351017172e+00
1.728317677357581683e+00
1.751418333454920928e+00
1.777341817368913501e+00
1.805718429863449437e+00
1.836842600624829736e+00
1.871691718230323431e+00
1.912155980336260663e+00
1.961588869223689580e+00
2.025919088632283760e+00
2.115668398475149203e+00
2.248352355169335848e+00
2.442651823436508440e+00
2.661883494422072172e+00
2.712131542316561728e+00
2.514754795169017232e+00
2.296907961891761829e+00
2.160994872531714073e+00
2.087649587983830379e+00
2.049477759213230943e+00
2.030428470001845120e+00
2.022114391765982067e+00
2.020133464134477919e+00
2.022113849061462520e+00
2.026759611853321541e+00
2.033384893648423564e+00
2.041686546135619729e+00
2.051641466026839833e+00
2.063479601969527177e+00
2.077716126935142071e+00
2.095243402341150141e+00
2.117479818890623644e+00
2.146476230655376405e+00
2.184305398920396879e+00
2.228324648987753065e+00
2.251867579419025489e+00
2.190716016406898614e+00
2.066693786964273638e+00
1.986128684590888760e+00
1.955885867388762467e+00
1.948576313280359296e+00
1.949587709736872121e+00
1.953289624838539851e+00
1.957632143927432233e+00
1.961898059804152883e+00
1.965880278883840537e+00
1.969579496209111769e+00
1.973092958465561431e+00
1.976579166789452113e+00
1.980259101931611143e+00
1.984444372131297429e+00
1.989599459660025271e+00
1.996462526240505575e+00
2.006269949016016962e+00
2.021093195382644758e+00
2.043577291606517132e+00
2.069509252209110084e+00
2.055802672144798837e+00
1.982422513135633446e+00
1.936648276521209633e+00
1.921702205736351976e+00
1.917487763772617315e+00
1.916368685839247687e+00
1.916029887749613803e+00
1.915768971637100471e+00
1.915381740333990557e+00
1.914825973629620481e+00
1.914112705349942711e+00
1.913268913579629471e+00
1.912324360236802301e+00
1.911307077732165682e+00
1.910242052615814812e+00
1.909151086614716331e+00
