4.501000000000000227e+02
4.500957999999999970e+02
4.500832000000000335e+02
4.500580000000000496e+02
4.500433000000000447e+02
4.500033999999999992e+02
4.499530000000000314e+02
4.499026000000000067e+02
4.498595500000000129e+02
4.498238499999999931e+02
4.497986500000000092e+02
4.497850000000000250e+02
4.497734500000000253e+02
4.497429999999999950e+02
4.496589999999999918e+02
4.496327500000000441e+02
4.496117500000000291e+02
4.495665999999999940e+02
4.495372000000000412e+02
4.495025500000000420e+02
4.494741999999999962e+02
4.494594999999999914e+02
4.494343000000000075e+02
4.493933499999999981e+02
4.493471499999999992e+02
4.492673500000000217e+02
4.492547500000000014e+02
4.492001500000000078e+02
4.491886000000000081e+02
4.491287500000000250e+02
4.489523500000000240e+02
4.487738499999999817e+02
4.485701500000000124e+02
4.483832500000000323e+02
4.481721999999999753e+02
