1.968399577522233379e+00
1.957119235749984254e+00
2.022208046356932964e+00
1.841356606997684997e+00
1.878407254562089568e+00
1.714837291319885715e+00
1.970581118996863390e+00
1.689815242370048542e+00
2.011499459308796922e+00
1.996730630987663790e+00
2.239505835106339493e+00
1.752707116221785988e+00
2.631043019701953423e+00
1.938304586507303640e+00
2.855433512939516305e+00
2.048610317224294430e+00
3.044805424238753666e+00
1.970873293064622223e+00
2.471609363056248565e+00
2.114718586956676472e+00
2.386780514068695069e+00
1.832816811715719751e+00
2.396829904539045764e+00
1.901175886133209092e+00
3.012902516730925573e+00
2.195976300984941343e+00
2.389994664477820940e+00
1.978893849975572827e+00
