3.703423070146727003e+00
3.755143280361506797e+00
3.807674739758828864e+00
3.860997565001698550e+00
3.916588950817645021e+00
3.977959068493778449e+00
4.051430520270766777e+00
4.147812054548914773e+00
4.284990310812333725e+00
4.477114696272132655e+00
4.636540589812959468e+00
4.519321718049787329e+00
4.200434474816167274e+00
3.900635966770131802e+00
3.658278486489149106e+00
3.460935273929012013e+00
3.299992085465875746e+00
3.171254696316829769e+00
3.072073219037655178e+00
3.000315351278906917e+00
2.954172814166115213e+00
2.932135841001082710e+00
2.932926278300267864e+00
2.955347033824776481e+00
2.998049538405664904e+00
3.059240712569704534e+00
3.136388170439320167e+00
3.226050048571396545e+00
3.324036705476684173e+00
3.426146501658179133e+00
3.529640412346067180e+00
3.635512325642196174e+00
3.751992930861629105e+00
3.901889178201541242e+00
4.140551516908629104e+00
4.546307652838565971e+00
4.829974947181960410e+00
4.643304963989110412e+00
4.461156681292164805e+00
4.366116313049442255e+00
4.299192676334802066e+00
4.232280589061543807e+00
4.160576040028053590e+00
4.088877412574752235e+00
4.023623705924414651e+00
3.969438696287424406e+00
3.928493977593317865e+00
3.901141187600744686e+00
3.886906902734835523e+00
3.885547425439912494e+00
3.898243713042544911e+00
3.929555865121220126e+00
3.993092537658338159e+00
4.138543445884613092e+00
4.598667588009283769e+00
4.735736315790878059e+00
4.392587255625706177e+00
4.406261570156812191e+00
4.498558280067455506e+00
4.596166868727482147e+00
4.664015142615801857e+00
4.681097176003357063e+00
4.641384466245358276e+00
4.551987835783534386e+00
4.426636443757778316e+00
4.280248352002572254e+00
4.128491012211078726e+00
4.000303969057822151e+00
4.142428157109706355e+00
3.837424295940422336e+00
3.540709768758611986e+00
3.409956289009666630e+00
3.313914204819625731e+00
3.240252904674000067e+00
3.184785975992068696e+00
3.144207703672609266e+00
3.145032554706935102e+00
3.159168292396790090e+00
3.111294098858392143e+00
3.096833350379846639e+00
3.087648154333446193e+00
3.080593720436721750e+00
3.075771653044224951e+00
3.074886462025703260e+00
3.080692111782207476e+00
3.096582763161628282e+00
3.126276829364964094e+00
3.173629049214790054e+00
3.242576500992551125e+00
3.337163354444237839e+00
3.461470258053561455e+00
3.618986915333943788e+00
3.810356065169168360e+00
4.027825496255243110e+00
4.247073299300453186e+00
4.427727865391002382e+00
4.539238088821710981e+00
4.589612768903360340e+00
4.610898333965899987e+00
4.625358106773741262e+00
4.635915406448714471e+00
4.634174718358183398e+00
4.608808054107400132e+00
4.550142487901269739e+00
4.452250037916113179e+00
4.313892176352640107e+00
4.138887922842968692e+00
3.935746123748994130e+00
3.716172814798190505e+00
3.492674966946243575e+00
3.276223784488891067e+00
3.074878002684995781e+00
2.893556608119147278e+00
2.734572981230361854e+00
2.598434255393809789e+00
2.484582741224631963e+00
2.391955332946744228e+00
2.319357121529597610e+00
2.265691799623285263e+00
2.230097484468738234e+00
2.212028008380994226e+00
2.211309507722262868e+00
2.228195377663917842e+00
2.263441371751937492e+00
2.318428802835010405e+00
2.395381336333124001e+00
2.497755920504874716e+00
2.630940488346552364e+00
2.803388070450605785e+00
3.027754712997424047e+00
3.317958323126068976e+00
3.664086192904225658e+00
3.963598586467949048e+00
4.060035225842510975e+00
4.010924711041566226e+00
3.978565207652658753e+00
4.004608404247746556e+00
4.065303597228409060e+00
4.131615450436975756e+00
4.181463861436948370e+00
4.200424505284354737e+00
4.182442266791579932e+00
4.130513489417516837e+00
4.055504260555888862e+00
3.972773453426271750e+00
3.898040522005473019e+00
3.844150811960676872e+00
3.819308186434027697e+00
3.826336167415621770e+00
3.862337756409558231e+00
3.918638773322049129e+00
3.981700494613825470e+00
4.036304751669808510e+00
4.122648533471950039e+00
4.072149050697770001e+00
4.056380852665424364e+00
4.035676616213422996e+00
4.032641864985095914e+00
4.076735222765928590e+00
4.198208357980941052e+00
4.369528281891621901e+00
4.376636791556118844e+00
4.127688910039202241e+00
3.852465486381662529e+00
3.633018267253192768e+00
3.936106789763699876e+00
4.110959944332263305e+00
3.718408663343868881e+00
3.445302198208700428e+00
3.232261910114546222e+00
3.060583373871986090e+00
2.925535127005162384e+00
2.825218087067632666e+00
2.758396788514839493e+00
2.725023162470053606e+00
2.729639011586368902e+00
2.801006346310236594e+00
3.230833172102246298e+00
2.967629031682976315e+00
2.929648371722568090e+00
3.166807799426340608e+00
3.522332429900159045e+00
3.501145319525648780e+00
3.433173550867286927e+00
3.187083708405697990e+00
3.109147182572985724e+00
3.082722607891505540e+00
3.066627490462314309e+00
3.050109437317837457e+00
3.047766988390141041e+00
3.153308910869978998e+00
3.455625725034351614e+00
3.148138383725763934e+00
2.996702967805083162e+00
2.945214461518595339e+00
2.914060493033475474e+00
2.868760853433350633e+00
2.794394446325988657e+00
2.695456853308471068e+00
2.592070553324373972e+00
2.523906976467128693e+00
2.661913761899861175e+00
3.082753374541626901e+00
2.949901419712437356e+00
2.896431575020728566e+00
2.973686583192003408e+00
3.444890586651197850e+00
3.187396235199714489e+00
3.851327112560261501e+00
3.482479709804811474e+00
3.417120451843069340e+00
3.517654466820804071e+00
3.691742576437020418e+00
3.932505616242456536e+00
4.025724336346175214e+00
3.982027777005262337e+00
4.151695531352783242e+00
4.172633791588744145e+00
4.033453783741176579e+00
3.782705497898689373e+00
3.491539596146191471e+00
3.332989480715584651e+00
3.332705918761646569e+00
3.100432154949181118e+00
2.980602848034973107e+00
2.951537467142892446e+00
2.994419926111919761e+00
3.088645588409486109e+00
3.199798791045752377e+00
3.268610906934953153e+00
2.990855459849813158e+00
3.502110458922972125e+00
3.416933288321769346e+00
3.297971904399782606e+00
3.112417057394817110e+00
2.882203175573473164e+00
2.718865389541740729e+00
2.722123044356257182e+00
2.981478140176718306e+00
2.649678477577193991e+00
2.637102817698777635e+00
2.592672860691220826e+00
2.566998548924226853e+00
2.613448904304538800e+00
2.759561352486421981e+00
2.948945269493925103e+00
3.037957792063945561e+00
3.007030941435564930e+00
3.021594263622739529e+00
3.215639751326753171e+00
3.329832054363100369e+00
3.154528021187419373e+00
3.047465682348986959e+00
3.070413743666841722e+00
3.186693571007004344e+00
3.362650107010055844e+00
3.533378827459491056e+00
3.628349842902223177e+00
3.655061866568844575e+00
3.655177255909085599e+00
3.645169439094757102e+00
3.631537191581348800e+00
3.617366357569656632e+00
3.600434665071519102e+00
3.621946471753661800e+00
3.751634333692890788e+00
3.703952116447007725e+00
3.371496142495582493e+00
3.063594974712079644e+00
2.892524327192841582e+00
2.793961202113205644e+00
2.708078001681038405e+00
2.675899628540823638e+00
2.738809414217524996e+00
2.692048199915498596e+00
2.423914570128569146e+00
2.235114711234055918e+00
2.204862023208790323e+00
2.292106932265409291e+00
2.479681625533439515e+00
2.572909952837035163e+00
2.233106179092366528e+00
2.035498824033342036e+00
1.954954992030794925e+00
2.339691860616808228e+00
2.495971702815430682e+00
2.451659260902010473e+00
2.535510714312507741e+00
2.615737884495761278e+00
2.732408659787355809e+00
3.058324251353332190e+00
2.980003760485980369e+00
2.765643163202954113e+00
2.763385800412326621e+00
3.032190982413035307e+00
2.983119338730302772e+00
2.764566677059052680e+00
2.851789192958056773e+00
2.961107483618945491e+00
2.977715931401574423e+00
2.931058753248656945e+00
2.888267670091448025e+00
2.879515813119564616e+00
2.901829399982770674e+00
3.001461785030969942e+00
3.156157072342034908e+00
3.093602289680063677e+00
2.825060611122847565e+00
2.610899263721895291e+00
2.743719488507390558e+00
2.898010827985216586e+00
2.918550018936818979e+00
3.029873419637978849e+00
2.963168201924918588e+00
2.756779899798106115e+00
2.572244271067582133e+00
2.405812531683729993e+00
2.373679130765605994e+00
2.586180537523121270e+00
2.881801747129790758e+00
3.048840867514198028e+00
3.031637382175898399e+00
2.816281172553906309e+00
2.658746362878920966e+00
2.738937834603377031e+00
2.646205417242612601e+00
2.536446474305910748e+00
2.477924228961679631e+00
2.741184374186123041e+00
2.478858336308852994e+00
2.604587595238265774e+00
2.568276123999523985e+00
2.019280242796022584e+00
1.598378384840315691e+00
1.695862879078209762e+00
2.193542090925953758e+00
1.990128828969943697e+00
2.133908870375517797e+00
2.119151449136861487e+00
2.218950630371998134e+00
2.313753507477406046e+00
2.471926297284595453e+00
2.618982833774833985e+00
2.397769747854392008e+00
2.146011158029070831e+00
2.004962989647636640e+00
1.915845338431163336e+00
1.795190806281164564e+00
1.759751675833047813e+00
1.900948173563814514e+00
2.127145638438268094e+00
2.273396106101020386e+00
2.282263702419168538e+00
2.220043089011526583e+00
2.307822849199570037e+00
2.289622262048967460e+00
2.095183241041767452e+00
2.072230905959630665e+00
2.139506284110698875e+00
2.160706227864154005e+00
2.079952665525258482e+00
1.922278431046006153e+00
1.795648076938827220e+00
1.826731026971861294e+00
2.088292052658923925e+00
2.274389303450384148e+00
2.258754686963481362e+00
2.244560830708588917e+00
2.213605642912225058e+00
2.289669966170730042e+00
2.455079824998128935e+00
2.592477115784810326e+00
2.579750946827512159e+00
2.355378373224196853e+00
2.028390222408267718e+00
1.648924409104820077e+00
1.498680825344856693e+00
1.570682777365295824e+00
1.918619110437128628e+00
2.232312314724939739e+00
1.977434648946648332e+00
1.897322510401187268e+00
1.929891475408468837e+00
1.914141138788798990e+00
1.819723875214836362e+00
1.790313592249751506e+00
1.853137543717283009e+00
1.633456210247908436e+00
1.342768728400622225e+00
1.215273643975489870e+00
1.229054277934457318e+00
1.403185235030269595e+00
1.766000448653885169e+00
2.180272859858409795e+00
2.112472946502542914e+00
1.795069177593811238e+00
1.784355236696307356e+00
1.921572999290693584e+00
1.711676571495660992e+00
1.646335939100964429e+00
2.016501583501774331e+00
2.285988724381223136e+00
1.843626914953779616e+00
1.398786356126020536e+00
1.239502205299571447e+00
1.264211406847155272e+00
1.453473855217845667e+00
1.669080712157279267e+00
1.586766444153912659e+00
1.480752007504999801e+00
1.567168296514345860e+00
1.863091918045485906e+00
2.231873516077857555e+00
2.291720583068832973e+00
1.875293800297184177e+00
1.540243020735206247e+00
1.410799410298154477e+00
1.429537950298458426e+00
1.621712190189019687e+00
1.684152192016757921e+00
1.420836449605265006e+00
1.324643467880622483e+00
1.353383788444373126e+00
1.499777968945657181e+00
1.806235771910115417e+00
2.117461916139578904e+00
2.013436070624335272e+00
1.750640747826700538e+00
1.625390352897326363e+00
1.505393525324240978e+00
1.252464434167302354e+00
1.058221346560388021e+00
9.910207132618158443e-01
1.028677687122347750e+00
1.202632029031049932e+00
1.594629961113852357e+00
1.905553871108963238e+00
1.833018613424234555e+00
1.381819349971107336e+00
1.087798499780525674e+00
1.000665719176314639e+00
1.002533921185580157e+00
1.052318162831131332e+00
1.139440509029923332e+00
1.261300537179335324e+00
1.399832029019023372e+00
1.491267975581600291e+00
1.499673085764356539e+00
1.388093457073269921e+00
1.226590760410205760e+00
1.175628017987433660e+00
1.276648429475797375e+00
1.575373116054741507e+00
1.698743265218837228e+00
1.503294376838189672e+00
1.421308240533836420e+00
1.356638532219329729e+00
1.273921341603007518e+00
1.210758146177208561e+00
1.170402704126936033e+00
1.149637668699172721e+00
1.149651530032885560e+00
1.156803664848674584e+00
1.137973689658479559e+00
1.118333760327159032e+00
1.134698340256777405e+00
1.206602809957628475e+00
1.326894570769175719e+00
1.296712654399568176e+00
1.237991440466692517e+00
1.215871986224960954e+00
1.156200431992643995e+00
1.131224605103952285e+00
1.169708409598578580e+00
1.244789504898535126e+00
1.128621244238218191e+00
1.001733802687338137e+00
9.970708880314311795e-01
1.046297368968728048e+00
1.125219374927642901e+00
1.094106864128038259e+00
8.739878687735155305e-01
8.550047087480420194e-01
9.036360010569537415e-01
9.823773853851204274e-01
1.228181166601124641e+00
1.142884132341961401e+00
1.014789239960738554e+00
1.013549954250285046e+00
1.032182344407562402e+00
1.074516971406192622e+00
1.091466014210619617e+00
9.742799058666525847e-01
9.811046727363161857e-01
9.884127186414227717e-01
9.985309879544492784e-01
1.035387976341462180e+00
9.606154013329343266e-01
9.578973712503133786e-01
9.566147473040430560e-01
9.545433652733363861e-01
