3.703423070125738459e+00
3.755143280331992184e+00
3.807674739734947966e+00
3.860997564964173900e+00
3.916588950835308669e+00
3.977959068500052986e+00
4.051430520270818292e+00
4.147812054502471923e+00
4.284990310805108393e+00
4.477114696282647799e+00
4.636540589833813009e+00
4.519321718078275651e+00
4.200434474801927109e+00
3.900635966766976104e+00
3.658278486476854496e+00
3.460935273913408938e+00
3.299992085471814551e+00
3.171254696318445365e+00
3.072073219039979985e+00
3.000315351281993781e+00
2.954172814189411245e+00
2.932135840994473330e+00
2.932926278277744103e+00
2.955347033831512871e+00
2.998049538421939886e+00
3.059240712564429643e+00
3.136388170451740010e+00
3.226050048575386242e+00
3.324036705500109878e+00
3.426146501631157193e+00
3.529640412356106705e+00
3.635512325612343165e+00
3.751992930837515061e+00
3.901889178201678021e+00
4.140551516964657175e+00
4.546307652827578316e+00
4.829974947211224112e+00
4.643304964004645541e+00
4.461156681267041790e+00
4.366116313126862103e+00
4.299192676317924899e+00
4.232280589071092614e+00
4.160576040008486132e+00
4.088877412587404336e+00
4.023623705961804298e+00
3.969438696247264975e+00
3.928493977612365295e+00
3.901141187595735360e+00
3.886906902751892989e+00
3.885547425396548071e+00
3.898243713066964933e+00
3.929555865129147563e+00
3.993092537675519527e+00
4.138543445946082144e+00
4.598667588013715779e+00
4.735736315789236706e+00
4.392587255637407040e+00
4.406261570142068429e+00
4.498558280085274141e+00
4.596166868708928988e+00
4.664015142629862609e+00
4.681097176000146298e+00
4.641384466289532718e+00
4.551987835746485800e+00
4.426636443638257035e+00
4.280248352050393557e+00
4.128491012189796194e+00
4.000303969040523100e+00
4.142428157118143162e+00
3.837424295921636919e+00
3.540709768742773988e+00
3.409956289002552765e+00
3.313914204778816597e+00
3.240252904669801648e+00
3.184785975982665107e+00
3.144207703674557486e+00
3.145032554662315238e+00
3.159168292409046952e+00
3.111294098858765622e+00
3.096833350369303517e+00
3.087648154310064452e+00
3.080593720438721039e+00
3.075771653037841613e+00
3.074886462021711786e+00
3.080692111790738430e+00
3.096582763160587781e+00
3.126276829370949528e+00
3.173629049224865994e+00
3.242576500998766154e+00
3.337163354447043151e+00
3.461470258059836436e+00
3.618986915329984289e+00
3.810356065168286399e+00
4.027825496253355730e+00
4.247073299297764670e+00
4.427727865407486973e+00
4.539238088837290519e+00
4.589612768892316730e+00
4.610898333969283058e+00
4.625358106780008249e+00
4.635915406440218156e+00
4.634174718361343537e+00
4.608808054103688434e+00
4.550142487862154361e+00
4.452250037877180766e+00
4.313892176365088815e+00
4.138887922860926771e+00
3.935746123738100621e+00
3.716172814798470281e+00
3.492674966958857929e+00
3.276223784499054492e+00
3.074878002677052802e+00
2.893556608126810481e+00
2.734572981234946631e+00
2.598434255382437552e+00
2.484582741226058378e+00
2.391955332947925061e+00
2.319357121523522913e+00
2.265691799632088443e+00
2.230097484462602697e+00
2.212028008392351808e+00
2.211309507720273348e+00
2.228195377665836752e+00
2.263441371756753195e+00
2.318428802822419144e+00
2.395381336389534432e+00
2.497755920502211957e+00
2.630940488348112005e+00
2.803388070437569102e+00
3.027754713041198364e+00
3.317958323066934945e+00
3.664086192975636536e+00
3.963598586462221629e+00
4.060035225850505469e+00
4.010924711029073997e+00
3.978565207665936132e+00
4.004608404300250335e+00
4.065303597314892770e+00
4.131615450411428192e+00
4.181463861444412622e+00
4.200424505270123454e+00
4.182442266757474769e+00
4.130513489426463458e+00
4.055504260561156649e+00
3.972773453411877487e+00
3.898040521991504193e+00
3.844150811976798199e+00
3.819308186427740726e+00
3.826336167433268098e+00
3.862337756334675909e+00
3.918638773334025327e+00
3.981700494644632382e+00
4.036304751671289992e+00
4.122648533464352560e+00
4.072149050695093919e+00
4.056380852669518866e+00
4.035676616263457639e+00
4.032641864955405886e+00
4.076735222695756278e+00
4.198208358016751518e+00
4.369528281832864458e+00
4.376636791573196739e+00
4.127688910020177460e+00
3.852465486393844785e+00
3.633018267247507094e+00
3.936106789750848822e+00
4.110959944326602944e+00
3.718408663380240231e+00
3.445302198171804609e+00
3.232261910160783458e+00
3.060583373871365254e+00
2.925535127022104387e+00
2.825218087066593498e+00
2.758396788518020504e+00
2.725023162473080518e+00
2.729639011584249708e+00
2.801006346309026007e+00
3.230833172092637096e+00
2.967629031664565264e+00
2.929648371717000099e+00
3.166807799439878224e+00
3.522332429916793739e+00
3.501145319520989840e+00
3.433173550897156368e+00
3.187083708393503745e+00
3.109147182592009617e+00
3.082722607894428979e+00
3.066627490496352415e+00
3.050109437323368144e+00
3.047766988404444710e+00
3.153308910835645129e+00
3.455625725007331894e+00
3.148138383745366031e+00
2.996702967820175534e+00
2.945214461532815964e+00
2.914060493031269239e+00
2.868760853446539194e+00
2.794394446350215055e+00
2.695456853326017033e+00
2.592070553324584914e+00
2.523906976483162978e+00
2.661913761882128693e+00
3.082753374553296233e+00
2.949901419693242932e+00
2.896431575022594629e+00
2.973686583174190101e+00
3.444890586630600993e+00
3.187396235210004924e+00
3.851327112565504862e+00
3.482479709800998968e+00
3.417120451839941619e+00
3.517654466827579984e+00
3.691742576446943147e+00
3.932505616217735422e+00
4.025724336352838328e+00
3.982027776990283208e+00
4.151695531307606934e+00
4.172633791551103144e+00
4.033453783750808874e+00
3.782705497829827124e+00
3.491539596195618600e+00
3.332989480708653307e+00
3.332705918771904585e+00
3.100432154951773711e+00
2.980602848032094077e+00
2.951537467136151172e+00
2.994419926137438459e+00
3.088645588422646249e+00
3.199798791029234923e+00
3.268610906890620171e+00
2.990855459878458689e+00
3.502110458941896098e+00
3.416933288328050544e+00
3.297971904413849131e+00
3.112417057410997501e+00
2.882203175568644582e+00
2.718865389538820843e+00
2.722123044329585628e+00
2.981478140186844872e+00
2.649678477593843340e+00
2.637102817698774082e+00
2.592672860693244541e+00
2.566998548917191592e+00
2.613448904288501851e+00
2.759561352492590380e+00
2.948945269483866483e+00
3.037957791948101782e+00
3.007030941438192606e+00
3.021594263632921162e+00
3.215639751340591879e+00
3.329832054353382365e+00
3.154528021192021914e+00
3.047465682359759676e+00
3.070413743671172035e+00
3.186693571014198145e+00
3.362650106980569653e+00
3.533378827457440696e+00
3.628349842896117394e+00
3.655061866503963586e+00
3.655177255910233569e+00
3.645169439098975950e+00
3.631537191577272061e+00
3.617366357561103918e+00
3.600434665066788220e+00
3.621946471778630716e+00
3.751634333713004033e+00
3.703952116446638687e+00
3.371496142477493851e+00
3.063594974710640351e+00
2.892524327196332123e+00
2.793961202120694765e+00
2.708078001681240465e+00
2.675899628537873554e+00
2.738809414237708850e+00
2.692048199901407646e+00
2.423914570130278889e+00
2.235114711235862917e+00
2.204862023200145682e+00
2.292106932265574493e+00
2.479681625526259037e+00
2.572909952826316626e+00
2.233106179093281352e+00
2.035498824041939603e+00
1.954954992033815619e+00
2.339691860616949892e+00
2.495971702823865712e+00
2.451659260886979386e+00
2.535510714311866032e+00
2.615737884499801602e+00
2.732408659775191317e+00
3.058324251381139280e+00
2.980003760477046182e+00
2.765643163184705156e+00
2.763385800423405314e+00
3.032190982396905099e+00
2.983119338738496662e+00
2.764566677071098155e+00
2.851789192945231033e+00
2.961107483636020721e+00
2.977715931402507454e+00
2.931058753257553828e+00
2.888267670063538795e+00
2.879515813123595613e+00
2.901829400002275516e+00
3.001461785036692920e+00
3.156157072346620573e+00
3.093602289675480232e+00
2.825060611122768073e+00
2.610899263722234132e+00
2.743719488520602656e+00
2.898010827962498759e+00
2.918550018939631840e+00
3.029873419643173804e+00
2.963168201952339764e+00
2.756779899792001665e+00
2.572244271062285037e+00
2.405812531704921930e+00
2.373679130767018197e+00
2.586180537535518908e+00
2.881801747126801150e+00
3.048840867497307094e+00
3.031637382180037754e+00
2.816281172560122670e+00
2.658746362867420832e+00
2.738937834598960119e+00
2.646205417246068947e+00
2.536446474310055876e+00
2.477924228957474106e+00
2.741184374171336202e+00
2.478858336311146271e+00
2.604587595225977381e+00
2.568276123996883875e+00
2.019280242799268876e+00
1.598378384839045152e+00
1.695862879088053443e+00
2.193542090927685706e+00
1.990128828968773522e+00
2.133908870386213685e+00
2.119151449130859621e+00
2.218950630378256239e+00
2.313753507467074755e+00
2.471926297282891039e+00
2.618982833793231713e+00
2.397769747887308345e+00
2.146011158019520693e+00
2.004962989642339544e+00
1.915845338429355005e+00
1.795190806264525651e+00
1.759751675832854634e+00
1.900948173561578525e+00
2.127145638450038234e+00
2.273396106104328407e+00
2.282263702424045082e+00
2.220043089005623305e+00
2.307822849207235016e+00
2.289622262035233113e+00
2.095183241039565658e+00
2.072230905974117299e+00
2.139506284138333214e+00
2.160706227879982677e+00
2.079952665545689694e+00
1.922278431048572545e+00
1.795648076938921145e+00
1.826731026966293081e+00
2.088292052660734921e+00
2.274389303428526077e+00
2.258754686966117031e+00
2.244560830705575771e+00
2.213605642909611149e+00
2.289669966175408522e+00
2.455079824969344848e+00
2.592477115791572029e+00
2.579750946807620515e+00
2.355378373269349623e+00
2.028390222390846098e+00
1.648924409078620812e+00
1.498680825350727552e+00
1.570682777346447789e+00
1.918619110454336196e+00
2.232312314733812197e+00
1.977434648947407059e+00
1.897322510394098938e+00
1.929891475402480738e+00
1.914141138791911612e+00
1.819723875215539133e+00
1.790313592249034302e+00
1.853137543715816404e+00
1.633456210248107610e+00
1.342768728402371936e+00
1.215273643981420904e+00
1.229054277929268801e+00
1.403185235030856237e+00
1.766000448653790800e+00
2.180272859882526060e+00
2.112472946498967108e+00
1.795069177589783127e+00
1.784355236686632651e+00
1.921572999290320549e+00
1.711676571486829168e+00
1.646335939111998714e+00
2.016501583494815453e+00
2.285988724368354319e+00
1.843626914954249463e+00
1.398786356120304442e+00
1.239502205315135219e+00
1.264211406856365683e+00
1.453473855217468858e+00
1.669080712115645904e+00
1.586766444162347467e+00
1.480752007498666867e+00
1.567168296522094995e+00
1.863091918055408192e+00
2.231873516090882692e+00
2.291720583065709693e+00
1.875293800293572399e+00
1.540243020738705892e+00
1.410799410291828426e+00
1.429537950288580772e+00
1.621712190178067114e+00
1.684152192022899230e+00
1.420836449600578311e+00
1.324643467887049342e+00
1.353383788447038993e+00
1.499777968950969598e+00
1.806235771909145527e+00
2.117461916104094843e+00
2.013436070623034535e+00
1.750640747850378265e+00
1.625390352887961409e+00
1.505393525311843561e+00
1.252464434170982299e+00
1.058221346552104647e+00
9.910207132615757031e-01
1.028677687118169759e+00
1.202632029030433092e+00
1.594629961118926298e+00
1.905553871106330899e+00
1.833018613412866760e+00
1.381819349964636734e+00
1.087798499775999517e+00
1.000665719164620659e+00
1.002533921175499998e+00
1.052318162829928294e+00
1.139440509034152171e+00
1.261300537181653914e+00
1.399832029025255498e+00
1.491267975584485983e+00
1.499673085759489766e+00
1.388093457053981572e+00
1.226590760400993574e+00
1.175628017981375839e+00
1.276648429475510049e+00
1.575373116048046640e+00
1.698743265197460772e+00
1.503294376835782487e+00
1.421308240534845613e+00
1.356638532225805216e+00
1.273921341604306035e+00
1.210758146172783878e+00
1.170402704119921422e+00
1.149637668706083193e+00
1.149651530036710501e+00
1.156803664857793734e+00
1.137973689655573661e+00
1.118333760321807979e+00
1.134698340252807913e+00
1.206602809953553290e+00
1.326894570772303217e+00
1.296712654393615161e+00
1.237991440457099745e+00
1.215871986223781898e+00
1.156200431997207234e+00
1.131224605096182945e+00
1.169708409614332201e+00
1.244789504889905585e+00
1.128621244236899912e+00
1.001733802690929487e+00
9.970708880306693445e-01
1.046297368978206022e+00
1.125219374927562965e+00
1.094106864134114065e+00
8.739878687638024113e-01
8.550047087475972640e-01
9.036360010527462183e-01
9.823773853929028688e-01
1.228181166596650886e+00
1.142884132328098046e+00
1.014789239961451095e+00
1.013549954257043195e+00
1.032182344397822860e+00
1.074516971402086796e+00
1.091466014215329627e+00
9.742799058636428811e-01
9.811046727391593558e-01
9.884127186337116067e-01
9.985309879437415104e-01
1.035387976336100690e+00
9.606154013377955492e-01
9.578973712506391180e-01
9.566147473031320070e-01
9.545433652742162378e-01
