2.383081452811023127e+00
2.596591491285975994e+00
2.736863820586460161e+00
2.416480523169462824e+00
2.646827418306641366e+00
3.121972008093519158e+00
2.058969198915672649e+00
1.807738209249006411e+00
3.132129431601507363e+00
2.292145198150665308e+00
2.112970395279485381e+00
2.158489648483183032e+00
2.208921097549501944e+00
2.176455235035260838e+00
1.916495353413159242e+00
1.466165896224715715e+00
1.848856003991118602e+00
2.643836281484077233e+00
1.833336665749278893e+00
2.156942763839663435e+00
1.869631974388848539e+00
1.863219212350373244e+00
2.423192337514610717e+00
1.691531959405690788e+00
1.967391375282198096e+00
2.020248987764521331e+00
2.256173740301858022e+00
1.902943663315098899e+00
1.842501145985211197e+00
1.869656534423074445e+00
1.888916438127992814e+00
1.932657733409465672e+00
1.931514410855911912e+00
1.951880942281401632e+00
1.955663087853955817e+00
