6.200000000000000000e+01
6.200399999999999778e+01
6.200800000000000267e+01
6.201200000000000045e+01
6.201599999999999824e+01
6.202000000000000313e+01
6.202400000000000091e+01
6.202799999999999869e+01
6.203199999999999648e+01
6.203600000000000136e+01
6.203999999999999915e+01
6.204399999999999693e+01
6.204800000000000182e+01
6.205199999999999960e+01
6.205599999999999739e+01
6.206000000000000227e+01
6.206400000000000006e+01
6.206799999999999784e+01
6.207200000000000273e+01
6.207600000000000051e+01
6.207999999999999829e+01
6.208400000000000318e+01
6.208800000000000097e+01
6.209199999999999875e+01
6.209599999999999653e+01
6.210000000000000142e+01
6.210399999999999920e+01
6.210799999999999699e+01
6.211200000000000188e+01
6.211599999999999966e+01
6.211999999999999744e+01
6.212400000000000233e+01
6.212800000000000011e+01
6.213199999999999790e+01
6.213600000000000279e+01
6.214000000000000057e+01
6.214399999999999835e+01
6.214800000000000324e+01
6.215200000000000102e+01
6.215599999999999881e+01
6.215999999999999659e+01
6.216400000000000148e+01
6.216799999999999926e+01
6.217199999999999704e+01
6.217600000000000193e+01
6.217999999999999972e+01
6.218399999999999750e+01
6.218800000000000239e+01
6.219200000000000017e+01
6.219599999999999795e+01
6.220000000000000284e+01
6.220400000000000063e+01
6.220799999999999841e+01
6.221200000000000330e+01
6.221600000000000108e+01
6.221999999999999886e+01
6.222399999999999665e+01
6.222800000000000153e+01
6.223199999999999932e+01
6.223599999999999710e+01
6.224000000000000199e+01
6.224399999999999977e+01
6.224799999999999756e+01
6.225200000000000244e+01
6.225600000000000023e+01
6.225999999999999801e+01
6.226400000000000290e+01
6.226800000000000068e+01
6.227199999999999847e+01
6.227600000000000335e+01
6.228000000000000114e+01
6.228399999999999892e+01
6.228799999999999670e+01
6.229200000000000159e+01
6.229599999999999937e+01
6.229999999999999716e+01
6.230400000000000205e+01
6.230799999999999983e+01
6.231199999999999761e+01
6.231600000000000250e+01
6.232000000000000028e+01
6.232399999999999807e+01
6.232800000000000296e+01
6.233200000000000074e+01
6.233599999999999852e+01
6.234000000000000341e+01
6.234400000000000119e+01
6.234799999999999898e+01
6.235199999999999676e+01
6.235600000000000165e+01
6.235999999999999943e+01
6.236399999999999721e+01
6.236800000000000210e+01
6.237199999999999989e+01
6.237599999999999767e+01
6.238000000000000256e+01
6.238400000000000034e+01
6.238799999999999812e+01
6.239200000000000301e+01
6.239600000000000080e+01
6.239999999999999858e+01
6.240400000000000347e+01
6.240800000000000125e+01
6.241199999999999903e+01
6.241599999999999682e+01
6.242000000000000171e+01
6.242399999999999949e+01
6.242799999999999727e+01
6.243200000000000216e+01
6.243599999999999994e+01
6.243999999999999773e+01
6.244400000000000261e+01
6.244800000000000040e+01
6.245199999999999818e+01
6.245600000000000307e+01
6.246000000000000085e+01
6.246399999999999864e+01
6.246800000000000352e+01
6.247200000000000131e+01
6.247599999999999909e+01
6.247999999999999687e+01
6.248400000000000176e+01
6.248799999999999955e+01
6.249199999999999733e+01
6.249600000000000222e+01
6.250000000000000000e+01
6.250399999999999778e+01
6.250800000000000267e+01
6.251200000000000045e+01
6.251599999999999824e+01
6.252000000000000313e+01
6.252400000000000091e+01
6.252799999999999869e+01
6.253199999999999648e+01
6.253600000000000136e+01
6.253999999999999915e+01
6.254399999999999693e+01
6.254800000000000182e+01
6.255199999999999960e+01
6.255599999999999739e+01
6.256000000000000227e+01
6.256400000000000006e+01
6.256799999999999784e+01
6.257200000000000273e+01
6.257600000000000051e+01
6.257999999999999829e+01
6.258400000000000318e+01
6.258800000000000097e+01
6.259199999999999875e+01
6.259599999999999653e+01
6.260000000000000142e+01
6.260399999999999920e+01
6.260799999999999699e+01
6.261200000000000188e+01
6.261599999999999966e+01
6.261999999999999744e+01
6.262400000000000233e+01
6.262800000000000011e+01
6.263199999999999790e+01
6.263600000000000279e+01
6.264000000000000057e+01
6.264399999999999835e+01
6.264800000000000324e+01
6.265200000000000102e+01
6.265599999999999881e+01
6.265999999999999659e+01
6.266400000000000148e+01
6.266799999999999926e+01
6.267199999999999704e+01
6.267600000000000193e+01
6.267999999999999972e+01
6.268399999999999750e+01
6.268800000000000239e+01
6.269200000000000017e+01
6.269599999999999795e+01
6.270000000000000284e+01
6.270400000000000063e+01
6.270799999999999841e+01
6.271200000000000330e+01
6.271600000000000108e+01
6.271999999999999886e+01
6.272399999999999665e+01
6.272800000000000153e+01
6.273199999999999932e+01
6.273599999999999710e+01
6.274000000000000199e+01
6.274399999999999977e+01
6.274799999999999756e+01
6.275200000000000244e+01
6.275600000000000023e+01
6.275999999999999801e+01
6.276400000000000290e+01
6.276800000000000068e+01
6.277199999999999847e+01
6.277600000000000335e+01
6.278000000000000114e+01
6.278399999999999892e+01
6.278799999999999670e+01
6.279200000000000159e+01
6.279599999999999937e+01
6.279999999999999716e+01
6.280400000000000205e+01
6.280799999999999983e+01
6.281199999999999761e+01
6.281600000000000250e+01
6.282000000000000028e+01
6.282399999999999807e+01
6.282800000000000296e+01
6.283200000000000074e+01
6.283599999999999852e+01
6.284000000000000341e+01
6.284400000000000119e+01
6.284799999999999898e+01
6.285199999999999676e+01
6.285600000000000165e+01
6.285999999999999943e+01
6.286399999999999721e+01
6.286800000000000210e+01
6.287199999999999989e+01
6.287599999999999767e+01
6.288000000000000256e+01
6.288400000000000034e+01
6.288799999999999812e+01
6.289200000000000301e+01
6.289600000000000080e+01
6.289999999999999858e+01
6.290400000000000347e+01
6.290800000000000125e+01
6.291199999999999903e+01
6.291599999999999682e+01
6.292000000000000171e+01
6.292399999999999949e+01
6.292799999999999727e+01
6.293200000000000216e+01
6.293599999999999994e+01
6.293999999999999773e+01
6.294400000000000261e+01
6.294800000000000040e+01
6.295199999999999818e+01
6.295600000000000307e+01
6.296000000000000085e+01
6.296399999999999864e+01
6.296800000000000352e+01
6.297200000000000131e+01
6.297599999999999909e+01
6.297999999999999687e+01
6.298400000000000176e+01
6.298799999999999955e+01
6.299199999999999733e+01
6.299600000000000222e+01
6.300000000000000000e+01
6.300399999999999778e+01
6.300800000000000267e+01
6.301200000000000045e+01
6.301599999999999824e+01
6.302000000000000313e+01
6.302400000000000091e+01
6.302799999999999869e+01
6.303199999999999648e+01
6.303600000000000136e+01
6.303999999999999915e+01
6.304399999999999693e+01
6.304800000000000182e+01
6.305199999999999960e+01
6.305599999999999739e+01
6.306000000000000227e+01
6.306400000000000006e+01
6.306799999999999784e+01
6.307200000000000273e+01
6.307600000000000051e+01
6.307999999999999829e+01
6.308400000000000318e+01
6.308800000000000097e+01
6.309199999999999875e+01
6.309599999999999653e+01
6.310000000000000142e+01
6.310399999999999920e+01
6.310799999999999699e+01
6.311200000000000188e+01
6.311599999999999966e+01
6.311999999999999744e+01
6.312400000000000233e+01
6.312800000000000011e+01
6.313199999999999790e+01
6.313600000000000279e+01
6.314000000000000057e+01
6.314399999999999835e+01
6.314800000000000324e+01
6.315200000000000102e+01
6.315599999999999881e+01
6.315999999999999659e+01
6.316400000000000148e+01
6.316799999999999926e+01
6.317199999999999704e+01
6.317600000000000193e+01
6.317999999999999972e+01
6.318399999999999750e+01
6.318800000000000239e+01
6.319200000000000017e+01
6.319599999999999795e+01
6.320000000000000284e+01
6.320400000000000063e+01
6.320799999999999841e+01
6.321200000000000330e+01
6.321600000000000108e+01
6.321999999999999886e+01
6.322399999999999665e+01
6.322800000000000153e+01
6.323199999999999932e+01
6.323599999999999710e+01
6.324000000000000199e+01
6.324399999999999977e+01
6.324799999999999756e+01
6.325200000000000244e+01
6.325600000000000023e+01
6.325999999999999801e+01
6.326400000000000290e+01
6.326800000000000068e+01
6.327199999999999847e+01
6.327600000000000335e+01
6.328000000000000114e+01
6.328399999999999892e+01
6.328799999999999670e+01
6.329200000000000159e+01
6.329599999999999937e+01
6.329999999999999716e+01
6.330400000000000205e+01
6.330799999999999983e+01
6.331199999999999761e+01
6.331600000000000250e+01
6.332000000000000028e+01
6.332399999999999807e+01
6.332800000000000296e+01
6.333200000000000074e+01
6.333599999999999852e+01
6.334000000000000341e+01
6.334400000000000119e+01
6.334799999999999898e+01
6.335199999999999676e+01
6.335600000000000165e+01
6.335999999999999943e+01
6.336399999999999721e+01
6.336800000000000210e+01
6.337199999999999989e+01
6.337599999999999767e+01
6.338000000000000256e+01
6.338400000000000034e+01
6.338799999999999812e+01
6.339200000000000301e+01
6.339600000000000080e+01
6.339999999999999858e+01
6.340400000000000347e+01
6.340800000000000125e+01
6.341199999999999903e+01
6.341599999999999682e+01
6.342000000000000171e+01
6.342399999999999949e+01
6.342799999999999727e+01
6.343200000000000216e+01
6.343599999999999994e+01
6.343999999999999773e+01
6.344400000000000261e+01
6.344800000000000040e+01
6.345199999999999818e+01
6.345600000000000307e+01
6.346000000000000085e+01
6.346399999999999864e+01
6.346800000000000352e+01
6.347200000000000131e+01
6.347599999999999909e+01
6.347999999999999687e+01
6.348400000000000176e+01
6.348799999999999955e+01
6.349199999999999733e+01
6.349600000000000222e+01
6.350000000000000000e+01
6.350399999999999778e+01
6.350800000000000267e+01
6.351200000000000045e+01
6.351599999999999824e+01
6.352000000000000313e+01
6.352400000000000091e+01
6.352799999999999869e+01
6.353199999999999648e+01
6.353600000000000136e+01
6.353999999999999915e+01
6.354399999999999693e+01
6.354800000000000182e+01
6.355199999999999960e+01
6.355599999999999739e+01
6.356000000000000227e+01
6.356400000000000006e+01
6.356799999999999784e+01
6.357200000000000273e+01
6.357600000000000051e+01
6.357999999999999829e+01
6.358400000000000318e+01
6.358800000000000097e+01
6.359199999999999875e+01
6.359599999999999653e+01
6.360000000000000142e+01
6.360399999999999920e+01
6.360799999999999699e+01
6.361200000000000188e+01
6.361599999999999966e+01
6.361999999999999744e+01
6.362400000000000233e+01
6.362800000000000011e+01
6.363199999999999790e+01
6.363600000000000279e+01
6.364000000000000057e+01
6.364399999999999835e+01
6.364800000000000324e+01
6.365200000000000102e+01
6.365599999999999881e+01
6.365999999999999659e+01
6.366400000000000148e+01
6.366799999999999926e+01
6.367199999999999704e+01
6.367600000000000193e+01
6.367999999999999972e+01
6.368399999999999750e+01
6.368800000000000239e+01
6.369200000000000017e+01
6.369599999999999795e+01
6.370000000000000284e+01
6.370400000000000063e+01
6.370799999999999841e+01
6.371200000000000330e+01
6.371600000000000108e+01
6.371999999999999886e+01
6.372399999999999665e+01
6.372800000000000153e+01
6.373199999999999932e+01
6.373599999999999710e+01
6.374000000000000199e+01
6.374399999999999977e+01
6.374799999999999756e+01
6.375200000000000244e+01
6.375600000000000023e+01
6.375999999999999801e+01
6.376400000000000290e+01
6.376800000000000068e+01
6.377199999999999847e+01
6.377600000000000335e+01
6.378000000000000114e+01
6.378399999999999892e+01
6.378799999999999670e+01
6.379200000000000159e+01
6.379599999999999937e+01
6.379999999999999716e+01
6.380400000000000205e+01
6.380799999999999983e+01
6.381199999999999761e+01
6.381600000000000250e+01
6.382000000000000028e+01
6.382399999999999807e+01
6.382800000000000296e+01
6.383200000000000074e+01
6.383599999999999852e+01
6.384000000000000341e+01
6.384400000000000119e+01
6.384799999999999898e+01
6.385199999999999676e+01
6.385600000000000165e+01
6.385999999999999943e+01
6.386399999999999721e+01
6.386800000000000210e+01
6.387199999999999989e+01
6.387599999999999767e+01
6.388000000000000256e+01
6.388400000000000034e+01
6.388799999999999812e+01
6.389200000000000301e+01
6.389600000000000080e+01
6.389999999999999858e+01
6.390400000000000347e+01
6.390800000000000125e+01
6.391199999999999903e+01
6.391599999999999682e+01
6.392000000000000171e+01
6.392399999999999949e+01
6.392799999999999727e+01
6.393200000000000216e+01
6.393599999999999994e+01
6.393999999999999773e+01
6.394400000000000261e+01
6.394800000000000040e+01
6.395199999999999818e+01
6.395600000000000307e+01
6.396000000000000085e+01
6.396399999999999864e+01
6.396800000000000352e+01
6.397200000000000131e+01
6.397599999999999909e+01
6.397999999999999687e+01
6.398400000000000176e+01
6.398799999999999955e+01
6.399199999999999733e+01
6.399600000000000222e+01
6.400000000000000000e+01
