4.395000000000000000e+02
4.395004999999999882e+02
4.395009999999999764e+02
4.395015000000000214e+02
4.395020000000000095e+02
4.395024999999999977e+02
4.395029999999999859e+02
4.395034999999999741e+02
4.395040000000000191e+02
4.395045000000000073e+02
4.395049999999999955e+02
4.395054999999999836e+02
4.395059999999999718e+02
4.395065000000000168e+02
4.395070000000000050e+02
4.395074999999999932e+02
4.395079999999999814e+02
4.395085000000000264e+02
4.395090000000000146e+02
4.395095000000000027e+02
4.395099999999999909e+02
4.395104999999999791e+02
4.395110000000000241e+02
4.395115000000000123e+02
4.395120000000000005e+02
4.395124999999999886e+02
4.395129999999999768e+02
4.395135000000000218e+02
4.395140000000000100e+02
4.395144999999999982e+02
4.395149999999999864e+02
4.395154999999999745e+02
4.395160000000000196e+02
4.395165000000000077e+02
4.395169999999999959e+02
4.395174999999999841e+02
4.395179999999999723e+02
4.395185000000000173e+02
4.395190000000000055e+02
4.395194999999999936e+02
4.395199999999999818e+02
4.395205000000000268e+02
4.395210000000000150e+02
4.395215000000000032e+02
4.395219999999999914e+02
4.395224999999999795e+02
4.395230000000000246e+02
4.395235000000000127e+02
4.395240000000000009e+02
4.395244999999999891e+02
4.395249999999999773e+02
4.395255000000000223e+02
4.395260000000000105e+02
4.395264999999999986e+02
4.395269999999999868e+02
4.395274999999999750e+02
4.395280000000000200e+02
4.395285000000000082e+02
4.395289999999999964e+02
4.395294999999999845e+02
4.395299999999999727e+02
4.395305000000000177e+02
4.395310000000000059e+02
4.395314999999999941e+02
4.395319999999999823e+02
4.395325000000000273e+02
4.395330000000000155e+02
4.395335000000000036e+02
4.395339999999999918e+02
4.395344999999999800e+02
4.395350000000000250e+02
4.395355000000000132e+02
4.395360000000000014e+02
4.395364999999999895e+02
4.395369999999999777e+02
4.395375000000000227e+02
4.395380000000000109e+02
4.395384999999999991e+02
4.395389999999999873e+02
4.395394999999999754e+02
4.395400000000000205e+02
4.395405000000000086e+02
4.395409999999999968e+02
4.395414999999999850e+02
4.395419999999999732e+02
4.395425000000000182e+02
4.395430000000000064e+02
4.395434999999999945e+02
4.395439999999999827e+02
4.395445000000000277e+02
4.395450000000000159e+02
4.395455000000000041e+02
4.395459999999999923e+02
4.395464999999999804e+02
4.395470000000000255e+02
4.395475000000000136e+02
4.395480000000000018e+02
4.395484999999999900e+02
4.395489999999999782e+02
4.395495000000000232e+02
4.395500000000000114e+02
4.395504999999999995e+02
4.395509999999999877e+02
4.395514999999999759e+02
4.395520000000000209e+02
4.395525000000000091e+02
4.395529999999999973e+02
4.395534999999999854e+02
4.395539999999999736e+02
4.395545000000000186e+02
4.395550000000000068e+02
4.395554999999999950e+02
4.395559999999999832e+02
4.395565000000000282e+02
4.395570000000000164e+02
4.395575000000000045e+02
4.395579999999999927e+02
4.395584999999999809e+02
4.395590000000000259e+02
4.395595000000000141e+02
4.395600000000000023e+02
4.395604999999999905e+02
4.395609999999999786e+02
4.395615000000000236e+02
4.395620000000000118e+02
4.395625000000000000e+02
4.395629999999999882e+02
4.395634999999999764e+02
4.395640000000000214e+02
4.395645000000000095e+02
4.395649999999999977e+02
4.395654999999999859e+02
4.395659999999999741e+02
4.395665000000000191e+02
4.395670000000000073e+02
4.395674999999999955e+02
4.395679999999999836e+02
4.395684999999999718e+02
4.395690000000000168e+02
4.395695000000000050e+02
4.395699999999999932e+02
4.395704999999999814e+02
4.395710000000000264e+02
4.395715000000000146e+02
4.395720000000000027e+02
4.395724999999999909e+02
4.395729999999999791e+02
4.395735000000000241e+02
4.395740000000000123e+02
4.395745000000000005e+02
4.395749999999999886e+02
4.395754999999999768e+02
4.395760000000000218e+02
4.395765000000000100e+02
4.395769999999999982e+02
4.395774999999999864e+02
4.395779999999999745e+02
4.395785000000000196e+02
4.395790000000000077e+02
4.395794999999999959e+02
4.395799999999999841e+02
4.395804999999999723e+02
4.395810000000000173e+02
4.395815000000000055e+02
4.395819999999999936e+02
4.395824999999999818e+02
4.395830000000000268e+02
4.395835000000000150e+02
4.395840000000000032e+02
4.395844999999999914e+02
4.395849999999999795e+02
4.395855000000000246e+02
4.395860000000000127e+02
4.395865000000000009e+02
4.395869999999999891e+02
4.395874999999999773e+02
4.395880000000000223e+02
4.395885000000000105e+02
4.395889999999999986e+02
4.395894999999999868e+02
4.395899999999999750e+02
4.395905000000000200e+02
4.395910000000000082e+02
4.395914999999999964e+02
4.395919999999999845e+02
4.395924999999999727e+02
4.395930000000000177e+02
4.395935000000000059e+02
4.395939999999999941e+02
4.395944999999999823e+02
4.395950000000000273e+02
4.395955000000000155e+02
4.395960000000000036e+02
4.395964999999999918e+02
4.395969999999999800e+02
4.395975000000000250e+02
4.395980000000000132e+02
4.395985000000000014e+02
4.395989999999999895e+02
4.395994999999999777e+02
4.396000000000000227e+02
4.396005000000000109e+02
4.396009999999999991e+02
4.396014999999999873e+02
4.396019999999999754e+02
4.396025000000000205e+02
4.396030000000000086e+02
4.396034999999999968e+02
4.396039999999999850e+02
4.396044999999999732e+02
4.396050000000000182e+02
4.396055000000000064e+02
4.396059999999999945e+02
4.396064999999999827e+02
4.396070000000000277e+02
4.396075000000000159e+02
4.396080000000000041e+02
4.396084999999999923e+02
4.396089999999999804e+02
4.396095000000000255e+02
4.396100000000000136e+02
4.396105000000000018e+02
4.396109999999999900e+02
4.396114999999999782e+02
4.396120000000000232e+02
4.396125000000000114e+02
4.396129999999999995e+02
4.396134999999999877e+02
4.396139999999999759e+02
4.396145000000000209e+02
4.396150000000000091e+02
4.396154999999999973e+02
4.396159999999999854e+02
4.396164999999999736e+02
4.396170000000000186e+02
4.396175000000000068e+02
4.396179999999999950e+02
4.396184999999999832e+02
4.396190000000000282e+02
4.396195000000000164e+02
4.396200000000000045e+02
4.396204999999999927e+02
4.396209999999999809e+02
4.396215000000000259e+02
4.396220000000000141e+02
4.396225000000000023e+02
4.396229999999999905e+02
4.396234999999999786e+02
4.396240000000000236e+02
4.396245000000000118e+02
4.396250000000000000e+02
4.396254999999999882e+02
4.396259999999999764e+02
4.396265000000000214e+02
4.396270000000000095e+02
4.396274999999999977e+02
4.396279999999999859e+02
4.396284999999999741e+02
4.396290000000000191e+02
4.396295000000000073e+02
4.396299999999999955e+02
4.396304999999999836e+02
4.396309999999999718e+02
4.396315000000000168e+02
4.396320000000000050e+02
4.396324999999999932e+02
4.396329999999999814e+02
4.396335000000000264e+02
4.396340000000000146e+02
4.396345000000000027e+02
4.396349999999999909e+02
4.396354999999999791e+02
4.396360000000000241e+02
4.396365000000000123e+02
4.396370000000000005e+02
4.396374999999999886e+02
4.396379999999999768e+02
4.396385000000000218e+02
4.396390000000000100e+02
4.396394999999999982e+02
4.396399999999999864e+02
4.396404999999999745e+02
4.396410000000000196e+02
4.396415000000000077e+02
4.396419999999999959e+02
4.396424999999999841e+02
4.396429999999999723e+02
4.396435000000000173e+02
4.396440000000000055e+02
4.396444999999999936e+02
4.396449999999999818e+02
4.396455000000000268e+02
4.396460000000000150e+02
4.396465000000000032e+02
4.396469999999999914e+02
4.396474999999999795e+02
4.396480000000000246e+02
4.396485000000000127e+02
4.396490000000000009e+02
4.396494999999999891e+02
4.396499999999999773e+02
4.396505000000000223e+02
4.396510000000000105e+02
4.396514999999999986e+02
4.396519999999999868e+02
4.396524999999999750e+02
4.396530000000000200e+02
4.396535000000000082e+02
4.396539999999999964e+02
4.396544999999999845e+02
4.396549999999999727e+02
4.396555000000000177e+02
4.396560000000000059e+02
4.396564999999999941e+02
4.396569999999999823e+02
4.396575000000000273e+02
4.396580000000000155e+02
4.396585000000000036e+02
4.396589999999999918e+02
4.396594999999999800e+02
4.396600000000000250e+02
4.396605000000000132e+02
4.396610000000000014e+02
4.396614999999999895e+02
4.396619999999999777e+02
4.396625000000000227e+02
4.396630000000000109e+02
4.396634999999999991e+02
4.396639999999999873e+02
4.396644999999999754e+02
4.396650000000000205e+02
4.396655000000000086e+02
4.396659999999999968e+02
4.396664999999999850e+02
4.396669999999999732e+02
4.396675000000000182e+02
4.396680000000000064e+02
4.396684999999999945e+02
4.396689999999999827e+02
4.396695000000000277e+02
4.396700000000000159e+02
4.396705000000000041e+02
4.396709999999999923e+02
4.396714999999999804e+02
4.396720000000000255e+02
4.396725000000000136e+02
4.396730000000000018e+02
4.396734999999999900e+02
4.396739999999999782e+02
4.396745000000000232e+02
4.396750000000000114e+02
4.396754999999999995e+02
4.396759999999999877e+02
4.396764999999999759e+02
4.396770000000000209e+02
4.396775000000000091e+02
4.396779999999999973e+02
4.396784999999999854e+02
4.396789999999999736e+02
4.396795000000000186e+02
4.396800000000000068e+02
4.396804999999999950e+02
4.396809999999999832e+02
4.396815000000000282e+02
4.396820000000000164e+02
4.396825000000000045e+02
4.396829999999999927e+02
4.396834999999999809e+02
4.396840000000000259e+02
4.396845000000000141e+02
4.396850000000000023e+02
4.396854999999999905e+02
4.396859999999999786e+02
4.396865000000000236e+02
4.396870000000000118e+02
4.396875000000000000e+02
4.396879999999999882e+02
4.396884999999999764e+02
4.396890000000000214e+02
4.396895000000000095e+02
4.396899999999999977e+02
4.396904999999999859e+02
4.396909999999999741e+02
4.396915000000000191e+02
4.396920000000000073e+02
4.396924999999999955e+02
4.396929999999999836e+02
4.396934999999999718e+02
4.396940000000000168e+02
4.396945000000000050e+02
4.396949999999999932e+02
4.396954999999999814e+02
4.396960000000000264e+02
4.396965000000000146e+02
4.396970000000000027e+02
4.396974999999999909e+02
4.396979999999999791e+02
4.396985000000000241e+02
4.396990000000000123e+02
4.396995000000000005e+02
4.396999999999999886e+02
4.397004999999999768e+02
4.397010000000000218e+02
4.397015000000000100e+02
4.397019999999999982e+02
4.397024999999999864e+02
4.397029999999999745e+02
4.397035000000000196e+02
4.397040000000000077e+02
4.397044999999999959e+02
4.397049999999999841e+02
4.397054999999999723e+02
4.397060000000000173e+02
4.397065000000000055e+02
4.397069999999999936e+02
4.397074999999999818e+02
4.397080000000000268e+02
4.397085000000000150e+02
4.397090000000000032e+02
4.397094999999999914e+02
4.397099999999999795e+02
4.397105000000000246e+02
4.397110000000000127e+02
4.397115000000000009e+02
4.397119999999999891e+02
4.397124999999999773e+02
4.397130000000000223e+02
4.397135000000000105e+02
4.397139999999999986e+02
4.397144999999999868e+02
4.397149999999999750e+02
4.397155000000000200e+02
4.397160000000000082e+02
4.397164999999999964e+02
4.397169999999999845e+02
4.397174999999999727e+02
4.397180000000000177e+02
4.397185000000000059e+02
4.397189999999999941e+02
4.397194999999999823e+02
4.397200000000000273e+02
4.397205000000000155e+02
4.397210000000000036e+02
4.397214999999999918e+02
4.397219999999999800e+02
4.397225000000000250e+02
4.397230000000000132e+02
4.397235000000000014e+02
4.397239999999999895e+02
4.397244999999999777e+02
4.397250000000000227e+02
4.397255000000000109e+02
4.397259999999999991e+02
4.397264999999999873e+02
4.397269999999999754e+02
4.397275000000000205e+02
4.397280000000000086e+02
4.397284999999999968e+02
4.397289999999999850e+02
4.397294999999999732e+02
4.397300000000000182e+02
4.397305000000000064e+02
4.397309999999999945e+02
4.397314999999999827e+02
4.397320000000000277e+02
4.397325000000000159e+02
4.397330000000000041e+02
4.397334999999999923e+02
4.397339999999999804e+02
4.397345000000000255e+02
4.397350000000000136e+02
4.397355000000000018e+02
4.397359999999999900e+02
4.397364999999999782e+02
4.397370000000000232e+02
4.397375000000000114e+02
4.397379999999999995e+02
4.397384999999999877e+02
4.397389999999999759e+02
4.397395000000000209e+02
4.397400000000000091e+02
4.397404999999999973e+02
4.397409999999999854e+02
4.397414999999999736e+02
4.397420000000000186e+02
4.397425000000000068e+02
4.397429999999999950e+02
4.397434999999999832e+02
4.397440000000000282e+02
4.397445000000000164e+02
4.397450000000000045e+02
4.397454999999999927e+02
4.397459999999999809e+02
4.397465000000000259e+02
4.397470000000000141e+02
4.397475000000000023e+02
4.397479999999999905e+02
4.397484999999999786e+02
4.397490000000000236e+02
4.397495000000000118e+02
4.397500000000000000e+02
4.397504999999999882e+02
4.397509999999999764e+02
4.397515000000000214e+02
4.397520000000000095e+02
4.397524999999999977e+02
4.397529999999999859e+02
4.397534999999999741e+02
4.397540000000000191e+02
4.397545000000000073e+02
4.397549999999999955e+02
4.397554999999999836e+02
4.397559999999999718e+02
4.397565000000000168e+02
4.397570000000000050e+02
4.397574999999999932e+02
4.397579999999999814e+02
4.397585000000000264e+02
4.397590000000000146e+02
4.397595000000000027e+02
4.397599999999999909e+02
4.397604999999999791e+02
4.397610000000000241e+02
4.397615000000000123e+02
4.397620000000000005e+02
4.397624999999999886e+02
4.397629999999999768e+02
4.397635000000000218e+02
4.397640000000000100e+02
4.397644999999999982e+02
4.397649999999999864e+02
4.397654999999999745e+02
4.397660000000000196e+02
4.397665000000000077e+02
4.397669999999999959e+02
4.397674999999999841e+02
4.397679999999999723e+02
4.397685000000000173e+02
4.397690000000000055e+02
4.397694999999999936e+02
4.397699999999999818e+02
4.397705000000000268e+02
4.397710000000000150e+02
4.397715000000000032e+02
4.397719999999999914e+02
4.397724999999999795e+02
4.397730000000000246e+02
4.397735000000000127e+02
4.397740000000000009e+02
4.397744999999999891e+02
4.397749999999999773e+02
4.397755000000000223e+02
4.397760000000000105e+02
4.397764999999999986e+02
4.397769999999999868e+02
4.397774999999999750e+02
4.397780000000000200e+02
4.397785000000000082e+02
4.397789999999999964e+02
4.397794999999999845e+02
4.397799999999999727e+02
4.397805000000000177e+02
4.397810000000000059e+02
4.397814999999999941e+02
4.397819999999999823e+02
4.397825000000000273e+02
4.397830000000000155e+02
4.397835000000000036e+02
4.397839999999999918e+02
4.397844999999999800e+02
4.397850000000000250e+02
4.397855000000000132e+02
4.397860000000000014e+02
4.397864999999999895e+02
4.397869999999999777e+02
4.397875000000000227e+02
4.397880000000000109e+02
4.397884999999999991e+02
4.397889999999999873e+02
4.397894999999999754e+02
4.397900000000000205e+02
4.397905000000000086e+02
4.397909999999999968e+02
4.397914999999999850e+02
4.397919999999999732e+02
4.397925000000000182e+02
4.397930000000000064e+02
4.397934999999999945e+02
4.397939999999999827e+02
4.397945000000000277e+02
4.397950000000000159e+02
4.397955000000000041e+02
4.397959999999999923e+02
4.397964999999999804e+02
4.397970000000000255e+02
4.397975000000000136e+02
4.397980000000000018e+02
4.397984999999999900e+02
4.397989999999999782e+02
4.397995000000000232e+02
4.398000000000000114e+02
4.398004999999999995e+02
4.398009999999999877e+02
4.398014999999999759e+02
4.398020000000000209e+02
4.398025000000000091e+02
4.398029999999999973e+02
4.398034999999999854e+02
4.398039999999999736e+02
4.398045000000000186e+02
4.398050000000000068e+02
4.398054999999999950e+02
4.398059999999999832e+02
4.398065000000000282e+02
4.398070000000000164e+02
4.398075000000000045e+02
4.398079999999999927e+02
4.398084999999999809e+02
4.398090000000000259e+02
4.398095000000000141e+02
4.398100000000000023e+02
4.398104999999999905e+02
4.398109999999999786e+02
4.398115000000000236e+02
4.398120000000000118e+02
4.398125000000000000e+02
4.398129999999999882e+02
4.398134999999999764e+02
4.398140000000000214e+02
4.398145000000000095e+02
4.398149999999999977e+02
4.398154999999999859e+02
4.398159999999999741e+02
4.398165000000000191e+02
4.398170000000000073e+02
4.398174999999999955e+02
4.398179999999999836e+02
4.398184999999999718e+02
4.398190000000000168e+02
4.398195000000000050e+02
4.398199999999999932e+02
4.398204999999999814e+02
4.398210000000000264e+02
4.398215000000000146e+02
4.398220000000000027e+02
4.398224999999999909e+02
4.398229999999999791e+02
4.398235000000000241e+02
4.398240000000000123e+02
4.398245000000000005e+02
4.398249999999999886e+02
4.398254999999999768e+02
4.398260000000000218e+02
4.398265000000000100e+02
4.398269999999999982e+02
4.398274999999999864e+02
4.398279999999999745e+02
4.398285000000000196e+02
4.398290000000000077e+02
4.398294999999999959e+02
4.398299999999999841e+02
4.398304999999999723e+02
4.398310000000000173e+02
4.398315000000000055e+02
4.398319999999999936e+02
4.398324999999999818e+02
4.398330000000000268e+02
4.398335000000000150e+02
4.398340000000000032e+02
4.398344999999999914e+02
4.398349999999999795e+02
4.398355000000000246e+02
4.398360000000000127e+02
4.398365000000000009e+02
4.398369999999999891e+02
4.398374999999999773e+02
4.398380000000000223e+02
4.398385000000000105e+02
4.398389999999999986e+02
4.398394999999999868e+02
4.398399999999999750e+02
4.398405000000000200e+02
4.398410000000000082e+02
4.398414999999999964e+02
4.398419999999999845e+02
4.398424999999999727e+02
4.398430000000000177e+02
4.398435000000000059e+02
4.398439999999999941e+02
4.398444999999999823e+02
4.398450000000000273e+02
4.398455000000000155e+02
4.398460000000000036e+02
4.398464999999999918e+02
4.398469999999999800e+02
4.398475000000000250e+02
4.398480000000000132e+02
4.398485000000000014e+02
4.398489999999999895e+02
4.398494999999999777e+02
4.398500000000000227e+02
4.398505000000000109e+02
4.398509999999999991e+02
4.398514999999999873e+02
4.398519999999999754e+02
4.398525000000000205e+02
4.398530000000000086e+02
4.398534999999999968e+02
4.398539999999999850e+02
4.398544999999999732e+02
4.398550000000000182e+02
4.398555000000000064e+02
4.398559999999999945e+02
4.398564999999999827e+02
4.398570000000000277e+02
4.398575000000000159e+02
4.398580000000000041e+02
4.398584999999999923e+02
4.398589999999999804e+02
4.398595000000000255e+02
4.398600000000000136e+02
4.398605000000000018e+02
4.398609999999999900e+02
4.398614999999999782e+02
4.398620000000000232e+02
4.398625000000000114e+02
4.398629999999999995e+02
4.398634999999999877e+02
4.398639999999999759e+02
4.398645000000000209e+02
4.398650000000000091e+02
4.398654999999999973e+02
4.398659999999999854e+02
4.398664999999999736e+02
4.398670000000000186e+02
4.398675000000000068e+02
4.398679999999999950e+02
4.398684999999999832e+02
4.398690000000000282e+02
4.398695000000000164e+02
4.398700000000000045e+02
4.398704999999999927e+02
4.398709999999999809e+02
4.398715000000000259e+02
4.398720000000000141e+02
4.398725000000000023e+02
4.398729999999999905e+02
4.398734999999999786e+02
4.398740000000000236e+02
4.398745000000000118e+02
4.398750000000000000e+02
4.398754999999999882e+02
4.398759999999999764e+02
4.398765000000000214e+02
4.398770000000000095e+02
4.398774999999999977e+02
4.398779999999999859e+02
4.398784999999999741e+02
4.398790000000000191e+02
4.398795000000000073e+02
4.398799999999999955e+02
4.398804999999999836e+02
4.398809999999999718e+02
4.398815000000000168e+02
4.398820000000000050e+02
4.398824999999999932e+02
4.398829999999999814e+02
4.398835000000000264e+02
4.398840000000000146e+02
4.398845000000000027e+02
4.398849999999999909e+02
4.398854999999999791e+02
4.398860000000000241e+02
4.398865000000000123e+02
4.398870000000000005e+02
4.398874999999999886e+02
4.398879999999999768e+02
4.398885000000000218e+02
4.398890000000000100e+02
4.398894999999999982e+02
4.398899999999999864e+02
4.398904999999999745e+02
4.398910000000000196e+02
4.398915000000000077e+02
4.398919999999999959e+02
4.398924999999999841e+02
4.398929999999999723e+02
4.398935000000000173e+02
4.398940000000000055e+02
4.398944999999999936e+02
4.398949999999999818e+02
4.398955000000000268e+02
4.398960000000000150e+02
4.398965000000000032e+02
4.398969999999999914e+02
4.398974999999999795e+02
4.398980000000000246e+02
4.398985000000000127e+02
4.398990000000000009e+02
4.398994999999999891e+02
4.398999999999999773e+02
4.399005000000000223e+02
4.399010000000000105e+02
4.399014999999999986e+02
4.399019999999999868e+02
4.399024999999999750e+02
4.399030000000000200e+02
4.399035000000000082e+02
4.399039999999999964e+02
4.399044999999999845e+02
4.399049999999999727e+02
4.399055000000000177e+02
4.399060000000000059e+02
4.399064999999999941e+02
4.399069999999999823e+02
4.399075000000000273e+02
4.399080000000000155e+02
4.399085000000000036e+02
4.399089999999999918e+02
4.399094999999999800e+02
4.399100000000000250e+02
4.399105000000000132e+02
4.399110000000000014e+02
4.399114999999999895e+02
4.399119999999999777e+02
4.399125000000000227e+02
4.399130000000000109e+02
4.399134999999999991e+02
4.399139999999999873e+02
4.399144999999999754e+02
4.399150000000000205e+02
4.399155000000000086e+02
4.399159999999999968e+02
4.399164999999999850e+02
4.399169999999999732e+02
4.399175000000000182e+02
4.399180000000000064e+02
4.399184999999999945e+02
4.399189999999999827e+02
4.399195000000000277e+02
4.399200000000000159e+02
4.399205000000000041e+02
4.399209999999999923e+02
4.399214999999999804e+02
4.399220000000000255e+02
4.399225000000000136e+02
4.399230000000000018e+02
4.399234999999999900e+02
4.399239999999999782e+02
4.399245000000000232e+02
4.399250000000000114e+02
4.399254999999999995e+02
4.399259999999999877e+02
4.399264999999999759e+02
4.399270000000000209e+02
4.399275000000000091e+02
4.399279999999999973e+02
4.399284999999999854e+02
4.399289999999999736e+02
4.399295000000000186e+02
4.399300000000000068e+02
4.399304999999999950e+02
4.399309999999999832e+02
4.399315000000000282e+02
4.399320000000000164e+02
4.399325000000000045e+02
4.399329999999999927e+02
4.399334999999999809e+02
4.399340000000000259e+02
4.399345000000000141e+02
4.399350000000000023e+02
4.399354999999999905e+02
4.399359999999999786e+02
4.399365000000000236e+02
4.399370000000000118e+02
4.399375000000000000e+02
4.399379999999999882e+02
4.399384999999999764e+02
4.399390000000000214e+02
4.399395000000000095e+02
4.399399999999999977e+02
4.399404999999999859e+02
4.399409999999999741e+02
4.399415000000000191e+02
4.399420000000000073e+02
4.399424999999999955e+02
4.399429999999999836e+02
4.399434999999999718e+02
4.399440000000000168e+02
4.399445000000000050e+02
4.399449999999999932e+02
4.399454999999999814e+02
4.399460000000000264e+02
4.399465000000000146e+02
4.399470000000000027e+02
4.399474999999999909e+02
4.399479999999999791e+02
4.399485000000000241e+02
4.399490000000000123e+02
4.399495000000000005e+02
4.399499999999999886e+02
4.399504999999999768e+02
4.399510000000000218e+02
4.399515000000000100e+02
4.399519999999999982e+02
4.399524999999999864e+02
4.399529999999999745e+02
4.399535000000000196e+02
4.399540000000000077e+02
4.399544999999999959e+02
4.399549999999999841e+02
4.399554999999999723e+02
4.399560000000000173e+02
4.399565000000000055e+02
4.399569999999999936e+02
4.399574999999999818e+02
4.399580000000000268e+02
4.399585000000000150e+02
4.399590000000000032e+02
4.399594999999999914e+02
4.399599999999999795e+02
4.399605000000000246e+02
4.399610000000000127e+02
4.399615000000000009e+02
4.399619999999999891e+02
4.399624999999999773e+02
4.399630000000000223e+02
4.399635000000000105e+02
4.399639999999999986e+02
4.399644999999999868e+02
4.399649999999999750e+02
4.399655000000000200e+02
4.399660000000000082e+02
4.399664999999999964e+02
4.399669999999999845e+02
4.399674999999999727e+02
4.399680000000000177e+02
4.399685000000000059e+02
4.399689999999999941e+02
4.399694999999999823e+02
4.399700000000000273e+02
4.399705000000000155e+02
4.399710000000000036e+02
4.399714999999999918e+02
4.399719999999999800e+02
4.399725000000000250e+02
4.399730000000000132e+02
4.399735000000000014e+02
4.399739999999999895e+02
4.399744999999999777e+02
4.399750000000000227e+02
4.399755000000000109e+02
4.399759999999999991e+02
4.399764999999999873e+02
4.399769999999999754e+02
4.399775000000000205e+02
4.399780000000000086e+02
4.399784999999999968e+02
4.399789999999999850e+02
4.399794999999999732e+02
4.399800000000000182e+02
4.399805000000000064e+02
4.399809999999999945e+02
4.399814999999999827e+02
4.399820000000000277e+02
4.399825000000000159e+02
4.399830000000000041e+02
4.399834999999999923e+02
4.399839999999999804e+02
4.399845000000000255e+02
4.399850000000000136e+02
4.399855000000000018e+02
4.399859999999999900e+02
4.399864999999999782e+02
4.399870000000000232e+02
4.399875000000000114e+02
4.399879999999999995e+02
4.399884999999999877e+02
4.399889999999999759e+02
4.399895000000000209e+02
4.399900000000000091e+02
4.399904999999999973e+02
4.399909999999999854e+02
4.399914999999999736e+02
4.399920000000000186e+02
4.399925000000000068e+02
4.399929999999999950e+02
4.399934999999999832e+02
4.399940000000000282e+02
4.399945000000000164e+02
4.399950000000000045e+02
4.399954999999999927e+02
4.399959999999999809e+02
4.399965000000000259e+02
4.399970000000000141e+02
4.399975000000000023e+02
4.399979999999999905e+02
4.399984999999999786e+02
4.399990000000000236e+02
4.399995000000000118e+02
4.400000000000000000e+02
4.400004999999999882e+02
4.400009999999999764e+02
4.400015000000000214e+02
4.400020000000000095e+02
4.400024999999999977e+02
4.400029999999999859e+02
4.400034999999999741e+02
4.400040000000000191e+02
4.400045000000000073e+02
4.400049999999999955e+02
4.400054999999999836e+02
4.400059999999999718e+02
4.400065000000000168e+02
4.400070000000000050e+02
4.400074999999999932e+02
4.400079999999999814e+02
4.400085000000000264e+02
4.400090000000000146e+02
4.400095000000000027e+02
4.400099999999999909e+02
4.400104999999999791e+02
4.400110000000000241e+02
4.400115000000000123e+02
4.400120000000000005e+02
4.400124999999999886e+02
4.400129999999999768e+02
4.400135000000000218e+02
4.400140000000000100e+02
4.400144999999999982e+02
4.400149999999999864e+02
4.400154999999999745e+02
4.400160000000000196e+02
4.400165000000000077e+02
4.400169999999999959e+02
4.400174999999999841e+02
4.400179999999999723e+02
4.400185000000000173e+02
4.400190000000000055e+02
4.400194999999999936e+02
4.400199999999999818e+02
4.400205000000000268e+02
4.400210000000000150e+02
4.400215000000000032e+02
4.400219999999999914e+02
4.400224999999999795e+02
4.400230000000000246e+02
4.400235000000000127e+02
4.400240000000000009e+02
4.400244999999999891e+02
4.400249999999999773e+02
4.400255000000000223e+02
4.400260000000000105e+02
4.400264999999999986e+02
4.400269999999999868e+02
4.400274999999999750e+02
4.400280000000000200e+02
4.400285000000000082e+02
4.400289999999999964e+02
4.400294999999999845e+02
4.400299999999999727e+02
4.400305000000000177e+02
4.400310000000000059e+02
4.400314999999999941e+02
4.400319999999999823e+02
4.400325000000000273e+02
4.400330000000000155e+02
4.400335000000000036e+02
4.400339999999999918e+02
4.400344999999999800e+02
4.400350000000000250e+02
4.400355000000000132e+02
4.400360000000000014e+02
4.400364999999999895e+02
4.400369999999999777e+02
4.400375000000000227e+02
4.400380000000000109e+02
4.400384999999999991e+02
4.400389999999999873e+02
4.400394999999999754e+02
4.400400000000000205e+02
4.400405000000000086e+02
4.400409999999999968e+02
4.400414999999999850e+02
4.400419999999999732e+02
4.400425000000000182e+02
4.400430000000000064e+02
4.400434999999999945e+02
4.400439999999999827e+02
4.400445000000000277e+02
4.400450000000000159e+02
4.400455000000000041e+02
4.400459999999999923e+02
4.400464999999999804e+02
4.400470000000000255e+02
4.400475000000000136e+02
4.400480000000000018e+02
4.400484999999999900e+02
4.400489999999999782e+02
4.400495000000000232e+02
4.400500000000000114e+02
4.400504999999999995e+02
4.400509999999999877e+02
4.400514999999999759e+02
4.400520000000000209e+02
4.400525000000000091e+02
4.400529999999999973e+02
4.400534999999999854e+02
4.400539999999999736e+02
4.400545000000000186e+02
4.400550000000000068e+02
4.400554999999999950e+02
4.400559999999999832e+02
4.400565000000000282e+02
4.400570000000000164e+02
4.400575000000000045e+02
4.400579999999999927e+02
4.400584999999999809e+02
4.400590000000000259e+02
4.400595000000000141e+02
4.400600000000000023e+02
4.400604999999999905e+02
4.400609999999999786e+02
4.400615000000000236e+02
4.400620000000000118e+02
4.400625000000000000e+02
4.400629999999999882e+02
4.400634999999999764e+02
4.400640000000000214e+02
4.400645000000000095e+02
4.400649999999999977e+02
4.400654999999999859e+02
4.400659999999999741e+02
4.400665000000000191e+02
4.400670000000000073e+02
4.400674999999999955e+02
4.400679999999999836e+02
4.400684999999999718e+02
4.400690000000000168e+02
4.400695000000000050e+02
4.400699999999999932e+02
4.400704999999999814e+02
4.400710000000000264e+02
4.400715000000000146e+02
4.400720000000000027e+02
4.400724999999999909e+02
4.400729999999999791e+02
4.400735000000000241e+02
4.400740000000000123e+02
4.400745000000000005e+02
4.400749999999999886e+02
4.400754999999999768e+02
4.400760000000000218e+02
4.400765000000000100e+02
4.400769999999999982e+02
4.400774999999999864e+02
4.400779999999999745e+02
4.400785000000000196e+02
4.400790000000000077e+02
4.400794999999999959e+02
4.400799999999999841e+02
4.400804999999999723e+02
4.400810000000000173e+02
4.400815000000000055e+02
4.400819999999999936e+02
4.400824999999999818e+02
4.400830000000000268e+02
4.400835000000000150e+02
4.400840000000000032e+02
4.400844999999999914e+02
4.400849999999999795e+02
4.400855000000000246e+02
4.400860000000000127e+02
4.400865000000000009e+02
4.400869999999999891e+02
4.400874999999999773e+02
4.400880000000000223e+02
4.400885000000000105e+02
4.400889999999999986e+02
4.400894999999999868e+02
4.400899999999999750e+02
4.400905000000000200e+02
4.400910000000000082e+02
4.400914999999999964e+02
4.400919999999999845e+02
4.400924999999999727e+02
4.400930000000000177e+02
4.400935000000000059e+02
4.400939999999999941e+02
4.400944999999999823e+02
4.400950000000000273e+02
4.400955000000000155e+02
4.400960000000000036e+02
4.400964999999999918e+02
4.400969999999999800e+02
4.400975000000000250e+02
4.400980000000000132e+02
4.400985000000000014e+02
4.400989999999999895e+02
4.400994999999999777e+02
4.401000000000000227e+02
4.401005000000000109e+02
4.401009999999999991e+02
4.401014999999999873e+02
4.401019999999999754e+02
4.401025000000000205e+02
4.401030000000000086e+02
4.401034999999999968e+02
4.401039999999999850e+02
4.401044999999999732e+02
4.401050000000000182e+02
4.401055000000000064e+02
4.401059999999999945e+02
4.401064999999999827e+02
4.401070000000000277e+02
4.401075000000000159e+02
4.401080000000000041e+02
4.401084999999999923e+02
4.401089999999999804e+02
4.401095000000000255e+02
4.401100000000000136e+02
4.401105000000000018e+02
4.401109999999999900e+02
4.401114999999999782e+02
4.401120000000000232e+02
4.401125000000000114e+02
4.401129999999999995e+02
4.401134999999999877e+02
4.401139999999999759e+02
4.401145000000000209e+02
4.401150000000000091e+02
4.401154999999999973e+02
4.401159999999999854e+02
4.401164999999999736e+02
4.401170000000000186e+02
4.401175000000000068e+02
4.401179999999999950e+02
4.401184999999999832e+02
4.401190000000000282e+02
4.401195000000000164e+02
4.401200000000000045e+02
4.401204999999999927e+02
4.401209999999999809e+02
4.401215000000000259e+02
4.401220000000000141e+02
4.401225000000000023e+02
4.401229999999999905e+02
4.401234999999999786e+02
4.401240000000000236e+02
4.401245000000000118e+02
4.401250000000000000e+02
4.401254999999999882e+02
4.401259999999999764e+02
4.401265000000000214e+02
4.401270000000000095e+02
4.401274999999999977e+02
4.401279999999999859e+02
4.401284999999999741e+02
4.401290000000000191e+02
4.401295000000000073e+02
4.401299999999999955e+02
4.401304999999999836e+02
4.401309999999999718e+02
4.401315000000000168e+02
4.401320000000000050e+02
4.401324999999999932e+02
4.401329999999999814e+02
4.401335000000000264e+02
4.401340000000000146e+02
4.401345000000000027e+02
4.401349999999999909e+02
4.401354999999999791e+02
4.401360000000000241e+02
4.401365000000000123e+02
4.401370000000000005e+02
4.401374999999999886e+02
4.401379999999999768e+02
4.401385000000000218e+02
4.401390000000000100e+02
4.401394999999999982e+02
4.401399999999999864e+02
4.401404999999999745e+02
4.401410000000000196e+02
4.401415000000000077e+02
4.401419999999999959e+02
4.401424999999999841e+02
4.401429999999999723e+02
4.401435000000000173e+02
4.401440000000000055e+02
4.401444999999999936e+02
4.401449999999999818e+02
4.401455000000000268e+02
4.401460000000000150e+02
4.401465000000000032e+02
4.401469999999999914e+02
4.401474999999999795e+02
4.401480000000000246e+02
4.401485000000000127e+02
4.401490000000000009e+02
4.401494999999999891e+02
4.401499999999999773e+02
4.401505000000000223e+02
4.401510000000000105e+02
4.401514999999999986e+02
4.401519999999999868e+02
4.401524999999999750e+02
4.401530000000000200e+02
4.401535000000000082e+02
4.401539999999999964e+02
4.401544999999999845e+02
4.401549999999999727e+02
4.401555000000000177e+02
4.401560000000000059e+02
4.401564999999999941e+02
4.401569999999999823e+02
4.401575000000000273e+02
4.401580000000000155e+02
4.401585000000000036e+02
4.401589999999999918e+02
4.401594999999999800e+02
4.401600000000000250e+02
4.401605000000000132e+02
4.401610000000000014e+02
4.401614999999999895e+02
4.401619999999999777e+02
4.401625000000000227e+02
4.401630000000000109e+02
4.401634999999999991e+02
4.401639999999999873e+02
4.401644999999999754e+02
4.401650000000000205e+02
4.401655000000000086e+02
4.401659999999999968e+02
4.401664999999999850e+02
4.401669999999999732e+02
4.401675000000000182e+02
4.401680000000000064e+02
4.401684999999999945e+02
4.401689999999999827e+02
4.401695000000000277e+02
4.401700000000000159e+02
4.401705000000000041e+02
4.401709999999999923e+02
4.401714999999999804e+02
4.401720000000000255e+02
4.401725000000000136e+02
4.401730000000000018e+02
4.401734999999999900e+02
4.401739999999999782e+02
4.401745000000000232e+02
4.401750000000000114e+02
4.401754999999999995e+02
4.401759999999999877e+02
4.401764999999999759e+02
4.401770000000000209e+02
4.401775000000000091e+02
4.401779999999999973e+02
4.401784999999999854e+02
4.401789999999999736e+02
4.401795000000000186e+02
4.401800000000000068e+02
4.401804999999999950e+02
4.401809999999999832e+02
4.401815000000000282e+02
4.401820000000000164e+02
4.401825000000000045e+02
4.401829999999999927e+02
4.401834999999999809e+02
4.401840000000000259e+02
4.401845000000000141e+02
4.401850000000000023e+02
4.401854999999999905e+02
4.401859999999999786e+02
4.401865000000000236e+02
4.401870000000000118e+02
4.401875000000000000e+02
4.401879999999999882e+02
4.401884999999999764e+02
4.401890000000000214e+02
4.401895000000000095e+02
4.401899999999999977e+02
4.401904999999999859e+02
4.401909999999999741e+02
4.401915000000000191e+02
4.401920000000000073e+02
4.401924999999999955e+02
4.401929999999999836e+02
4.401934999999999718e+02
4.401940000000000168e+02
4.401945000000000050e+02
4.401949999999999932e+02
4.401954999999999814e+02
4.401960000000000264e+02
4.401965000000000146e+02
4.401970000000000027e+02
4.401974999999999909e+02
4.401979999999999791e+02
4.401985000000000241e+02
4.401990000000000123e+02
4.401995000000000005e+02
4.401999999999999886e+02
4.402004999999999768e+02
4.402010000000000218e+02
4.402015000000000100e+02
4.402019999999999982e+02
4.402024999999999864e+02
4.402029999999999745e+02
4.402035000000000196e+02
4.402040000000000077e+02
4.402044999999999959e+02
4.402049999999999841e+02
4.402054999999999723e+02
4.402060000000000173e+02
4.402065000000000055e+02
4.402069999999999936e+02
4.402074999999999818e+02
4.402080000000000268e+02
4.402085000000000150e+02
4.402090000000000032e+02
4.402094999999999914e+02
4.402099999999999795e+02
4.402105000000000246e+02
4.402110000000000127e+02
4.402115000000000009e+02
4.402119999999999891e+02
4.402124999999999773e+02
4.402130000000000223e+02
4.402135000000000105e+02
4.402139999999999986e+02
4.402144999999999868e+02
4.402149999999999750e+02
4.402155000000000200e+02
4.402160000000000082e+02
4.402164999999999964e+02
4.402169999999999845e+02
4.402174999999999727e+02
4.402180000000000177e+02
4.402185000000000059e+02
4.402189999999999941e+02
4.402194999999999823e+02
4.402200000000000273e+02
4.402205000000000155e+02
4.402210000000000036e+02
4.402214999999999918e+02
4.402219999999999800e+02
4.402225000000000250e+02
4.402230000000000132e+02
4.402235000000000014e+02
4.402239999999999895e+02
4.402244999999999777e+02
4.402250000000000227e+02
4.402255000000000109e+02
4.402259999999999991e+02
4.402264999999999873e+02
4.402269999999999754e+02
4.402275000000000205e+02
4.402280000000000086e+02
4.402284999999999968e+02
4.402289999999999850e+02
4.402294999999999732e+02
4.402300000000000182e+02
4.402305000000000064e+02
4.402309999999999945e+02
4.402314999999999827e+02
4.402320000000000277e+02
4.402325000000000159e+02
4.402330000000000041e+02
4.402334999999999923e+02
4.402339999999999804e+02
4.402345000000000255e+02
4.402350000000000136e+02
4.402355000000000018e+02
4.402359999999999900e+02
4.402364999999999782e+02
4.402370000000000232e+02
4.402375000000000114e+02
4.402379999999999995e+02
4.402384999999999877e+02
4.402389999999999759e+02
4.402395000000000209e+02
4.402400000000000091e+02
4.402404999999999973e+02
4.402409999999999854e+02
4.402414999999999736e+02
4.402420000000000186e+02
4.402425000000000068e+02
4.402429999999999950e+02
4.402434999999999832e+02
4.402440000000000282e+02
4.402445000000000164e+02
4.402450000000000045e+02
4.402454999999999927e+02
4.402459999999999809e+02
4.402465000000000259e+02
4.402470000000000141e+02
4.402475000000000023e+02
4.402479999999999905e+02
4.402484999999999786e+02
4.402490000000000236e+02
4.402495000000000118e+02
4.402500000000000000e+02
4.402504999999999882e+02
4.402509999999999764e+02
4.402515000000000214e+02
4.402520000000000095e+02
4.402524999999999977e+02
4.402529999999999859e+02
4.402534999999999741e+02
4.402540000000000191e+02
4.402545000000000073e+02
4.402549999999999955e+02
4.402554999999999836e+02
4.402559999999999718e+02
4.402565000000000168e+02
4.402570000000000050e+02
4.402574999999999932e+02
4.402579999999999814e+02
4.402585000000000264e+02
4.402590000000000146e+02
4.402595000000000027e+02
4.402599999999999909e+02
4.402604999999999791e+02
4.402610000000000241e+02
4.402615000000000123e+02
4.402620000000000005e+02
4.402624999999999886e+02
4.402629999999999768e+02
4.402635000000000218e+02
4.402640000000000100e+02
4.402644999999999982e+02
4.402649999999999864e+02
4.402654999999999745e+02
4.402660000000000196e+02
4.402665000000000077e+02
4.402669999999999959e+02
4.402674999999999841e+02
4.402679999999999723e+02
4.402685000000000173e+02
4.402690000000000055e+02
4.402694999999999936e+02
4.402699999999999818e+02
4.402705000000000268e+02
4.402710000000000150e+02
4.402715000000000032e+02
4.402719999999999914e+02
4.402724999999999795e+02
4.402730000000000246e+02
4.402735000000000127e+02
4.402740000000000009e+02
4.402744999999999891e+02
4.402749999999999773e+02
4.402755000000000223e+02
4.402760000000000105e+02
4.402764999999999986e+02
4.402769999999999868e+02
4.402774999999999750e+02
4.402780000000000200e+02
4.402785000000000082e+02
4.402789999999999964e+02
4.402794999999999845e+02
4.402799999999999727e+02
4.402805000000000177e+02
4.402810000000000059e+02
4.402814999999999941e+02
4.402819999999999823e+02
4.402825000000000273e+02
4.402830000000000155e+02
4.402835000000000036e+02
4.402839999999999918e+02
4.402844999999999800e+02
4.402850000000000250e+02
4.402855000000000132e+02
4.402860000000000014e+02
4.402864999999999895e+02
4.402869999999999777e+02
4.402875000000000227e+02
4.402880000000000109e+02
4.402884999999999991e+02
4.402889999999999873e+02
4.402894999999999754e+02
4.402900000000000205e+02
4.402905000000000086e+02
4.402909999999999968e+02
4.402914999999999850e+02
4.402919999999999732e+02
4.402925000000000182e+02
4.402930000000000064e+02
4.402934999999999945e+02
4.402939999999999827e+02
4.402945000000000277e+02
4.402950000000000159e+02
4.402955000000000041e+02
4.402959999999999923e+02
4.402964999999999804e+02
4.402970000000000255e+02
4.402975000000000136e+02
4.402980000000000018e+02
4.402984999999999900e+02
4.402989999999999782e+02
4.402995000000000232e+02
4.403000000000000114e+02
4.403004999999999995e+02
4.403009999999999877e+02
4.403014999999999759e+02
4.403020000000000209e+02
4.403025000000000091e+02
4.403029999999999973e+02
4.403034999999999854e+02
4.403039999999999736e+02
4.403045000000000186e+02
4.403050000000000068e+02
4.403054999999999950e+02
4.403059999999999832e+02
4.403065000000000282e+02
4.403070000000000164e+02
4.403075000000000045e+02
4.403079999999999927e+02
4.403084999999999809e+02
4.403090000000000259e+02
4.403095000000000141e+02
4.403100000000000023e+02
4.403104999999999905e+02
4.403109999999999786e+02
4.403115000000000236e+02
4.403120000000000118e+02
4.403125000000000000e+02
4.403129999999999882e+02
4.403134999999999764e+02
4.403140000000000214e+02
4.403145000000000095e+02
4.403149999999999977e+02
4.403154999999999859e+02
4.403159999999999741e+02
4.403165000000000191e+02
4.403170000000000073e+02
4.403174999999999955e+02
4.403179999999999836e+02
4.403184999999999718e+02
4.403190000000000168e+02
4.403195000000000050e+02
4.403199999999999932e+02
4.403204999999999814e+02
4.403210000000000264e+02
4.403215000000000146e+02
4.403220000000000027e+02
4.403224999999999909e+02
4.403229999999999791e+02
4.403235000000000241e+02
4.403240000000000123e+02
4.403245000000000005e+02
4.403249999999999886e+02
4.403254999999999768e+02
4.403260000000000218e+02
4.403265000000000100e+02
4.403269999999999982e+02
4.403274999999999864e+02
4.403279999999999745e+02
4.403285000000000196e+02
4.403290000000000077e+02
4.403294999999999959e+02
4.403299999999999841e+02
4.403304999999999723e+02
4.403310000000000173e+02
4.403315000000000055e+02
4.403319999999999936e+02
4.403324999999999818e+02
4.403330000000000268e+02
4.403335000000000150e+02
4.403340000000000032e+02
4.403344999999999914e+02
4.403349999999999795e+02
4.403355000000000246e+02
4.403360000000000127e+02
4.403365000000000009e+02
4.403369999999999891e+02
4.403374999999999773e+02
4.403380000000000223e+02
4.403385000000000105e+02
4.403389999999999986e+02
4.403394999999999868e+02
4.403399999999999750e+02
4.403405000000000200e+02
4.403410000000000082e+02
4.403414999999999964e+02
4.403419999999999845e+02
4.403424999999999727e+02
4.403430000000000177e+02
4.403435000000000059e+02
4.403439999999999941e+02
4.403444999999999823e+02
4.403450000000000273e+02
4.403455000000000155e+02
4.403460000000000036e+02
4.403464999999999918e+02
4.403469999999999800e+02
4.403475000000000250e+02
4.403480000000000132e+02
4.403485000000000014e+02
4.403489999999999895e+02
4.403494999999999777e+02
4.403500000000000227e+02
4.403505000000000109e+02
4.403509999999999991e+02
4.403514999999999873e+02
4.403519999999999754e+02
4.403525000000000205e+02
4.403530000000000086e+02
4.403534999999999968e+02
4.403539999999999850e+02
4.403544999999999732e+02
4.403550000000000182e+02
4.403555000000000064e+02
4.403559999999999945e+02
4.403564999999999827e+02
4.403570000000000277e+02
4.403575000000000159e+02
4.403580000000000041e+02
4.403584999999999923e+02
4.403589999999999804e+02
4.403595000000000255e+02
4.403600000000000136e+02
4.403605000000000018e+02
4.403609999999999900e+02
4.403614999999999782e+02
4.403620000000000232e+02
4.403625000000000114e+02
4.403629999999999995e+02
4.403634999999999877e+02
4.403639999999999759e+02
4.403645000000000209e+02
4.403650000000000091e+02
4.403654999999999973e+02
4.403659999999999854e+02
4.403664999999999736e+02
4.403670000000000186e+02
4.403675000000000068e+02
4.403679999999999950e+02
4.403684999999999832e+02
4.403690000000000282e+02
4.403695000000000164e+02
4.403700000000000045e+02
4.403704999999999927e+02
4.403709999999999809e+02
4.403715000000000259e+02
4.403720000000000141e+02
4.403725000000000023e+02
4.403729999999999905e+02
4.403734999999999786e+02
4.403740000000000236e+02
4.403745000000000118e+02
4.403750000000000000e+02
4.403754999999999882e+02
4.403759999999999764e+02
4.403765000000000214e+02
4.403770000000000095e+02
4.403774999999999977e+02
4.403779999999999859e+02
4.403784999999999741e+02
4.403790000000000191e+02
4.403795000000000073e+02
4.403799999999999955e+02
4.403804999999999836e+02
4.403809999999999718e+02
4.403815000000000168e+02
4.403820000000000050e+02
4.403824999999999932e+02
4.403829999999999814e+02
4.403835000000000264e+02
4.403840000000000146e+02
4.403845000000000027e+02
4.403849999999999909e+02
4.403854999999999791e+02
4.403860000000000241e+02
4.403865000000000123e+02
4.403870000000000005e+02
4.403874999999999886e+02
4.403879999999999768e+02
4.403885000000000218e+02
4.403890000000000100e+02
4.403894999999999982e+02
4.403899999999999864e+02
4.403904999999999745e+02
4.403910000000000196e+02
4.403915000000000077e+02
4.403919999999999959e+02
4.403924999999999841e+02
4.403929999999999723e+02
4.403935000000000173e+02
4.403940000000000055e+02
4.403944999999999936e+02
4.403949999999999818e+02
4.403955000000000268e+02
4.403960000000000150e+02
4.403965000000000032e+02
4.403969999999999914e+02
4.403974999999999795e+02
4.403980000000000246e+02
4.403985000000000127e+02
4.403990000000000009e+02
4.403994999999999891e+02
4.403999999999999773e+02
4.404005000000000223e+02
4.404010000000000105e+02
4.404014999999999986e+02
4.404019999999999868e+02
4.404024999999999750e+02
4.404030000000000200e+02
4.404035000000000082e+02
4.404039999999999964e+02
4.404044999999999845e+02
4.404049999999999727e+02
4.404055000000000177e+02
4.404060000000000059e+02
4.404064999999999941e+02
4.404069999999999823e+02
4.404075000000000273e+02
4.404080000000000155e+02
4.404085000000000036e+02
4.404089999999999918e+02
4.404094999999999800e+02
4.404100000000000250e+02
4.404105000000000132e+02
4.404110000000000014e+02
4.404114999999999895e+02
4.404119999999999777e+02
4.404125000000000227e+02
4.404130000000000109e+02
4.404134999999999991e+02
4.404139999999999873e+02
4.404144999999999754e+02
4.404150000000000205e+02
4.404155000000000086e+02
4.404159999999999968e+02
4.404164999999999850e+02
4.404169999999999732e+02
4.404175000000000182e+02
4.404180000000000064e+02
4.404184999999999945e+02
4.404189999999999827e+02
4.404195000000000277e+02
4.404200000000000159e+02
4.404205000000000041e+02
4.404209999999999923e+02
4.404214999999999804e+02
4.404220000000000255e+02
4.404225000000000136e+02
4.404230000000000018e+02
4.404234999999999900e+02
4.404239999999999782e+02
4.404245000000000232e+02
4.404250000000000114e+02
4.404254999999999995e+02
4.404259999999999877e+02
4.404264999999999759e+02
4.404270000000000209e+02
4.404275000000000091e+02
4.404279999999999973e+02
4.404284999999999854e+02
4.404289999999999736e+02
4.404295000000000186e+02
4.404300000000000068e+02
4.404304999999999950e+02
4.404309999999999832e+02
4.404315000000000282e+02
4.404320000000000164e+02
4.404325000000000045e+02
4.404329999999999927e+02
4.404334999999999809e+02
4.404340000000000259e+02
4.404345000000000141e+02
4.404350000000000023e+02
4.404354999999999905e+02
4.404359999999999786e+02
4.404365000000000236e+02
4.404370000000000118e+02
4.404375000000000000e+02
4.404379999999999882e+02
4.404384999999999764e+02
4.404390000000000214e+02
4.404395000000000095e+02
4.404399999999999977e+02
4.404404999999999859e+02
4.404409999999999741e+02
4.404415000000000191e+02
4.404420000000000073e+02
4.404424999999999955e+02
4.404429999999999836e+02
4.404434999999999718e+02
4.404440000000000168e+02
4.404445000000000050e+02
4.404449999999999932e+02
4.404454999999999814e+02
4.404460000000000264e+02
4.404465000000000146e+02
4.404470000000000027e+02
4.404474999999999909e+02
4.404479999999999791e+02
4.404485000000000241e+02
4.404490000000000123e+02
4.404495000000000005e+02
4.404499999999999886e+02
4.404504999999999768e+02
4.404510000000000218e+02
4.404515000000000100e+02
4.404519999999999982e+02
4.404524999999999864e+02
4.404529999999999745e+02
4.404535000000000196e+02
4.404540000000000077e+02
4.404544999999999959e+02
4.404549999999999841e+02
4.404554999999999723e+02
4.404560000000000173e+02
4.404565000000000055e+02
4.404569999999999936e+02
4.404574999999999818e+02
4.404580000000000268e+02
4.404585000000000150e+02
4.404590000000000032e+02
4.404594999999999914e+02
4.404599999999999795e+02
4.404605000000000246e+02
4.404610000000000127e+02
4.404615000000000009e+02
4.404619999999999891e+02
4.404624999999999773e+02
4.404630000000000223e+02
4.404635000000000105e+02
4.404639999999999986e+02
4.404644999999999868e+02
4.404649999999999750e+02
4.404655000000000200e+02
4.404660000000000082e+02
4.404664999999999964e+02
4.404669999999999845e+02
4.404674999999999727e+02
4.404680000000000177e+02
4.404685000000000059e+02
4.404689999999999941e+02
4.404694999999999823e+02
4.404700000000000273e+02
4.404705000000000155e+02
4.404710000000000036e+02
4.404714999999999918e+02
4.404719999999999800e+02
4.404725000000000250e+02
4.404730000000000132e+02
4.404735000000000014e+02
4.404739999999999895e+02
4.404744999999999777e+02
4.404750000000000227e+02
4.404755000000000109e+02
4.404759999999999991e+02
4.404764999999999873e+02
4.404769999999999754e+02
4.404775000000000205e+02
4.404780000000000086e+02
4.404784999999999968e+02
4.404789999999999850e+02
4.404794999999999732e+02
4.404800000000000182e+02
4.404805000000000064e+02
4.404809999999999945e+02
4.404814999999999827e+02
4.404820000000000277e+02
4.404825000000000159e+02
4.404830000000000041e+02
4.404834999999999923e+02
4.404839999999999804e+02
4.404845000000000255e+02
4.404850000000000136e+02
4.404855000000000018e+02
4.404859999999999900e+02
4.404864999999999782e+02
4.404870000000000232e+02
4.404875000000000114e+02
4.404879999999999995e+02
4.404884999999999877e+02
4.404889999999999759e+02
4.404895000000000209e+02
4.404900000000000091e+02
4.404904999999999973e+02
4.404909999999999854e+02
4.404914999999999736e+02
4.404920000000000186e+02
4.404925000000000068e+02
4.404929999999999950e+02
4.404934999999999832e+02
4.404940000000000282e+02
4.404945000000000164e+02
4.404950000000000045e+02
4.404954999999999927e+02
4.404959999999999809e+02
4.404965000000000259e+02
4.404970000000000141e+02
4.404975000000000023e+02
4.404979999999999905e+02
4.404984999999999786e+02
4.404990000000000236e+02
4.404995000000000118e+02
4.405000000000000000e+02
