2.930712799536355107e+00
2.879313400102748943e+00
3.000947900703461624e+00
3.096602784389490992e+00
2.612207559103055576e+00
2.899644986015857295e+00
3.029223761166575990e+00
2.758672630333822706e+00
2.406644948012982788e+00
2.582979672319112741e+00
3.047864460058893332e+00
2.819032800361319868e+00
2.738245462522947982e+00
2.537595333193829461e+00
2.734847460490628990e+00
2.600532728510981162e+00
2.026045805599640204e+00
1.692703078425096264e+00
1.988699318261987870e+00
2.119301439613387572e+00
2.313255524036616162e+00
2.619685064053652646e+00
2.147683540220556075e+00
1.916838669684082674e+00
1.758863816961272253e+00
2.124747261601639181e+00
2.283238523382131291e+00
2.306738810780468718e+00
2.096828498847742583e+00
2.138851532145605638e+00
2.081143893895177399e+00
1.796317589361263067e+00
2.084358293165039289e+00
2.258855748891689608e+00
2.214096270874508221e+00
2.453049948187152829e+00
2.580906688459215559e+00
2.033467824557658954e+00
1.498362029771554527e+00
1.910857379794946187e+00
1.979657343785290680e+00
1.929604018271316557e+00
1.821806643111865354e+00
1.853822385278814489e+00
1.344831438600454510e+00
1.227936940251595388e+00
1.761163189792191774e+00
2.116112434541671750e+00
1.781364859237379861e+00
1.715951218311665416e+00
2.010421682242672148e+00
1.851064184150005065e+00
1.240375513767191684e+00
1.451264951568415507e+00
1.587291088584674936e+00
1.563377631839143689e+00
2.228782040821099208e+00
1.880959949533225650e+00
1.411425800042551026e+00
1.618595364783851576e+00
1.423299280035208891e+00
1.352109495267314720e+00
1.800809778264524708e+00
2.017528415722150026e+00
1.626295892544276311e+00
1.255753281895205742e+00
9.912269626201271056e-01
1.199187810937637488e+00
1.904309107870054252e+00
1.387561080040798256e+00
1.000991200139076165e+00
1.051437405246392842e+00
1.259741374016683624e+00
1.490267740041260280e+00
1.389712012997309953e+00
1.175281218766024871e+00
1.571803947463283446e+00
1.504788917726513908e+00
1.357547830290995794e+00
1.211249117559414223e+00
1.149711032188380999e+00
1.156780565440143294e+00
1.118483815666585057e+00
1.205470320836985021e+00
1.297987739695605658e+00
1.216466308963413567e+00
1.131174716431430527e+00
1.244413543520157761e+00
1.002450435796022221e+00
1.045477175186679375e+00
1.096760034638414538e+00
8.545828442621853371e-01
9.807520823963850054e-01
1.148401475095901292e+00
1.013335344023149176e+00
1.073190306870680288e+00
9.742485448220401523e-01
9.882488650898260119e-01
1.034712693518399673e+00
9.578438470087700107e-01
9.545354900019664690e-01
