4.400000000000000000e+02
4.399975000000000023e+02
4.399950000000000045e+02
4.399925000000000068e+02
4.399900000000000091e+02
4.399875000000000114e+02
4.399850000000000136e+02
4.399825000000000159e+02
4.399800000000000182e+02
4.399775000000000205e+02
4.399750000000000227e+02
4.399725000000000250e+02
4.399700000000000273e+02
4.399674999999999727e+02
4.399649999999999750e+02
4.399624999999999773e+02
4.399599999999999795e+02
4.399574999999999818e+02
4.399549999999999841e+02
4.399524999999999864e+02
4.399499999999999886e+02
4.399474999999999909e+02
4.399449999999999932e+02
4.399424999999999955e+02
4.399399999999999977e+02
4.399375000000000000e+02
4.399350000000000023e+02
4.399325000000000045e+02
4.399300000000000068e+02
4.399275000000000091e+02
4.399250000000000114e+02
4.399225000000000136e+02
4.399200000000000159e+02
4.399175000000000182e+02
4.399150000000000205e+02
4.399125000000000227e+02
4.399100000000000250e+02
4.399075000000000273e+02
4.399049999999999727e+02
4.399024999999999750e+02
4.398999999999999773e+02
4.398974999999999795e+02
4.398949999999999818e+02
4.398924999999999841e+02
4.398899999999999864e+02
4.398874999999999886e+02
4.398849999999999909e+02
4.398824999999999932e+02
4.398799999999999955e+02
4.398774999999999977e+02
4.398750000000000000e+02
4.398725000000000023e+02
4.398700000000000045e+02
4.398675000000000068e+02
4.398650000000000091e+02
4.398625000000000114e+02
4.398600000000000136e+02
4.398575000000000159e+02
4.398550000000000182e+02
4.398525000000000205e+02
4.398500000000000227e+02
4.398475000000000250e+02
4.398450000000000273e+02
4.398424999999999727e+02
4.398399999999999750e+02
4.398374999999999773e+02
4.398349999999999795e+02
4.398324999999999818e+02
4.398299999999999841e+02
4.398274999999999864e+02
4.398249999999999886e+02
4.398224999999999909e+02
4.398199999999999932e+02
4.398174999999999955e+02
4.398149999999999977e+02
4.398125000000000000e+02
4.398100000000000023e+02
4.398075000000000045e+02
4.398050000000000068e+02
4.398025000000000091e+02
4.398000000000000114e+02
4.397975000000000136e+02
4.397950000000000159e+02
4.397925000000000182e+02
4.397900000000000205e+02
4.397875000000000227e+02
4.397850000000000250e+02
4.397825000000000273e+02
4.397799999999999727e+02
4.397774999999999750e+02
4.397749999999999773e+02
4.397724999999999795e+02
4.397699999999999818e+02
4.397674999999999841e+02
4.397649999999999864e+02
4.397624999999999886e+02
4.397599999999999909e+02
4.397574999999999932e+02
4.397549999999999955e+02
4.397524999999999977e+02
4.397500000000000000e+02
4.397475000000000023e+02
4.397450000000000045e+02
4.397425000000000068e+02
4.397400000000000091e+02
4.397375000000000114e+02
4.397350000000000136e+02
4.397325000000000159e+02
4.397300000000000182e+02
4.397275000000000205e+02
4.397250000000000227e+02
4.397225000000000250e+02
4.397200000000000273e+02
4.397174999999999727e+02
4.397149999999999750e+02
4.397124999999999773e+02
4.397099999999999795e+02
4.397074999999999818e+02
4.397049999999999841e+02
4.397024999999999864e+02
4.396999999999999886e+02
4.396974999999999909e+02
4.396949999999999932e+02
4.396924999999999955e+02
4.396899999999999977e+02
4.396875000000000000e+02
4.396850000000000023e+02
4.396825000000000045e+02
4.396800000000000068e+02
4.396775000000000091e+02
4.396750000000000114e+02
4.396725000000000136e+02
4.396700000000000159e+02
4.396675000000000182e+02
4.396650000000000205e+02
4.396625000000000227e+02
4.396600000000000250e+02
4.396575000000000273e+02
4.396549999999999727e+02
4.396524999999999750e+02
4.396499999999999773e+02
4.396474999999999795e+02
4.396449999999999818e+02
4.396424999999999841e+02
4.396399999999999864e+02
4.396374999999999886e+02
4.396349999999999909e+02
4.396324999999999932e+02
4.396299999999999955e+02
4.396274999999999977e+02
4.396250000000000000e+02
4.396225000000000023e+02
4.396200000000000045e+02
4.396175000000000068e+02
4.396150000000000091e+02
4.396125000000000114e+02
4.396100000000000136e+02
4.396075000000000159e+02
4.396050000000000182e+02
4.396025000000000205e+02
4.396000000000000227e+02
4.395975000000000250e+02
4.395950000000000273e+02
4.395924999999999727e+02
4.395899999999999750e+02
4.395874999999999773e+02
4.395849999999999795e+02
4.395824999999999818e+02
4.395799999999999841e+02
4.395774999999999864e+02
4.395749999999999886e+02
4.395724999999999909e+02
4.395699999999999932e+02
4.395674999999999955e+02
4.395649999999999977e+02
4.395625000000000000e+02
4.395600000000000023e+02
4.395575000000000045e+02
4.395550000000000068e+02
4.395525000000000091e+02
4.395500000000000114e+02
4.395475000000000136e+02
4.395450000000000159e+02
4.395425000000000182e+02
4.395400000000000205e+02
4.395375000000000227e+02
4.395350000000000250e+02
4.395325000000000273e+02
4.395299999999999727e+02
4.395274999999999750e+02
4.395249999999999773e+02
4.395224999999999795e+02
4.395199999999999818e+02
4.395174999999999841e+02
4.395149999999999864e+02
4.395124999999999886e+02
4.395099999999999909e+02
4.395074999999999932e+02
4.395049999999999955e+02
4.395024999999999977e+02
4.395000000000000000e+02
4.394975000000000023e+02
4.394950000000000045e+02
4.394925000000000068e+02
4.394900000000000091e+02
4.394875000000000114e+02
4.394850000000000136e+02
4.394825000000000159e+02
4.394800000000000182e+02
4.394775000000000205e+02
4.394750000000000227e+02
4.394725000000000250e+02
4.394700000000000273e+02
4.394674999999999727e+02
4.394649999999999750e+02
4.394624999999999773e+02
4.394599999999999795e+02
4.394574999999999818e+02
4.394549999999999841e+02
4.394524999999999864e+02
4.394499999999999886e+02
4.394474999999999909e+02
4.394449999999999932e+02
4.394424999999999955e+02
4.394399999999999977e+02
4.394375000000000000e+02
4.394350000000000023e+02
4.394325000000000045e+02
4.394300000000000068e+02
4.394275000000000091e+02
4.394250000000000114e+02
4.394225000000000136e+02
4.394200000000000159e+02
4.394175000000000182e+02
4.394150000000000205e+02
4.394125000000000227e+02
4.394100000000000250e+02
4.394075000000000273e+02
4.394049999999999727e+02
4.394024999999999750e+02
4.393999999999999773e+02
4.393974999999999795e+02
4.393949999999999818e+02
4.393924999999999841e+02
4.393899999999999864e+02
4.393874999999999886e+02
4.393849999999999909e+02
4.393824999999999932e+02
4.393799999999999955e+02
4.393774999999999977e+02
4.393750000000000000e+02
4.393725000000000023e+02
4.393700000000000045e+02
4.393675000000000068e+02
4.393650000000000091e+02
4.393625000000000114e+02
4.393600000000000136e+02
4.393575000000000159e+02
4.393550000000000182e+02
4.393525000000000205e+02
4.393500000000000227e+02
4.393475000000000250e+02
4.393450000000000273e+02
4.393424999999999727e+02
4.393399999999999750e+02
4.393374999999999773e+02
4.393349999999999795e+02
4.393324999999999818e+02
4.393299999999999841e+02
4.393274999999999864e+02
4.393249999999999886e+02
4.393224999999999909e+02
4.393199999999999932e+02
4.393174999999999955e+02
4.393149999999999977e+02
4.393125000000000000e+02
4.393100000000000023e+02
4.393075000000000045e+02
4.393050000000000068e+02
4.393025000000000091e+02
4.393000000000000114e+02
4.392975000000000136e+02
4.392950000000000159e+02
4.392925000000000182e+02
4.392900000000000205e+02
4.392875000000000227e+02
4.392850000000000250e+02
4.392825000000000273e+02
4.392799999999999727e+02
4.392774999999999750e+02
4.392749999999999773e+02
4.392724999999999795e+02
4.392699999999999818e+02
4.392674999999999841e+02
4.392649999999999864e+02
4.392624999999999886e+02
4.392599999999999909e+02
4.392574999999999932e+02
4.392549999999999955e+02
4.392524999999999977e+02
4.392500000000000000e+02
4.392475000000000023e+02
4.392450000000000045e+02
4.392425000000000068e+02
4.392400000000000091e+02
4.392375000000000114e+02
4.392350000000000136e+02
4.392325000000000159e+02
4.392300000000000182e+02
4.392275000000000205e+02
4.392250000000000227e+02
4.392225000000000250e+02
4.392200000000000273e+02
4.392174999999999727e+02
4.392149999999999750e+02
4.392124999999999773e+02
4.392099999999999795e+02
4.392074999999999818e+02
4.392049999999999841e+02
4.392024999999999864e+02
4.391999999999999886e+02
4.391974999999999909e+02
4.391949999999999932e+02
4.391924999999999955e+02
4.391899999999999977e+02
4.391875000000000000e+02
4.391850000000000023e+02
4.391825000000000045e+02
4.391800000000000068e+02
4.391775000000000091e+02
4.391750000000000114e+02
4.391725000000000136e+02
4.391700000000000159e+02
4.391675000000000182e+02
4.391650000000000205e+02
4.391625000000000227e+02
4.391600000000000250e+02
4.391575000000000273e+02
4.391549999999999727e+02
4.391524999999999750e+02
4.391499999999999773e+02
4.391474999999999795e+02
4.391449999999999818e+02
4.391424999999999841e+02
4.391399999999999864e+02
4.391374999999999886e+02
4.391349999999999909e+02
4.391324999999999932e+02
4.391299999999999955e+02
4.391274999999999977e+02
4.391250000000000000e+02
4.391225000000000023e+02
4.391200000000000045e+02
4.391175000000000068e+02
4.391150000000000091e+02
4.391125000000000114e+02
4.391100000000000136e+02
4.391075000000000159e+02
4.391050000000000182e+02
4.391025000000000205e+02
4.391000000000000227e+02
4.390975000000000250e+02
4.390950000000000273e+02
4.390924999999999727e+02
4.390899999999999750e+02
4.390874999999999773e+02
4.390849999999999795e+02
4.390824999999999818e+02
4.390799999999999841e+02
4.390774999999999864e+02
4.390749999999999886e+02
4.390724999999999909e+02
4.390699999999999932e+02
4.390674999999999955e+02
4.390649999999999977e+02
4.390625000000000000e+02
4.390600000000000023e+02
4.390575000000000045e+02
4.390550000000000068e+02
4.390525000000000091e+02
4.390500000000000114e+02
4.390475000000000136e+02
4.390450000000000159e+02
4.390425000000000182e+02
4.390400000000000205e+02
4.390375000000000227e+02
4.390350000000000250e+02
4.390325000000000273e+02
4.390299999999999727e+02
4.390274999999999750e+02
4.390249999999999773e+02
4.390224999999999795e+02
4.390199999999999818e+02
4.390174999999999841e+02
4.390149999999999864e+02
4.390124999999999886e+02
4.390099999999999909e+02
4.390074999999999932e+02
4.390049999999999955e+02
4.390024999999999977e+02
4.390000000000000000e+02
4.389975000000000023e+02
4.389950000000000045e+02
4.389925000000000068e+02
4.389900000000000091e+02
4.389875000000000114e+02
4.389850000000000136e+02
4.389825000000000159e+02
4.389800000000000182e+02
4.389775000000000205e+02
4.389750000000000227e+02
4.389725000000000250e+02
4.389700000000000273e+02
4.389674999999999727e+02
4.389649999999999750e+02
4.389624999999999773e+02
4.389599999999999795e+02
4.389574999999999818e+02
4.389549999999999841e+02
4.389524999999999864e+02
4.389499999999999886e+02
4.389474999999999909e+02
4.389449999999999932e+02
4.389424999999999955e+02
4.389399999999999977e+02
4.389375000000000000e+02
4.389350000000000023e+02
4.389325000000000045e+02
4.389300000000000068e+02
4.389275000000000091e+02
4.389250000000000114e+02
4.389225000000000136e+02
4.389200000000000159e+02
4.389175000000000182e+02
4.389150000000000205e+02
4.389125000000000227e+02
4.389100000000000250e+02
4.389075000000000273e+02
4.389049999999999727e+02
4.389024999999999750e+02
4.388999999999999773e+02
4.388974999999999795e+02
4.388949999999999818e+02
4.388924999999999841e+02
4.388899999999999864e+02
4.388874999999999886e+02
4.388849999999999909e+02
4.388824999999999932e+02
4.388799999999999955e+02
4.388774999999999977e+02
4.388750000000000000e+02
4.388725000000000023e+02
4.388700000000000045e+02
4.388675000000000068e+02
4.388650000000000091e+02
4.388625000000000114e+02
4.388600000000000136e+02
4.388575000000000159e+02
4.388550000000000182e+02
4.388525000000000205e+02
4.388500000000000227e+02
4.388475000000000250e+02
4.388450000000000273e+02
4.388424999999999727e+02
4.388399999999999750e+02
4.388374999999999773e+02
4.388349999999999795e+02
4.388324999999999818e+02
4.388299999999999841e+02
4.388274999999999864e+02
4.388249999999999886e+02
4.388224999999999909e+02
4.388199999999999932e+02
4.388174999999999955e+02
4.388149999999999977e+02
4.388125000000000000e+02
4.388100000000000023e+02
4.388075000000000045e+02
4.388050000000000068e+02
4.388025000000000091e+02
4.388000000000000114e+02
4.387975000000000136e+02
4.387950000000000159e+02
4.387925000000000182e+02
4.387900000000000205e+02
4.387875000000000227e+02
4.387850000000000250e+02
4.387825000000000273e+02
4.387799999999999727e+02
4.387774999999999750e+02
4.387749999999999773e+02
4.387724999999999795e+02
4.387699999999999818e+02
4.387674999999999841e+02
4.387649999999999864e+02
4.387624999999999886e+02
4.387599999999999909e+02
4.387574999999999932e+02
4.387549999999999955e+02
4.387524999999999977e+02
4.387500000000000000e+02
4.387475000000000023e+02
4.387450000000000045e+02
4.387425000000000068e+02
4.387400000000000091e+02
4.387375000000000114e+02
4.387350000000000136e+02
4.387325000000000159e+02
4.387300000000000182e+02
4.387275000000000205e+02
4.387250000000000227e+02
4.387225000000000250e+02
4.387200000000000273e+02
4.387174999999999727e+02
4.387149999999999750e+02
4.387124999999999773e+02
4.387099999999999795e+02
4.387074999999999818e+02
4.387049999999999841e+02
4.387024999999999864e+02
4.386999999999999886e+02
4.386974999999999909e+02
4.386949999999999932e+02
4.386924999999999955e+02
4.386899999999999977e+02
4.386875000000000000e+02
4.386850000000000023e+02
4.386825000000000045e+02
4.386800000000000068e+02
4.386775000000000091e+02
4.386750000000000114e+02
4.386725000000000136e+02
4.386700000000000159e+02
4.386675000000000182e+02
4.386650000000000205e+02
4.386625000000000227e+02
4.386600000000000250e+02
4.386575000000000273e+02
4.386549999999999727e+02
4.386524999999999750e+02
4.386499999999999773e+02
4.386474999999999795e+02
4.386449999999999818e+02
4.386424999999999841e+02
4.386399999999999864e+02
4.386374999999999886e+02
4.386349999999999909e+02
4.386324999999999932e+02
4.386299999999999955e+02
4.386274999999999977e+02
4.386250000000000000e+02
4.386225000000000023e+02
4.386200000000000045e+02
4.386175000000000068e+02
4.386150000000000091e+02
4.386125000000000114e+02
4.386100000000000136e+02
4.386075000000000159e+02
4.386050000000000182e+02
4.386025000000000205e+02
4.386000000000000227e+02
4.385975000000000250e+02
4.385950000000000273e+02
4.385924999999999727e+02
4.385899999999999750e+02
4.385874999999999773e+02
4.385849999999999795e+02
4.385824999999999818e+02
4.385799999999999841e+02
4.385774999999999864e+02
4.385749999999999886e+02
4.385724999999999909e+02
4.385699999999999932e+02
4.385674999999999955e+02
4.385649999999999977e+02
4.385625000000000000e+02
4.385600000000000023e+02
4.385575000000000045e+02
4.385550000000000068e+02
4.385525000000000091e+02
4.385500000000000114e+02
4.385475000000000136e+02
4.385450000000000159e+02
4.385425000000000182e+02
4.385400000000000205e+02
4.385375000000000227e+02
4.385350000000000250e+02
4.385325000000000273e+02
4.385299999999999727e+02
4.385274999999999750e+02
4.385249999999999773e+02
4.385224999999999795e+02
4.385199999999999818e+02
4.385174999999999841e+02
4.385149999999999864e+02
4.385124999999999886e+02
4.385099999999999909e+02
4.385074999999999932e+02
4.385049999999999955e+02
4.385024999999999977e+02
4.385000000000000000e+02
4.384975000000000023e+02
4.384950000000000045e+02
4.384925000000000068e+02
4.384900000000000091e+02
4.384875000000000114e+02
4.384850000000000136e+02
4.384825000000000159e+02
4.384800000000000182e+02
4.384775000000000205e+02
4.384750000000000227e+02
4.384725000000000250e+02
4.384700000000000273e+02
4.384674999999999727e+02
4.384649999999999750e+02
4.384624999999999773e+02
4.384599999999999795e+02
4.384574999999999818e+02
4.384549999999999841e+02
4.384524999999999864e+02
4.384499999999999886e+02
4.384474999999999909e+02
4.384449999999999932e+02
4.384424999999999955e+02
4.384399999999999977e+02
4.384375000000000000e+02
4.384350000000000023e+02
4.384325000000000045e+02
4.384300000000000068e+02
4.384275000000000091e+02
4.384250000000000114e+02
4.384225000000000136e+02
4.384200000000000159e+02
4.384175000000000182e+02
4.384150000000000205e+02
4.384125000000000227e+02
4.384100000000000250e+02
4.384075000000000273e+02
4.384049999999999727e+02
4.384024999999999750e+02
4.383999999999999773e+02
4.383974999999999795e+02
4.383949999999999818e+02
4.383924999999999841e+02
4.383899999999999864e+02
4.383874999999999886e+02
4.383849999999999909e+02
4.383824999999999932e+02
4.383799999999999955e+02
4.383774999999999977e+02
4.383750000000000000e+02
4.383725000000000023e+02
4.383700000000000045e+02
4.383675000000000068e+02
4.383650000000000091e+02
4.383625000000000114e+02
4.383600000000000136e+02
4.383575000000000159e+02
4.383550000000000182e+02
4.383525000000000205e+02
4.383500000000000227e+02
4.383475000000000250e+02
4.383450000000000273e+02
4.383424999999999727e+02
4.383399999999999750e+02
4.383374999999999773e+02
4.383349999999999795e+02
4.383324999999999818e+02
4.383299999999999841e+02
4.383274999999999864e+02
4.383249999999999886e+02
4.383224999999999909e+02
4.383199999999999932e+02
4.383174999999999955e+02
4.383149999999999977e+02
4.383125000000000000e+02
4.383100000000000023e+02
4.383075000000000045e+02
4.383050000000000068e+02
4.383025000000000091e+02
4.383000000000000114e+02
4.382975000000000136e+02
4.382950000000000159e+02
4.382925000000000182e+02
4.382900000000000205e+02
4.382875000000000227e+02
4.382850000000000250e+02
4.382825000000000273e+02
4.382799999999999727e+02
4.382774999999999750e+02
4.382749999999999773e+02
4.382724999999999795e+02
4.382699999999999818e+02
4.382674999999999841e+02
4.382649999999999864e+02
4.382624999999999886e+02
4.382599999999999909e+02
4.382574999999999932e+02
4.382549999999999955e+02
4.382524999999999977e+02
4.382500000000000000e+02
4.382475000000000023e+02
4.382450000000000045e+02
4.382425000000000068e+02
4.382400000000000091e+02
4.382375000000000114e+02
4.382350000000000136e+02
4.382325000000000159e+02
4.382300000000000182e+02
4.382275000000000205e+02
4.382250000000000227e+02
4.382225000000000250e+02
4.382200000000000273e+02
4.382174999999999727e+02
4.382149999999999750e+02
4.382124999999999773e+02
4.382099999999999795e+02
4.382074999999999818e+02
4.382049999999999841e+02
4.382024999999999864e+02
4.381999999999999886e+02
4.381974999999999909e+02
4.381949999999999932e+02
4.381924999999999955e+02
4.381899999999999977e+02
4.381875000000000000e+02
4.381850000000000023e+02
4.381825000000000045e+02
4.381800000000000068e+02
4.381775000000000091e+02
4.381750000000000114e+02
4.381725000000000136e+02
4.381700000000000159e+02
4.381675000000000182e+02
4.381650000000000205e+02
4.381625000000000227e+02
4.381600000000000250e+02
4.381575000000000273e+02
4.381549999999999727e+02
4.381524999999999750e+02
4.381499999999999773e+02
4.381474999999999795e+02
4.381449999999999818e+02
4.381424999999999841e+02
4.381399999999999864e+02
4.381374999999999886e+02
4.381349999999999909e+02
4.381324999999999932e+02
4.381299999999999955e+02
4.381274999999999977e+02
4.381250000000000000e+02
4.381225000000000023e+02
4.381200000000000045e+02
4.381175000000000068e+02
4.381150000000000091e+02
4.381125000000000114e+02
4.381100000000000136e+02
4.381075000000000159e+02
4.381050000000000182e+02
4.381025000000000205e+02
4.381000000000000227e+02
4.380975000000000250e+02
4.380950000000000273e+02
4.380924999999999727e+02
4.380899999999999750e+02
4.380874999999999773e+02
4.380849999999999795e+02
4.380824999999999818e+02
4.380799999999999841e+02
4.380774999999999864e+02
4.380749999999999886e+02
4.380724999999999909e+02
4.380699999999999932e+02
4.380674999999999955e+02
4.380649999999999977e+02
4.380625000000000000e+02
4.380600000000000023e+02
4.380575000000000045e+02
4.380550000000000068e+02
4.380525000000000091e+02
4.380500000000000114e+02
4.380475000000000136e+02
4.380450000000000159e+02
4.380425000000000182e+02
4.380400000000000205e+02
4.380375000000000227e+02
4.380350000000000250e+02
4.380325000000000273e+02
4.380299999999999727e+02
4.380274999999999750e+02
4.380249999999999773e+02
4.380224999999999795e+02
4.380199999999999818e+02
4.380174999999999841e+02
4.380149999999999864e+02
4.380124999999999886e+02
4.380099999999999909e+02
4.380074999999999932e+02
4.380049999999999955e+02
4.380024999999999977e+02
4.380000000000000000e+02
4.379975000000000023e+02
4.379950000000000045e+02
4.379925000000000068e+02
4.379900000000000091e+02
4.379875000000000114e+02
4.379850000000000136e+02
4.379825000000000159e+02
4.379800000000000182e+02
4.379775000000000205e+02
4.379750000000000227e+02
4.379725000000000250e+02
4.379700000000000273e+02
4.379674999999999727e+02
4.379649999999999750e+02
4.379624999999999773e+02
4.379599999999999795e+02
4.379574999999999818e+02
4.379549999999999841e+02
4.379524999999999864e+02
4.379499999999999886e+02
4.379474999999999909e+02
4.379449999999999932e+02
4.379424999999999955e+02
4.379399999999999977e+02
4.379375000000000000e+02
4.379350000000000023e+02
4.379325000000000045e+02
4.379300000000000068e+02
4.379275000000000091e+02
4.379250000000000114e+02
4.379225000000000136e+02
4.379200000000000159e+02
4.379175000000000182e+02
4.379150000000000205e+02
4.379125000000000227e+02
4.379100000000000250e+02
4.379075000000000273e+02
4.379049999999999727e+02
4.379024999999999750e+02
4.378999999999999773e+02
4.378974999999999795e+02
4.378949999999999818e+02
4.378924999999999841e+02
4.378899999999999864e+02
4.378874999999999886e+02
4.378849999999999909e+02
4.378824999999999932e+02
4.378799999999999955e+02
4.378774999999999977e+02
4.378750000000000000e+02
4.378725000000000023e+02
4.378700000000000045e+02
4.378675000000000068e+02
4.378650000000000091e+02
4.378625000000000114e+02
4.378600000000000136e+02
4.378575000000000159e+02
4.378550000000000182e+02
4.378525000000000205e+02
4.378500000000000227e+02
4.378475000000000250e+02
4.378450000000000273e+02
4.378424999999999727e+02
4.378399999999999750e+02
4.378374999999999773e+02
4.378349999999999795e+02
4.378324999999999818e+02
4.378299999999999841e+02
4.378274999999999864e+02
4.378249999999999886e+02
4.378224999999999909e+02
4.378199999999999932e+02
4.378174999999999955e+02
4.378149999999999977e+02
4.378125000000000000e+02
4.378100000000000023e+02
4.378075000000000045e+02
4.378050000000000068e+02
4.378025000000000091e+02
4.378000000000000114e+02
4.377975000000000136e+02
4.377950000000000159e+02
4.377925000000000182e+02
4.377900000000000205e+02
4.377875000000000227e+02
4.377850000000000250e+02
4.377825000000000273e+02
4.377799999999999727e+02
4.377774999999999750e+02
4.377749999999999773e+02
4.377724999999999795e+02
4.377699999999999818e+02
4.377674999999999841e+02
4.377649999999999864e+02
4.377624999999999886e+02
4.377599999999999909e+02
4.377574999999999932e+02
4.377549999999999955e+02
4.377524999999999977e+02
4.377500000000000000e+02
4.377475000000000023e+02
4.377450000000000045e+02
4.377425000000000068e+02
4.377400000000000091e+02
4.377375000000000114e+02
4.377350000000000136e+02
4.377325000000000159e+02
4.377300000000000182e+02
4.377275000000000205e+02
4.377250000000000227e+02
4.377225000000000250e+02
4.377200000000000273e+02
4.377174999999999727e+02
4.377149999999999750e+02
4.377124999999999773e+02
4.377099999999999795e+02
4.377074999999999818e+02
4.377049999999999841e+02
4.377024999999999864e+02
4.376999999999999886e+02
4.376974999999999909e+02
4.376949999999999932e+02
4.376924999999999955e+02
4.376899999999999977e+02
4.376875000000000000e+02
4.376850000000000023e+02
4.376825000000000045e+02
4.376800000000000068e+02
4.376775000000000091e+02
4.376750000000000114e+02
4.376725000000000136e+02
4.376700000000000159e+02
4.376675000000000182e+02
4.376650000000000205e+02
4.376625000000000227e+02
4.376600000000000250e+02
4.376575000000000273e+02
4.376549999999999727e+02
4.376524999999999750e+02
4.376499999999999773e+02
4.376474999999999795e+02
4.376449999999999818e+02
4.376424999999999841e+02
4.376399999999999864e+02
4.376374999999999886e+02
4.376349999999999909e+02
4.376324999999999932e+02
4.376299999999999955e+02
4.376274999999999977e+02
4.376250000000000000e+02
4.376225000000000023e+02
4.376200000000000045e+02
4.376175000000000068e+02
4.376150000000000091e+02
4.376125000000000114e+02
4.376100000000000136e+02
4.376075000000000159e+02
4.376050000000000182e+02
4.376025000000000205e+02
4.376000000000000227e+02
4.375975000000000250e+02
4.375950000000000273e+02
4.375924999999999727e+02
4.375899999999999750e+02
4.375874999999999773e+02
4.375849999999999795e+02
4.375824999999999818e+02
4.375799999999999841e+02
4.375774999999999864e+02
4.375749999999999886e+02
4.375724999999999909e+02
4.375699999999999932e+02
4.375674999999999955e+02
4.375649999999999977e+02
4.375625000000000000e+02
4.375600000000000023e+02
4.375575000000000045e+02
4.375550000000000068e+02
4.375525000000000091e+02
4.375500000000000114e+02
4.375475000000000136e+02
4.375450000000000159e+02
4.375425000000000182e+02
4.375400000000000205e+02
4.375375000000000227e+02
4.375350000000000250e+02
4.375325000000000273e+02
4.375299999999999727e+02
4.375274999999999750e+02
4.375249999999999773e+02
4.375224999999999795e+02
4.375199999999999818e+02
4.375174999999999841e+02
4.375149999999999864e+02
4.375124999999999886e+02
4.375099999999999909e+02
4.375074999999999932e+02
4.375049999999999955e+02
4.375024999999999977e+02
4.375000000000000000e+02
4.374975000000000023e+02
4.374950000000000045e+02
4.374925000000000068e+02
4.374900000000000091e+02
4.374875000000000114e+02
4.374850000000000136e+02
4.374825000000000159e+02
4.374800000000000182e+02
4.374775000000000205e+02
4.374750000000000227e+02
4.374725000000000250e+02
4.374700000000000273e+02
4.374674999999999727e+02
4.374649999999999750e+02
4.374624999999999773e+02
4.374599999999999795e+02
4.374574999999999818e+02
4.374549999999999841e+02
4.374524999999999864e+02
4.374499999999999886e+02
4.374474999999999909e+02
4.374449999999999932e+02
4.374424999999999955e+02
4.374399999999999977e+02
4.374375000000000000e+02
4.374350000000000023e+02
4.374325000000000045e+02
4.374300000000000068e+02
4.374275000000000091e+02
4.374250000000000114e+02
4.374225000000000136e+02
4.374200000000000159e+02
4.374175000000000182e+02
4.374150000000000205e+02
4.374125000000000227e+02
4.374100000000000250e+02
4.374075000000000273e+02
4.374049999999999727e+02
4.374024999999999750e+02
4.373999999999999773e+02
4.373974999999999795e+02
4.373949999999999818e+02
4.373924999999999841e+02
4.373899999999999864e+02
4.373874999999999886e+02
4.373849999999999909e+02
4.373824999999999932e+02
4.373799999999999955e+02
4.373774999999999977e+02
4.373750000000000000e+02
4.373725000000000023e+02
4.373700000000000045e+02
4.373675000000000068e+02
4.373650000000000091e+02
4.373625000000000114e+02
4.373600000000000136e+02
4.373575000000000159e+02
4.373550000000000182e+02
4.373525000000000205e+02
4.373500000000000227e+02
4.373475000000000250e+02
4.373450000000000273e+02
4.373424999999999727e+02
4.373399999999999750e+02
4.373374999999999773e+02
4.373349999999999795e+02
4.373324999999999818e+02
4.373299999999999841e+02
4.373274999999999864e+02
4.373249999999999886e+02
4.373224999999999909e+02
4.373199999999999932e+02
4.373174999999999955e+02
4.373149999999999977e+02
4.373125000000000000e+02
4.373100000000000023e+02
4.373075000000000045e+02
4.373050000000000068e+02
4.373025000000000091e+02
4.373000000000000114e+02
4.372975000000000136e+02
4.372950000000000159e+02
4.372925000000000182e+02
4.372900000000000205e+02
4.372875000000000227e+02
4.372850000000000250e+02
4.372825000000000273e+02
4.372799999999999727e+02
4.372774999999999750e+02
4.372749999999999773e+02
4.372724999999999795e+02
4.372699999999999818e+02
4.372674999999999841e+02
4.372649999999999864e+02
4.372624999999999886e+02
4.372599999999999909e+02
4.372574999999999932e+02
4.372549999999999955e+02
4.372524999999999977e+02
4.372500000000000000e+02
4.372475000000000023e+02
4.372450000000000045e+02
4.372425000000000068e+02
4.372400000000000091e+02
4.372375000000000114e+02
4.372350000000000136e+02
4.372325000000000159e+02
4.372300000000000182e+02
4.372275000000000205e+02
4.372250000000000227e+02
4.372225000000000250e+02
4.372200000000000273e+02
4.372174999999999727e+02
4.372149999999999750e+02
4.372124999999999773e+02
4.372099999999999795e+02
4.372074999999999818e+02
4.372049999999999841e+02
4.372024999999999864e+02
4.371999999999999886e+02
4.371974999999999909e+02
4.371949999999999932e+02
4.371924999999999955e+02
4.371899999999999977e+02
4.371875000000000000e+02
4.371850000000000023e+02
4.371825000000000045e+02
4.371800000000000068e+02
4.371775000000000091e+02
4.371750000000000114e+02
4.371725000000000136e+02
4.371700000000000159e+02
4.371675000000000182e+02
4.371650000000000205e+02
4.371625000000000227e+02
4.371600000000000250e+02
4.371575000000000273e+02
4.371549999999999727e+02
4.371524999999999750e+02
4.371499999999999773e+02
4.371474999999999795e+02
4.371449999999999818e+02
4.371424999999999841e+02
4.371399999999999864e+02
4.371374999999999886e+02
4.371349999999999909e+02
4.371324999999999932e+02
4.371299999999999955e+02
4.371274999999999977e+02
4.371250000000000000e+02
4.371225000000000023e+02
4.371200000000000045e+02
4.371175000000000068e+02
4.371150000000000091e+02
4.371125000000000114e+02
4.371100000000000136e+02
4.371075000000000159e+02
4.371050000000000182e+02
4.371025000000000205e+02
4.371000000000000227e+02
4.370975000000000250e+02
4.370950000000000273e+02
4.370924999999999727e+02
4.370899999999999750e+02
4.370874999999999773e+02
4.370849999999999795e+02
4.370824999999999818e+02
4.370799999999999841e+02
4.370774999999999864e+02
4.370749999999999886e+02
4.370724999999999909e+02
4.370699999999999932e+02
4.370674999999999955e+02
4.370649999999999977e+02
4.370625000000000000e+02
4.370600000000000023e+02
4.370575000000000045e+02
4.370550000000000068e+02
4.370525000000000091e+02
4.370500000000000114e+02
4.370475000000000136e+02
4.370450000000000159e+02
4.370425000000000182e+02
4.370400000000000205e+02
4.370375000000000227e+02
4.370350000000000250e+02
4.370325000000000273e+02
4.370299999999999727e+02
4.370274999999999750e+02
4.370249999999999773e+02
4.370224999999999795e+02
4.370199999999999818e+02
4.370174999999999841e+02
4.370149999999999864e+02
4.370124999999999886e+02
4.370099999999999909e+02
4.370074999999999932e+02
4.370049999999999955e+02
4.370024999999999977e+02
4.370000000000000000e+02
4.369975000000000023e+02
4.369950000000000045e+02
4.369925000000000068e+02
4.369900000000000091e+02
4.369875000000000114e+02
4.369850000000000136e+02
4.369825000000000159e+02
4.369800000000000182e+02
4.369775000000000205e+02
4.369750000000000227e+02
4.369725000000000250e+02
4.369700000000000273e+02
4.369674999999999727e+02
4.369649999999999750e+02
4.369624999999999773e+02
4.369599999999999795e+02
4.369574999999999818e+02
4.369549999999999841e+02
4.369524999999999864e+02
4.369499999999999886e+02
4.369474999999999909e+02
4.369449999999999932e+02
4.369424999999999955e+02
4.369399999999999977e+02
4.369375000000000000e+02
4.369350000000000023e+02
4.369325000000000045e+02
4.369300000000000068e+02
4.369275000000000091e+02
4.369250000000000114e+02
4.369225000000000136e+02
4.369200000000000159e+02
4.369175000000000182e+02
4.369150000000000205e+02
4.369125000000000227e+02
4.369100000000000250e+02
4.369075000000000273e+02
4.369049999999999727e+02
4.369024999999999750e+02
4.368999999999999773e+02
4.368974999999999795e+02
4.368949999999999818e+02
4.368924999999999841e+02
4.368899999999999864e+02
4.368874999999999886e+02
4.368849999999999909e+02
4.368824999999999932e+02
4.368799999999999955e+02
4.368774999999999977e+02
4.368750000000000000e+02
4.368725000000000023e+02
4.368700000000000045e+02
4.368675000000000068e+02
4.368650000000000091e+02
4.368625000000000114e+02
4.368600000000000136e+02
4.368575000000000159e+02
4.368550000000000182e+02
4.368525000000000205e+02
4.368500000000000227e+02
4.368475000000000250e+02
4.368450000000000273e+02
4.368424999999999727e+02
4.368399999999999750e+02
4.368374999999999773e+02
4.368349999999999795e+02
4.368324999999999818e+02
4.368299999999999841e+02
4.368274999999999864e+02
4.368249999999999886e+02
4.368224999999999909e+02
4.368199999999999932e+02
4.368174999999999955e+02
4.368149999999999977e+02
4.368125000000000000e+02
4.368100000000000023e+02
4.368075000000000045e+02
4.368050000000000068e+02
4.368025000000000091e+02
4.368000000000000114e+02
4.367975000000000136e+02
4.367950000000000159e+02
4.367925000000000182e+02
4.367900000000000205e+02
4.367875000000000227e+02
4.367850000000000250e+02
4.367825000000000273e+02
4.367799999999999727e+02
4.367774999999999750e+02
4.367749999999999773e+02
4.367724999999999795e+02
4.367699999999999818e+02
4.367674999999999841e+02
4.367649999999999864e+02
4.367624999999999886e+02
4.367599999999999909e+02
4.367574999999999932e+02
4.367549999999999955e+02
4.367524999999999977e+02
4.367500000000000000e+02
4.367475000000000023e+02
4.367450000000000045e+02
4.367425000000000068e+02
4.367400000000000091e+02
4.367375000000000114e+02
4.367350000000000136e+02
4.367325000000000159e+02
4.367300000000000182e+02
4.367275000000000205e+02
4.367250000000000227e+02
4.367225000000000250e+02
4.367200000000000273e+02
4.367174999999999727e+02
4.367149999999999750e+02
4.367124999999999773e+02
4.367099999999999795e+02
4.367074999999999818e+02
4.367049999999999841e+02
4.367024999999999864e+02
4.366999999999999886e+02
4.366974999999999909e+02
4.366949999999999932e+02
4.366924999999999955e+02
4.366899999999999977e+02
4.366875000000000000e+02
4.366850000000000023e+02
4.366825000000000045e+02
4.366800000000000068e+02
4.366775000000000091e+02
4.366750000000000114e+02
4.366725000000000136e+02
4.366700000000000159e+02
4.366675000000000182e+02
4.366650000000000205e+02
4.366625000000000227e+02
4.366600000000000250e+02
4.366575000000000273e+02
4.366549999999999727e+02
4.366524999999999750e+02
4.366499999999999773e+02
4.366474999999999795e+02
4.366449999999999818e+02
4.366424999999999841e+02
4.366399999999999864e+02
4.366374999999999886e+02
4.366349999999999909e+02
4.366324999999999932e+02
4.366299999999999955e+02
4.366274999999999977e+02
4.366250000000000000e+02
4.366225000000000023e+02
4.366200000000000045e+02
4.366175000000000068e+02
4.366150000000000091e+02
4.366125000000000114e+02
4.366100000000000136e+02
4.366075000000000159e+02
4.366050000000000182e+02
4.366025000000000205e+02
4.366000000000000227e+02
4.365975000000000250e+02
4.365950000000000273e+02
4.365924999999999727e+02
4.365899999999999750e+02
4.365874999999999773e+02
4.365849999999999795e+02
4.365824999999999818e+02
4.365799999999999841e+02
4.365774999999999864e+02
4.365749999999999886e+02
4.365724999999999909e+02
4.365699999999999932e+02
4.365674999999999955e+02
4.365649999999999977e+02
4.365625000000000000e+02
4.365600000000000023e+02
4.365575000000000045e+02
4.365550000000000068e+02
4.365525000000000091e+02
4.365500000000000114e+02
4.365475000000000136e+02
4.365450000000000159e+02
4.365425000000000182e+02
4.365400000000000205e+02
4.365375000000000227e+02
4.365350000000000250e+02
4.365325000000000273e+02
4.365299999999999727e+02
4.365274999999999750e+02
4.365249999999999773e+02
4.365224999999999795e+02
4.365199999999999818e+02
4.365174999999999841e+02
4.365149999999999864e+02
4.365124999999999886e+02
4.365099999999999909e+02
4.365074999999999932e+02
4.365049999999999955e+02
4.365024999999999977e+02
4.365000000000000000e+02
4.364975000000000023e+02
4.364950000000000045e+02
4.364925000000000068e+02
4.364900000000000091e+02
4.364875000000000114e+02
4.364850000000000136e+02
4.364825000000000159e+02
4.364800000000000182e+02
4.364775000000000205e+02
4.364750000000000227e+02
4.364725000000000250e+02
4.364700000000000273e+02
4.364674999999999727e+02
4.364649999999999750e+02
4.364624999999999773e+02
4.364599999999999795e+02
4.364574999999999818e+02
4.364549999999999841e+02
4.364524999999999864e+02
4.364499999999999886e+02
4.364474999999999909e+02
4.364449999999999932e+02
4.364424999999999955e+02
4.364399999999999977e+02
4.364375000000000000e+02
4.364350000000000023e+02
4.364325000000000045e+02
4.364300000000000068e+02
4.364275000000000091e+02
4.364250000000000114e+02
4.364225000000000136e+02
4.364200000000000159e+02
4.364175000000000182e+02
4.364150000000000205e+02
4.364125000000000227e+02
4.364100000000000250e+02
4.364075000000000273e+02
4.364049999999999727e+02
4.364024999999999750e+02
4.363999999999999773e+02
4.363974999999999795e+02
4.363949999999999818e+02
4.363924999999999841e+02
4.363899999999999864e+02
4.363874999999999886e+02
4.363849999999999909e+02
4.363824999999999932e+02
4.363799999999999955e+02
4.363774999999999977e+02
4.363750000000000000e+02
4.363725000000000023e+02
4.363700000000000045e+02
4.363675000000000068e+02
4.363650000000000091e+02
4.363625000000000114e+02
4.363600000000000136e+02
4.363575000000000159e+02
4.363550000000000182e+02
4.363525000000000205e+02
4.363500000000000227e+02
4.363475000000000250e+02
4.363450000000000273e+02
4.363424999999999727e+02
4.363399999999999750e+02
4.363374999999999773e+02
4.363349999999999795e+02
4.363324999999999818e+02
4.363299999999999841e+02
4.363274999999999864e+02
4.363249999999999886e+02
4.363224999999999909e+02
4.363199999999999932e+02
4.363174999999999955e+02
4.363149999999999977e+02
4.363125000000000000e+02
4.363100000000000023e+02
4.363075000000000045e+02
4.363050000000000068e+02
4.363025000000000091e+02
4.363000000000000114e+02
4.362975000000000136e+02
4.362950000000000159e+02
4.362925000000000182e+02
4.362900000000000205e+02
4.362875000000000227e+02
4.362850000000000250e+02
4.362825000000000273e+02
4.362799999999999727e+02
4.362774999999999750e+02
4.362749999999999773e+02
4.362724999999999795e+02
4.362699999999999818e+02
4.362674999999999841e+02
4.362649999999999864e+02
4.362624999999999886e+02
4.362599999999999909e+02
4.362574999999999932e+02
4.362549999999999955e+02
4.362524999999999977e+02
4.362500000000000000e+02
4.362475000000000023e+02
4.362450000000000045e+02
4.362425000000000068e+02
4.362400000000000091e+02
4.362375000000000114e+02
4.362350000000000136e+02
4.362325000000000159e+02
4.362300000000000182e+02
4.362275000000000205e+02
4.362250000000000227e+02
4.362225000000000250e+02
4.362200000000000273e+02
4.362174999999999727e+02
4.362149999999999750e+02
4.362124999999999773e+02
4.362099999999999795e+02
4.362074999999999818e+02
4.362049999999999841e+02
4.362024999999999864e+02
4.361999999999999886e+02
4.361974999999999909e+02
4.361949999999999932e+02
4.361924999999999955e+02
4.361899999999999977e+02
4.361875000000000000e+02
4.361850000000000023e+02
4.361825000000000045e+02
4.361800000000000068e+02
4.361775000000000091e+02
4.361750000000000114e+02
4.361725000000000136e+02
4.361700000000000159e+02
4.361675000000000182e+02
4.361650000000000205e+02
4.361625000000000227e+02
4.361600000000000250e+02
4.361575000000000273e+02
4.361549999999999727e+02
4.361524999999999750e+02
4.361499999999999773e+02
4.361474999999999795e+02
4.361449999999999818e+02
4.361424999999999841e+02
4.361399999999999864e+02
4.361374999999999886e+02
4.361349999999999909e+02
4.361324999999999932e+02
4.361299999999999955e+02
4.361274999999999977e+02
4.361250000000000000e+02
4.361225000000000023e+02
4.361200000000000045e+02
4.361175000000000068e+02
4.361150000000000091e+02
4.361125000000000114e+02
4.361100000000000136e+02
4.361075000000000159e+02
4.361050000000000182e+02
4.361025000000000205e+02
4.361000000000000227e+02
4.360975000000000250e+02
4.360950000000000273e+02
4.360924999999999727e+02
4.360899999999999750e+02
4.360874999999999773e+02
4.360849999999999795e+02
4.360824999999999818e+02
4.360799999999999841e+02
4.360774999999999864e+02
4.360749999999999886e+02
4.360724999999999909e+02
4.360699999999999932e+02
4.360674999999999955e+02
4.360649999999999977e+02
4.360625000000000000e+02
4.360600000000000023e+02
4.360575000000000045e+02
4.360550000000000068e+02
4.360525000000000091e+02
4.360500000000000114e+02
4.360475000000000136e+02
4.360450000000000159e+02
4.360425000000000182e+02
4.360400000000000205e+02
4.360375000000000227e+02
4.360350000000000250e+02
4.360325000000000273e+02
4.360299999999999727e+02
4.360274999999999750e+02
4.360249999999999773e+02
4.360224999999999795e+02
4.360199999999999818e+02
4.360174999999999841e+02
4.360149999999999864e+02
4.360124999999999886e+02
4.360099999999999909e+02
4.360074999999999932e+02
4.360049999999999955e+02
4.360024999999999977e+02
4.360000000000000000e+02
4.359975000000000023e+02
4.359950000000000045e+02
4.359925000000000068e+02
4.359900000000000091e+02
4.359875000000000114e+02
4.359850000000000136e+02
4.359825000000000159e+02
4.359800000000000182e+02
4.359775000000000205e+02
4.359750000000000227e+02
4.359725000000000250e+02
4.359700000000000273e+02
4.359674999999999727e+02
4.359649999999999750e+02
4.359624999999999773e+02
4.359599999999999795e+02
4.359574999999999818e+02
4.359549999999999841e+02
4.359524999999999864e+02
4.359499999999999886e+02
4.359474999999999909e+02
4.359449999999999932e+02
4.359424999999999955e+02
4.359399999999999977e+02
4.359375000000000000e+02
4.359350000000000023e+02
4.359325000000000045e+02
4.359300000000000068e+02
4.359275000000000091e+02
4.359250000000000114e+02
4.359225000000000136e+02
4.359200000000000159e+02
4.359175000000000182e+02
4.359150000000000205e+02
4.359125000000000227e+02
4.359100000000000250e+02
4.359075000000000273e+02
4.359049999999999727e+02
4.359024999999999750e+02
4.358999999999999773e+02
4.358974999999999795e+02
4.358949999999999818e+02
4.358924999999999841e+02
4.358899999999999864e+02
4.358874999999999886e+02
4.358849999999999909e+02
4.358824999999999932e+02
4.358799999999999955e+02
4.358774999999999977e+02
4.358750000000000000e+02
4.358725000000000023e+02
4.358700000000000045e+02
4.358675000000000068e+02
4.358650000000000091e+02
4.358625000000000114e+02
4.358600000000000136e+02
4.358575000000000159e+02
4.358550000000000182e+02
4.358525000000000205e+02
4.358500000000000227e+02
4.358475000000000250e+02
4.358450000000000273e+02
4.358424999999999727e+02
4.358399999999999750e+02
4.358374999999999773e+02
4.358349999999999795e+02
4.358324999999999818e+02
4.358299999999999841e+02
4.358274999999999864e+02
4.358249999999999886e+02
4.358224999999999909e+02
4.358199999999999932e+02
4.358174999999999955e+02
4.358149999999999977e+02
4.358125000000000000e+02
4.358100000000000023e+02
4.358075000000000045e+02
4.358050000000000068e+02
4.358025000000000091e+02
4.358000000000000114e+02
4.357975000000000136e+02
4.357950000000000159e+02
4.357925000000000182e+02
4.357900000000000205e+02
4.357875000000000227e+02
4.357850000000000250e+02
4.357825000000000273e+02
4.357799999999999727e+02
4.357774999999999750e+02
4.357749999999999773e+02
4.357724999999999795e+02
4.357699999999999818e+02
4.357674999999999841e+02
4.357649999999999864e+02
4.357624999999999886e+02
4.357599999999999909e+02
4.357574999999999932e+02
4.357549999999999955e+02
4.357524999999999977e+02
4.357500000000000000e+02
4.357475000000000023e+02
4.357450000000000045e+02
4.357425000000000068e+02
4.357400000000000091e+02
4.357375000000000114e+02
4.357350000000000136e+02
4.357325000000000159e+02
4.357300000000000182e+02
4.357275000000000205e+02
4.357250000000000227e+02
4.357225000000000250e+02
4.357200000000000273e+02
4.357174999999999727e+02
4.357149999999999750e+02
4.357124999999999773e+02
4.357099999999999795e+02
4.357074999999999818e+02
4.357049999999999841e+02
4.357024999999999864e+02
4.356999999999999886e+02
4.356974999999999909e+02
4.356949999999999932e+02
4.356924999999999955e+02
4.356899999999999977e+02
4.356875000000000000e+02
4.356850000000000023e+02
4.356825000000000045e+02
4.356800000000000068e+02
4.356775000000000091e+02
4.356750000000000114e+02
4.356725000000000136e+02
4.356700000000000159e+02
4.356675000000000182e+02
4.356650000000000205e+02
4.356625000000000227e+02
4.356600000000000250e+02
4.356575000000000273e+02
4.356549999999999727e+02
4.356524999999999750e+02
4.356499999999999773e+02
4.356474999999999795e+02
4.356449999999999818e+02
4.356424999999999841e+02
4.356399999999999864e+02
4.356374999999999886e+02
4.356349999999999909e+02
4.356324999999999932e+02
4.356299999999999955e+02
4.356274999999999977e+02
4.356250000000000000e+02
4.356225000000000023e+02
4.356200000000000045e+02
4.356175000000000068e+02
4.356150000000000091e+02
4.356125000000000114e+02
4.356100000000000136e+02
4.356075000000000159e+02
4.356050000000000182e+02
4.356025000000000205e+02
4.356000000000000227e+02
4.355975000000000250e+02
4.355950000000000273e+02
4.355924999999999727e+02
4.355899999999999750e+02
4.355874999999999773e+02
4.355849999999999795e+02
4.355824999999999818e+02
4.355799999999999841e+02
4.355774999999999864e+02
4.355749999999999886e+02
4.355724999999999909e+02
4.355699999999999932e+02
4.355674999999999955e+02
4.355649999999999977e+02
4.355625000000000000e+02
4.355600000000000023e+02
4.355575000000000045e+02
4.355550000000000068e+02
4.355525000000000091e+02
4.355500000000000114e+02
4.355475000000000136e+02
4.355450000000000159e+02
4.355425000000000182e+02
4.355400000000000205e+02
4.355375000000000227e+02
4.355350000000000250e+02
4.355325000000000273e+02
4.355299999999999727e+02
4.355274999999999750e+02
4.355249999999999773e+02
4.355224999999999795e+02
4.355199999999999818e+02
4.355174999999999841e+02
4.355149999999999864e+02
4.355124999999999886e+02
4.355099999999999909e+02
4.355074999999999932e+02
4.355049999999999955e+02
4.355024999999999977e+02
4.355000000000000000e+02
4.354975000000000023e+02
4.354950000000000045e+02
4.354925000000000068e+02
4.354900000000000091e+02
4.354875000000000114e+02
4.354850000000000136e+02
4.354825000000000159e+02
4.354800000000000182e+02
4.354775000000000205e+02
4.354750000000000227e+02
4.354725000000000250e+02
4.354700000000000273e+02
4.354674999999999727e+02
4.354649999999999750e+02
4.354624999999999773e+02
4.354599999999999795e+02
4.354574999999999818e+02
4.354549999999999841e+02
4.354524999999999864e+02
4.354499999999999886e+02
4.354474999999999909e+02
4.354449999999999932e+02
4.354424999999999955e+02
4.354399999999999977e+02
4.354375000000000000e+02
4.354350000000000023e+02
4.354325000000000045e+02
4.354300000000000068e+02
4.354275000000000091e+02
4.354250000000000114e+02
4.354225000000000136e+02
4.354200000000000159e+02
4.354175000000000182e+02
4.354150000000000205e+02
4.354125000000000227e+02
4.354100000000000250e+02
4.354075000000000273e+02
4.354049999999999727e+02
4.354024999999999750e+02
4.353999999999999773e+02
4.353974999999999795e+02
4.353949999999999818e+02
4.353924999999999841e+02
4.353899999999999864e+02
4.353874999999999886e+02
4.353849999999999909e+02
4.353824999999999932e+02
4.353799999999999955e+02
4.353774999999999977e+02
4.353750000000000000e+02
4.353725000000000023e+02
4.353700000000000045e+02
4.353675000000000068e+02
4.353650000000000091e+02
4.353625000000000114e+02
4.353600000000000136e+02
4.353575000000000159e+02
4.353550000000000182e+02
4.353525000000000205e+02
4.353500000000000227e+02
4.353475000000000250e+02
4.353450000000000273e+02
4.353424999999999727e+02
4.353399999999999750e+02
4.353374999999999773e+02
4.353349999999999795e+02
4.353324999999999818e+02
4.353299999999999841e+02
4.353274999999999864e+02
4.353249999999999886e+02
4.353224999999999909e+02
4.353199999999999932e+02
4.353174999999999955e+02
4.353149999999999977e+02
4.353125000000000000e+02
4.353100000000000023e+02
4.353075000000000045e+02
4.353050000000000068e+02
4.353025000000000091e+02
4.353000000000000114e+02
4.352975000000000136e+02
4.352950000000000159e+02
4.352925000000000182e+02
4.352900000000000205e+02
4.352875000000000227e+02
4.352850000000000250e+02
4.352825000000000273e+02
4.352799999999999727e+02
4.352774999999999750e+02
4.352749999999999773e+02
4.352724999999999795e+02
4.352699999999999818e+02
4.352674999999999841e+02
4.352649999999999864e+02
4.352624999999999886e+02
4.352599999999999909e+02
4.352574999999999932e+02
4.352549999999999955e+02
4.352524999999999977e+02
4.352500000000000000e+02
4.352475000000000023e+02
4.352450000000000045e+02
4.352425000000000068e+02
4.352400000000000091e+02
4.352375000000000114e+02
4.352350000000000136e+02
4.352325000000000159e+02
4.352300000000000182e+02
4.352275000000000205e+02
4.352250000000000227e+02
4.352225000000000250e+02
4.352200000000000273e+02
4.352174999999999727e+02
4.352149999999999750e+02
4.352124999999999773e+02
4.352099999999999795e+02
4.352074999999999818e+02
4.352049999999999841e+02
4.352024999999999864e+02
4.351999999999999886e+02
4.351974999999999909e+02
4.351949999999999932e+02
4.351924999999999955e+02
4.351899999999999977e+02
4.351875000000000000e+02
4.351850000000000023e+02
4.351825000000000045e+02
4.351800000000000068e+02
4.351775000000000091e+02
4.351750000000000114e+02
4.351725000000000136e+02
4.351700000000000159e+02
4.351675000000000182e+02
4.351650000000000205e+02
4.351625000000000227e+02
4.351600000000000250e+02
4.351575000000000273e+02
4.351549999999999727e+02
4.351524999999999750e+02
4.351499999999999773e+02
4.351474999999999795e+02
4.351449999999999818e+02
4.351424999999999841e+02
4.351399999999999864e+02
4.351374999999999886e+02
4.351349999999999909e+02
4.351324999999999932e+02
4.351299999999999955e+02
4.351274999999999977e+02
4.351250000000000000e+02
4.351225000000000023e+02
4.351200000000000045e+02
4.351175000000000068e+02
4.351150000000000091e+02
4.351125000000000114e+02
4.351100000000000136e+02
4.351075000000000159e+02
4.351050000000000182e+02
4.351025000000000205e+02
4.351000000000000227e+02
4.350975000000000250e+02
4.350950000000000273e+02
4.350924999999999727e+02
4.350899999999999750e+02
4.350874999999999773e+02
4.350849999999999795e+02
4.350824999999999818e+02
4.350799999999999841e+02
4.350774999999999864e+02
4.350749999999999886e+02
4.350724999999999909e+02
4.350699999999999932e+02
4.350674999999999955e+02
4.350649999999999977e+02
4.350625000000000000e+02
4.350600000000000023e+02
4.350575000000000045e+02
4.350550000000000068e+02
4.350525000000000091e+02
4.350500000000000114e+02
4.350475000000000136e+02
4.350450000000000159e+02
4.350425000000000182e+02
4.350400000000000205e+02
4.350375000000000227e+02
4.350350000000000250e+02
4.350325000000000273e+02
4.350299999999999727e+02
4.350274999999999750e+02
4.350249999999999773e+02
4.350224999999999795e+02
4.350199999999999818e+02
4.350174999999999841e+02
4.350149999999999864e+02
4.350124999999999886e+02
4.350099999999999909e+02
4.350074999999999932e+02
4.350049999999999955e+02
4.350024999999999977e+02
4.350000000000000000e+02
