4.480000000000000000e+02
4.480010500000000206e+02
4.480020999999999844e+02
4.480031500000000051e+02
4.480042000000000257e+02
4.480052499999999895e+02
4.480063000000000102e+02
4.480073499999999740e+02
4.480083999999999946e+02
4.480094500000000153e+02
4.480104999999999791e+02
4.480115499999999997e+02
4.480126000000000204e+02
4.480136499999999842e+02
4.480147000000000048e+02
4.480157500000000255e+02
4.480167999999999893e+02
4.480178500000000099e+02
4.480188999999999737e+02
4.480199499999999944e+02
4.480210000000000150e+02
4.480220499999999788e+02
4.480230999999999995e+02
4.480241500000000201e+02
4.480251999999999839e+02
4.480262500000000045e+02
4.480273000000000252e+02
4.480283499999999890e+02
4.480294000000000096e+02
4.480304499999999734e+02
4.480314999999999941e+02
4.480325500000000147e+02
4.480335999999999785e+02
4.480346499999999992e+02
4.480357000000000198e+02
4.480367499999999836e+02
4.480378000000000043e+02
4.480388500000000249e+02
4.480398999999999887e+02
4.480409500000000094e+02
4.480419999999999732e+02
4.480430499999999938e+02
4.480441000000000145e+02
4.480451499999999783e+02
4.480461999999999989e+02
4.480472500000000196e+02
4.480482999999999834e+02
4.480493500000000040e+02
4.480504000000000246e+02
4.480514499999999884e+02
4.480525000000000091e+02
4.480535499999999729e+02
4.480545999999999935e+02
4.480556500000000142e+02
4.480566999999999780e+02
4.480577499999999986e+02
4.480588000000000193e+02
4.480598499999999831e+02
4.480609000000000037e+02
4.480619500000000244e+02
4.480629999999999882e+02
4.480640500000000088e+02
4.480650999999999726e+02
4.480661499999999933e+02
4.480672000000000139e+02
4.480682499999999777e+02
4.480692999999999984e+02
4.480703500000000190e+02
4.480713999999999828e+02
4.480724500000000035e+02
4.480735000000000241e+02
4.480745499999999879e+02
4.480756000000000085e+02
4.480766500000000292e+02
4.480776999999999930e+02
4.480787500000000136e+02
4.480797999999999774e+02
4.480808499999999981e+02
4.480819000000000187e+02
4.480829499999999825e+02
4.480840000000000032e+02
4.480850500000000238e+02
4.480860999999999876e+02
4.480871500000000083e+02
4.480882000000000289e+02
4.480892499999999927e+02
4.480903000000000134e+02
4.480913499999999772e+02
4.480923999999999978e+02
4.480934500000000185e+02
4.480944999999999823e+02
4.480955500000000029e+02
4.480966000000000236e+02
4.480976499999999874e+02
4.480987000000000080e+02
4.480997500000000286e+02
4.481007999999999925e+02
4.481018500000000131e+02
4.481028999999999769e+02
4.481039499999999975e+02
4.481050000000000182e+02
4.481060499999999820e+02
4.481071000000000026e+02
4.481081500000000233e+02
4.481091999999999871e+02
4.481102500000000077e+02
4.481113000000000284e+02
4.481123499999999922e+02
4.481134000000000128e+02
4.481144499999999766e+02
4.481154999999999973e+02
4.481165500000000179e+02
4.481175999999999817e+02
4.481186500000000024e+02
4.481197000000000230e+02
4.481207499999999868e+02
4.481218000000000075e+02
4.481228500000000281e+02
4.481238999999999919e+02
4.481249500000000126e+02
4.481259999999999764e+02
4.481270499999999970e+02
4.481281000000000176e+02
4.481291499999999814e+02
4.481302000000000021e+02
4.481312500000000227e+02
4.481322999999999865e+02
4.481333500000000072e+02
4.481344000000000278e+02
4.481354499999999916e+02
4.481365000000000123e+02
4.481375499999999761e+02
4.481385999999999967e+02
4.481396500000000174e+02
4.481406999999999812e+02
4.481417500000000018e+02
4.481428000000000225e+02
4.481438499999999863e+02
4.481449000000000069e+02
4.481459500000000276e+02
4.481469999999999914e+02
4.481480500000000120e+02
4.481490999999999758e+02
4.481501499999999965e+02
4.481512000000000171e+02
4.481522499999999809e+02
4.481533000000000015e+02
4.481543500000000222e+02
4.481553999999999860e+02
4.481564500000000066e+02
4.481575000000000273e+02
4.481585499999999911e+02
4.481596000000000117e+02
4.481606499999999755e+02
4.481616999999999962e+02
4.481627500000000168e+02
4.481637999999999806e+02
4.481648500000000013e+02
4.481659000000000219e+02
4.481669499999999857e+02
4.481680000000000064e+02
4.481690500000000270e+02
4.481700999999999908e+02
4.481711500000000115e+02
4.481721999999999753e+02
4.481732499999999959e+02
4.481743000000000166e+02
4.481753499999999804e+02
4.481764000000000010e+02
4.481774500000000216e+02
4.481784999999999854e+02
4.481795500000000061e+02
4.481806000000000267e+02
4.481816499999999905e+02
4.481827000000000112e+02
4.481837499999999750e+02
4.481847999999999956e+02
4.481858500000000163e+02
4.481868999999999801e+02
4.481879500000000007e+02
4.481890000000000214e+02
4.481900499999999852e+02
4.481911000000000058e+02
4.481921500000000265e+02
4.481931999999999903e+02
4.481942500000000109e+02
4.481952999999999747e+02
4.481963499999999954e+02
4.481974000000000160e+02
4.481984499999999798e+02
4.481995000000000005e+02
4.482005500000000211e+02
4.482015999999999849e+02
4.482026500000000055e+02
4.482037000000000262e+02
4.482047499999999900e+02
4.482058000000000106e+02
4.482068499999999744e+02
4.482078999999999951e+02
4.482089500000000157e+02
4.482099999999999795e+02
4.482110500000000002e+02
4.482121000000000208e+02
4.482131499999999846e+02
4.482142000000000053e+02
4.482152500000000259e+02
4.482162999999999897e+02
4.482173500000000104e+02
4.482183999999999742e+02
4.482194499999999948e+02
4.482205000000000155e+02
4.482215499999999793e+02
4.482225999999999999e+02
4.482236500000000206e+02
4.482246999999999844e+02
4.482257500000000050e+02
4.482268000000000256e+02
4.482278499999999894e+02
4.482289000000000101e+02
4.482299500000000307e+02
4.482309999999999945e+02
4.482320500000000152e+02
4.482330999999999790e+02
4.482341499999999996e+02
4.482352000000000203e+02
4.482362499999999841e+02
4.482373000000000047e+02
4.482383500000000254e+02
4.482393999999999892e+02
4.482404500000000098e+02
4.482415000000000305e+02
4.482425499999999943e+02
4.482436000000000149e+02
4.482446499999999787e+02
4.482456999999999994e+02
4.482467500000000200e+02
4.482477999999999838e+02
4.482488500000000045e+02
4.482499000000000251e+02
4.482509499999999889e+02
4.482520000000000095e+02
4.482530500000000302e+02
4.482540999999999940e+02
4.482551500000000146e+02
4.482561999999999784e+02
4.482572499999999991e+02
4.482583000000000197e+02
4.482593499999999835e+02
4.482604000000000042e+02
4.482614500000000248e+02
4.482624999999999886e+02
4.482635500000000093e+02
4.482646000000000299e+02
4.482656499999999937e+02
4.482667000000000144e+02
4.482677499999999782e+02
4.482687999999999988e+02
4.482698500000000195e+02
4.482708999999999833e+02
4.482719500000000039e+02
4.482730000000000246e+02
4.482740499999999884e+02
4.482751000000000090e+02
4.482761500000000296e+02
4.482771999999999935e+02
4.482782500000000141e+02
4.482792999999999779e+02
4.482803499999999985e+02
4.482814000000000192e+02
4.482824499999999830e+02
4.482835000000000036e+02
4.482845500000000243e+02
4.482855999999999881e+02
4.482866500000000087e+02
4.482877000000000294e+02
4.482887499999999932e+02
4.482898000000000138e+02
4.482908499999999776e+02
4.482918999999999983e+02
4.482929500000000189e+02
4.482939999999999827e+02
4.482950500000000034e+02
4.482961000000000240e+02
4.482971499999999878e+02
4.482982000000000085e+02
4.482992500000000291e+02
4.483002999999999929e+02
4.483013500000000136e+02
4.483023999999999774e+02
4.483034499999999980e+02
4.483045000000000186e+02
4.483055499999999824e+02
4.483066000000000031e+02
4.483076500000000237e+02
4.483086999999999875e+02
4.483097500000000082e+02
4.483108000000000288e+02
4.483118499999999926e+02
4.483129000000000133e+02
4.483139499999999771e+02
4.483149999999999977e+02
4.483160500000000184e+02
4.483170999999999822e+02
4.483181500000000028e+02
4.483192000000000235e+02
4.483202499999999873e+02
4.483213000000000079e+02
4.483223500000000286e+02
4.483233999999999924e+02
4.483244500000000130e+02
4.483254999999999768e+02
4.483265499999999975e+02
4.483276000000000181e+02
4.483286499999999819e+02
4.483297000000000025e+02
4.483307500000000232e+02
4.483317999999999870e+02
4.483328500000000076e+02
4.483339000000000283e+02
4.483349499999999921e+02
4.483360000000000127e+02
4.483370499999999765e+02
4.483380999999999972e+02
4.483391500000000178e+02
4.483401999999999816e+02
4.483412500000000023e+02
4.483423000000000229e+02
4.483433499999999867e+02
4.483444000000000074e+02
4.483454500000000280e+02
4.483464999999999918e+02
4.483475500000000125e+02
4.483485999999999763e+02
4.483496499999999969e+02
4.483507000000000176e+02
4.483517499999999814e+02
4.483528000000000020e+02
4.483538500000000226e+02
4.483548999999999864e+02
4.483559500000000071e+02
4.483570000000000277e+02
4.483580499999999915e+02
4.483591000000000122e+02
4.483601499999999760e+02
4.483611999999999966e+02
4.483622500000000173e+02
4.483632999999999811e+02
4.483643500000000017e+02
4.483654000000000224e+02
4.483664499999999862e+02
4.483675000000000068e+02
4.483685500000000275e+02
4.483695999999999913e+02
4.483706500000000119e+02
4.483716999999999757e+02
4.483727499999999964e+02
4.483738000000000170e+02
4.483748499999999808e+02
4.483759000000000015e+02
4.483769500000000221e+02
4.483779999999999859e+02
4.483790500000000065e+02
4.483801000000000272e+02
4.483811499999999910e+02
4.483822000000000116e+02
4.483832500000000323e+02
4.483842999999999961e+02
4.483853500000000167e+02
4.483863999999999805e+02
4.483874500000000012e+02
4.483885000000000218e+02
4.483895499999999856e+02
4.483906000000000063e+02
4.483916500000000269e+02
4.483926999999999907e+02
4.483937500000000114e+02
4.483948000000000320e+02
4.483958499999999958e+02
4.483969000000000165e+02
4.483979499999999803e+02
4.483990000000000009e+02
4.484000500000000216e+02
4.484010999999999854e+02
4.484021500000000060e+02
4.484032000000000266e+02
4.484042499999999905e+02
4.484053000000000111e+02
4.484063500000000317e+02
4.484073999999999955e+02
4.484084500000000162e+02
4.484094999999999800e+02
4.484105500000000006e+02
4.484116000000000213e+02
4.484126499999999851e+02
4.484137000000000057e+02
4.484147500000000264e+02
4.484157999999999902e+02
4.484168500000000108e+02
4.484179000000000315e+02
4.484189499999999953e+02
4.484200000000000159e+02
4.484210499999999797e+02
4.484221000000000004e+02
4.484231500000000210e+02
4.484241999999999848e+02
4.484252500000000055e+02
4.484263000000000261e+02
4.484273499999999899e+02
4.484284000000000106e+02
4.484294500000000312e+02
4.484304999999999950e+02
4.484315500000000156e+02
4.484325999999999794e+02
4.484336500000000001e+02
4.484347000000000207e+02
4.484357499999999845e+02
4.484368000000000052e+02
4.484378500000000258e+02
4.484388999999999896e+02
4.484399500000000103e+02
4.484410000000000309e+02
4.484420499999999947e+02
4.484431000000000154e+02
4.484441499999999792e+02
4.484451999999999998e+02
4.484462500000000205e+02
4.484472999999999843e+02
4.484483500000000049e+02
4.484494000000000256e+02
4.484504499999999894e+02
4.484515000000000100e+02
4.484525500000000306e+02
4.484535999999999945e+02
4.484546500000000151e+02
4.484556999999999789e+02
4.484567499999999995e+02
4.484578000000000202e+02
4.484588499999999840e+02
4.484599000000000046e+02
4.484609500000000253e+02
4.484619999999999891e+02
4.484630500000000097e+02
4.484641000000000304e+02
4.484651499999999942e+02
4.484662000000000148e+02
4.484672499999999786e+02
4.484682999999999993e+02
4.484693500000000199e+02
4.484703999999999837e+02
4.484714500000000044e+02
4.484725000000000250e+02
4.484735499999999888e+02
4.484746000000000095e+02
4.484756500000000301e+02
4.484766999999999939e+02
4.484777500000000146e+02
4.484787999999999784e+02
4.484798499999999990e+02
4.484809000000000196e+02
4.484819499999999834e+02
4.484830000000000041e+02
4.484840500000000247e+02
4.484850999999999885e+02
4.484861500000000092e+02
4.484872000000000298e+02
4.484882499999999936e+02
4.484893000000000143e+02
4.484903499999999781e+02
4.484913999999999987e+02
4.484924500000000194e+02
4.484934999999999832e+02
4.484945500000000038e+02
4.484956000000000245e+02
4.484966499999999883e+02
4.484977000000000089e+02
4.484987500000000296e+02
4.484997999999999934e+02
4.485008500000000140e+02
4.485018999999999778e+02
4.485029499999999985e+02
4.485040000000000191e+02
4.485050499999999829e+02
4.485061000000000035e+02
4.485071500000000242e+02
4.485081999999999880e+02
4.485092500000000086e+02
4.485103000000000293e+02
4.485113499999999931e+02
4.485124000000000137e+02
4.485134499999999775e+02
4.485144999999999982e+02
4.485155500000000188e+02
4.485165999999999826e+02
4.485176500000000033e+02
4.485187000000000239e+02
4.485197499999999877e+02
4.485208000000000084e+02
4.485218500000000290e+02
4.485228999999999928e+02
4.485239500000000135e+02
4.485249999999999773e+02
4.485260499999999979e+02
4.485271000000000186e+02
4.485281499999999824e+02
4.485292000000000030e+02
4.485302500000000236e+02
4.485312999999999874e+02
4.485323500000000081e+02
4.485334000000000287e+02
4.485344499999999925e+02
4.485355000000000132e+02
4.485365500000000338e+02
4.485375999999999976e+02
4.485386500000000183e+02
4.485396999999999821e+02
4.485407500000000027e+02
4.485418000000000234e+02
4.485428499999999872e+02
4.485439000000000078e+02
4.485449500000000285e+02
4.485459999999999923e+02
4.485470500000000129e+02
4.485481000000000336e+02
4.485491499999999974e+02
4.485502000000000180e+02
4.485512499999999818e+02
4.485523000000000025e+02
4.485533500000000231e+02
4.485543999999999869e+02
4.485554500000000075e+02
4.485565000000000282e+02
4.485575499999999920e+02
4.485586000000000126e+02
4.485596500000000333e+02
4.485606999999999971e+02
4.485617500000000177e+02
4.485627999999999815e+02
4.485638500000000022e+02
4.485649000000000228e+02
4.485659499999999866e+02
4.485670000000000073e+02
4.485680500000000279e+02
4.485690999999999917e+02
4.485701500000000124e+02
4.485712000000000330e+02
4.485722499999999968e+02
4.485733000000000175e+02
4.485743499999999813e+02
4.485754000000000019e+02
4.485764500000000226e+02
4.485774999999999864e+02
4.485785500000000070e+02
4.485796000000000276e+02
4.485806499999999915e+02
4.485817000000000121e+02
4.485827500000000327e+02
4.485837999999999965e+02
4.485848500000000172e+02
4.485858999999999810e+02
4.485869500000000016e+02
4.485880000000000223e+02
4.485890499999999861e+02
4.485901000000000067e+02
4.485911500000000274e+02
4.485921999999999912e+02
4.485932500000000118e+02
4.485943000000000325e+02
4.485953499999999963e+02
4.485964000000000169e+02
4.485974499999999807e+02
4.485985000000000014e+02
4.485995500000000220e+02
4.486005999999999858e+02
4.486016500000000065e+02
4.486027000000000271e+02
4.486037499999999909e+02
4.486048000000000116e+02
4.486058500000000322e+02
4.486068999999999960e+02
4.486079500000000166e+02
4.486089999999999804e+02
4.486100500000000011e+02
4.486111000000000217e+02
4.486121499999999855e+02
4.486132000000000062e+02
4.486142500000000268e+02
4.486152999999999906e+02
4.486163500000000113e+02
4.486174000000000319e+02
4.486184499999999957e+02
4.486195000000000164e+02
4.486205499999999802e+02
4.486216000000000008e+02
4.486226500000000215e+02
4.486236999999999853e+02
4.486247500000000059e+02
4.486258000000000266e+02
4.486268499999999904e+02
4.486279000000000110e+02
4.486289500000000317e+02
4.486299999999999955e+02
4.486310500000000161e+02
4.486320999999999799e+02
4.486331500000000005e+02
4.486342000000000212e+02
4.486352499999999850e+02
4.486363000000000056e+02
4.486373500000000263e+02
4.486383999999999901e+02
4.486394500000000107e+02
4.486405000000000314e+02
4.486415499999999952e+02
4.486426000000000158e+02
4.486436499999999796e+02
4.486447000000000003e+02
4.486457500000000209e+02
4.486467999999999847e+02
4.486478500000000054e+02
4.486489000000000260e+02
4.486499499999999898e+02
4.486510000000000105e+02
4.486520500000000311e+02
4.486530999999999949e+02
4.486541500000000156e+02
4.486551999999999794e+02
4.486562500000000000e+02
4.486573000000000206e+02
4.486583499999999844e+02
4.486594000000000051e+02
4.486604500000000257e+02
4.486614999999999895e+02
4.486625500000000102e+02
4.486636000000000308e+02
4.486646499999999946e+02
4.486657000000000153e+02
4.486667499999999791e+02
4.486677999999999997e+02
4.486688500000000204e+02
4.486698999999999842e+02
4.486709500000000048e+02
4.486720000000000255e+02
4.486730499999999893e+02
4.486741000000000099e+02
4.486751500000000306e+02
4.486761999999999944e+02
4.486772500000000150e+02
4.486783000000000357e+02
4.486793499999999995e+02
4.486804000000000201e+02
4.486814499999999839e+02
4.486825000000000045e+02
4.486835500000000252e+02
4.486845999999999890e+02
4.486856500000000096e+02
4.486867000000000303e+02
4.486877499999999941e+02
4.486888000000000147e+02
4.486898500000000354e+02
4.486908999999999992e+02
4.486919500000000198e+02
4.486929999999999836e+02
4.486940500000000043e+02
4.486951000000000249e+02
4.486961499999999887e+02
4.486972000000000094e+02
4.486982500000000300e+02
4.486992999999999938e+02
4.487003500000000145e+02
4.487014000000000351e+02
4.487024499999999989e+02
4.487035000000000196e+02
4.487045499999999834e+02
4.487056000000000040e+02
4.487066500000000246e+02
4.487076999999999884e+02
4.487087500000000091e+02
4.487098000000000297e+02
4.487108499999999935e+02
4.487119000000000142e+02
4.487129500000000348e+02
4.487139999999999986e+02
4.487150500000000193e+02
4.487160999999999831e+02
4.487171500000000037e+02
4.487182000000000244e+02
4.487192499999999882e+02
4.487203000000000088e+02
4.487213500000000295e+02
4.487223999999999933e+02
4.487234500000000139e+02
4.487245000000000346e+02
4.487255499999999984e+02
4.487266000000000190e+02
4.487276499999999828e+02
4.487287000000000035e+02
4.487297500000000241e+02
4.487307999999999879e+02
4.487318500000000085e+02
4.487329000000000292e+02
4.487339499999999930e+02
4.487350000000000136e+02
4.487360500000000343e+02
4.487370999999999981e+02
4.487381500000000187e+02
4.487391999999999825e+02
4.487402500000000032e+02
4.487413000000000238e+02
4.487423499999999876e+02
4.487434000000000083e+02
4.487444500000000289e+02
4.487454999999999927e+02
4.487465500000000134e+02
4.487476000000000340e+02
4.487486499999999978e+02
4.487497000000000185e+02
4.487507499999999823e+02
4.487518000000000029e+02
4.487528500000000236e+02
4.487538999999999874e+02
4.487549500000000080e+02
4.487560000000000286e+02
4.487570499999999925e+02
4.487581000000000131e+02
4.487591500000000337e+02
4.487601999999999975e+02
4.487612500000000182e+02
4.487622999999999820e+02
4.487633500000000026e+02
4.487644000000000233e+02
4.487654499999999871e+02
4.487665000000000077e+02
4.487675500000000284e+02
4.487685999999999922e+02
4.487696500000000128e+02
4.487707000000000335e+02
4.487717499999999973e+02
4.487728000000000179e+02
4.487738499999999817e+02
4.487749000000000024e+02
4.487759500000000230e+02
4.487769999999999868e+02
4.487780500000000075e+02
4.487791000000000281e+02
4.487801499999999919e+02
4.487812000000000126e+02
4.487822500000000332e+02
4.487832999999999970e+02
4.487843500000000176e+02
4.487853999999999814e+02
4.487864500000000021e+02
4.487875000000000227e+02
4.487885499999999865e+02
4.487896000000000072e+02
4.487906500000000278e+02
4.487916999999999916e+02
4.487927500000000123e+02
4.487938000000000329e+02
4.487948499999999967e+02
4.487959000000000174e+02
4.487969499999999812e+02
4.487980000000000018e+02
4.487990500000000225e+02
4.488000999999999863e+02
4.488011500000000069e+02
4.488022000000000276e+02
4.488032499999999914e+02
4.488043000000000120e+02
4.488053500000000327e+02
4.488063999999999965e+02
4.488074500000000171e+02
4.488084999999999809e+02
4.488095500000000015e+02
4.488106000000000222e+02
4.488116499999999860e+02
4.488127000000000066e+02
4.488137500000000273e+02
4.488147999999999911e+02
4.488158500000000117e+02
4.488169000000000324e+02
4.488179499999999962e+02
4.488190000000000168e+02
4.488200499999999806e+02
4.488211000000000013e+02
4.488221500000000219e+02
4.488231999999999857e+02
4.488242500000000064e+02
4.488253000000000270e+02
4.488263499999999908e+02
4.488274000000000115e+02
4.488284500000000321e+02
4.488294999999999959e+02
4.488305500000000166e+02
4.488316000000000372e+02
4.488326500000000010e+02
4.488337000000000216e+02
4.488347499999999854e+02
4.488358000000000061e+02
4.488368500000000267e+02
4.488378999999999905e+02
4.488389500000000112e+02
4.488400000000000318e+02
4.488410499999999956e+02
4.488421000000000163e+02
4.488431500000000369e+02
4.488442000000000007e+02
4.488452500000000214e+02
4.488462999999999852e+02
4.488473500000000058e+02
4.488484000000000265e+02
4.488494499999999903e+02
4.488505000000000109e+02
4.488515500000000316e+02
4.488525999999999954e+02
4.488536500000000160e+02
4.488547000000000367e+02
4.488557500000000005e+02
4.488568000000000211e+02
4.488578499999999849e+02
4.488589000000000055e+02
4.488599500000000262e+02
4.488609999999999900e+02
4.488620500000000106e+02
4.488631000000000313e+02
4.488641499999999951e+02
4.488652000000000157e+02
4.488662500000000364e+02
4.488673000000000002e+02
4.488683500000000208e+02
4.488693999999999846e+02
4.488704500000000053e+02
4.488715000000000259e+02
4.488725499999999897e+02
4.488736000000000104e+02
4.488746500000000310e+02
4.488756999999999948e+02
4.488767500000000155e+02
4.488778000000000361e+02
4.488788499999999999e+02
4.488799000000000206e+02
4.488809499999999844e+02
4.488820000000000050e+02
4.488830500000000256e+02
4.488840999999999894e+02
4.488851500000000101e+02
4.488862000000000307e+02
4.488872499999999945e+02
4.488883000000000152e+02
4.488893500000000358e+02
4.488903999999999996e+02
4.488914500000000203e+02
4.488924999999999841e+02
4.488935500000000047e+02
4.488946000000000254e+02
4.488956499999999892e+02
4.488967000000000098e+02
4.488977500000000305e+02
4.488987999999999943e+02
4.488998500000000149e+02
4.489009000000000356e+02
4.489019499999999994e+02
4.489030000000000200e+02
4.489040499999999838e+02
4.489051000000000045e+02
4.489061500000000251e+02
4.489071999999999889e+02
4.489082500000000095e+02
4.489093000000000302e+02
4.489103499999999940e+02
4.489114000000000146e+02
4.489124500000000353e+02
4.489134999999999991e+02
4.489145500000000197e+02
4.489155999999999835e+02
4.489166500000000042e+02
4.489177000000000248e+02
4.489187499999999886e+02
4.489198000000000093e+02
4.489208500000000299e+02
4.489218999999999937e+02
4.489229500000000144e+02
4.489240000000000350e+02
4.489250499999999988e+02
4.489261000000000195e+02
4.489271499999999833e+02
4.489282000000000039e+02
4.489292500000000246e+02
4.489302999999999884e+02
4.489313500000000090e+02
4.489324000000000296e+02
4.489334499999999935e+02
4.489345000000000141e+02
4.489355500000000347e+02
4.489365999999999985e+02
4.489376500000000192e+02
4.489386999999999830e+02
4.489397500000000036e+02
4.489408000000000243e+02
4.489418499999999881e+02
4.489429000000000087e+02
4.489439500000000294e+02
4.489449999999999932e+02
4.489460500000000138e+02
4.489471000000000345e+02
4.489481499999999983e+02
4.489492000000000189e+02
4.489502499999999827e+02
4.489513000000000034e+02
4.489523500000000240e+02
4.489533999999999878e+02
4.489544500000000085e+02
4.489555000000000291e+02
4.489565499999999929e+02
4.489576000000000136e+02
4.489586500000000342e+02
4.489596999999999980e+02
4.489607500000000186e+02
4.489617999999999824e+02
4.489628500000000031e+02
4.489639000000000237e+02
4.489649499999999875e+02
4.489660000000000082e+02
4.489670500000000288e+02
4.489680999999999926e+02
4.489691500000000133e+02
4.489702000000000339e+02
4.489712499999999977e+02
4.489723000000000184e+02
4.489733499999999822e+02
4.489744000000000028e+02
4.489754500000000235e+02
4.489764999999999873e+02
4.489775500000000079e+02
4.489786000000000286e+02
4.489796499999999924e+02
4.489807000000000130e+02
4.489817500000000337e+02
4.489827999999999975e+02
4.489838500000000181e+02
4.489849000000000387e+02
4.489859500000000025e+02
4.489870000000000232e+02
4.489880499999999870e+02
4.489891000000000076e+02
4.489901500000000283e+02
4.489911999999999921e+02
4.489922500000000127e+02
4.489933000000000334e+02
4.489943499999999972e+02
4.489954000000000178e+02
4.489964500000000385e+02
4.489975000000000023e+02
4.489985500000000229e+02
4.489995999999999867e+02
4.490006500000000074e+02
4.490017000000000280e+02
4.490027499999999918e+02
4.490038000000000125e+02
4.490048500000000331e+02
4.490058999999999969e+02
4.490069500000000176e+02
4.490080000000000382e+02
4.490090500000000020e+02
4.490101000000000226e+02
4.490111499999999864e+02
4.490122000000000071e+02
4.490132500000000277e+02
4.490142999999999915e+02
4.490153500000000122e+02
4.490164000000000328e+02
4.490174499999999966e+02
4.490185000000000173e+02
4.490195500000000379e+02
4.490206000000000017e+02
4.490216500000000224e+02
4.490226999999999862e+02
4.490237500000000068e+02
4.490248000000000275e+02
4.490258499999999913e+02
4.490269000000000119e+02
4.490279500000000326e+02
4.490289999999999964e+02
4.490300500000000170e+02
4.490311000000000377e+02
4.490321500000000015e+02
4.490332000000000221e+02
4.490342499999999859e+02
4.490353000000000065e+02
4.490363500000000272e+02
4.490373999999999910e+02
4.490384500000000116e+02
4.490395000000000323e+02
4.490405499999999961e+02
4.490416000000000167e+02
4.490426500000000374e+02
4.490437000000000012e+02
4.490447500000000218e+02
4.490457999999999856e+02
4.490468500000000063e+02
4.490479000000000269e+02
4.490489499999999907e+02
4.490500000000000114e+02
4.490510500000000320e+02
4.490520999999999958e+02
4.490531500000000165e+02
4.490542000000000371e+02
4.490552500000000009e+02
4.490563000000000216e+02
4.490573499999999854e+02
4.490584000000000060e+02
4.490594500000000266e+02
4.490604999999999905e+02
4.490615500000000111e+02
4.490626000000000317e+02
4.490636499999999955e+02
4.490647000000000162e+02
4.490657500000000368e+02
4.490668000000000006e+02
4.490678500000000213e+02
4.490688999999999851e+02
4.490699500000000057e+02
4.490710000000000264e+02
4.490720499999999902e+02
4.490731000000000108e+02
4.490741500000000315e+02
4.490751999999999953e+02
4.490762500000000159e+02
4.490773000000000366e+02
4.490783500000000004e+02
4.490794000000000210e+02
4.490804499999999848e+02
4.490815000000000055e+02
4.490825500000000261e+02
4.490835999999999899e+02
4.490846500000000106e+02
4.490857000000000312e+02
4.490867499999999950e+02
4.490878000000000156e+02
4.490888500000000363e+02
4.490899000000000001e+02
4.490909500000000207e+02
4.490919999999999845e+02
4.490930500000000052e+02
4.490941000000000258e+02
4.490951499999999896e+02
4.490962000000000103e+02
4.490972500000000309e+02
4.490982999999999947e+02
4.490993500000000154e+02
4.491004000000000360e+02
4.491014499999999998e+02
4.491025000000000205e+02
4.491035499999999843e+02
4.491046000000000049e+02
4.491056500000000256e+02
4.491066999999999894e+02
4.491077500000000100e+02
4.491088000000000306e+02
4.491098499999999945e+02
4.491109000000000151e+02
4.491119500000000357e+02
4.491129999999999995e+02
4.491140500000000202e+02
4.491150999999999840e+02
4.491161500000000046e+02
4.491172000000000253e+02
4.491182499999999891e+02
4.491193000000000097e+02
4.491203500000000304e+02
4.491213999999999942e+02
4.491224500000000148e+02
4.491235000000000355e+02
4.491245499999999993e+02
4.491256000000000199e+02
4.491266500000000406e+02
4.491277000000000044e+02
4.491287500000000250e+02
4.491297999999999888e+02
4.491308500000000095e+02
4.491319000000000301e+02
4.491329499999999939e+02
4.491340000000000146e+02
4.491350500000000352e+02
4.491360999999999990e+02
4.491371500000000196e+02
4.491382000000000403e+02
4.491392500000000041e+02
4.491403000000000247e+02
4.491413499999999885e+02
4.491424000000000092e+02
4.491434500000000298e+02
4.491444999999999936e+02
4.491455500000000143e+02
4.491466000000000349e+02
4.491476499999999987e+02
4.491487000000000194e+02
4.491497500000000400e+02
4.491508000000000038e+02
4.491518500000000245e+02
4.491528999999999883e+02
4.491539500000000089e+02
4.491550000000000296e+02
4.491560499999999934e+02
4.491571000000000140e+02
4.491581500000000347e+02
4.491591999999999985e+02
4.491602500000000191e+02
4.491613000000000397e+02
4.491623500000000035e+02
4.491634000000000242e+02
4.491644499999999880e+02
4.491655000000000086e+02
4.491665500000000293e+02
4.491675999999999931e+02
4.491686500000000137e+02
4.491697000000000344e+02
4.491707499999999982e+02
4.491718000000000188e+02
4.491728500000000395e+02
4.491739000000000033e+02
4.491749500000000239e+02
4.491759999999999877e+02
4.491770500000000084e+02
4.491781000000000290e+02
4.491791499999999928e+02
4.491802000000000135e+02
4.491812500000000341e+02
4.491822999999999979e+02
4.491833500000000186e+02
4.491844000000000392e+02
4.491854500000000030e+02
4.491865000000000236e+02
4.491875499999999874e+02
4.491886000000000081e+02
4.491896500000000287e+02
4.491906999999999925e+02
4.491917500000000132e+02
4.491928000000000338e+02
4.491938499999999976e+02
4.491949000000000183e+02
4.491959500000000389e+02
4.491970000000000027e+02
4.491980500000000234e+02
4.491990999999999872e+02
4.492001500000000078e+02
4.492012000000000285e+02
4.492022499999999923e+02
4.492033000000000129e+02
4.492043500000000336e+02
4.492053999999999974e+02
4.492064500000000180e+02
4.492075000000000387e+02
4.492085500000000025e+02
4.492096000000000231e+02
4.492106499999999869e+02
4.492117000000000075e+02
4.492127500000000282e+02
4.492137999999999920e+02
4.492148500000000126e+02
4.492159000000000333e+02
4.492169499999999971e+02
4.492180000000000177e+02
4.492190500000000384e+02
4.492201000000000022e+02
4.492211500000000228e+02
4.492221999999999866e+02
4.492232500000000073e+02
4.492243000000000279e+02
4.492253499999999917e+02
4.492264000000000124e+02
4.492274500000000330e+02
4.492284999999999968e+02
4.492295500000000175e+02
4.492306000000000381e+02
4.492316500000000019e+02
4.492327000000000226e+02
4.492337499999999864e+02
4.492348000000000070e+02
4.492358500000000276e+02
4.492368999999999915e+02
4.492379500000000121e+02
4.492390000000000327e+02
4.492400499999999965e+02
4.492411000000000172e+02
4.492421500000000378e+02
4.492432000000000016e+02
4.492442500000000223e+02
4.492452999999999861e+02
4.492463500000000067e+02
4.492474000000000274e+02
4.492484499999999912e+02
4.492495000000000118e+02
4.492505500000000325e+02
4.492515999999999963e+02
4.492526500000000169e+02
4.492537000000000376e+02
4.492547500000000014e+02
4.492558000000000220e+02
4.492568499999999858e+02
4.492579000000000065e+02
4.492589500000000271e+02
4.492599999999999909e+02
4.492610500000000116e+02
4.492621000000000322e+02
4.492631499999999960e+02
4.492642000000000166e+02
4.492652500000000373e+02
4.492663000000000011e+02
4.492673500000000217e+02
4.492683999999999855e+02
4.492694500000000062e+02
4.492705000000000268e+02
4.492715499999999906e+02
4.492726000000000113e+02
4.492736500000000319e+02
4.492746999999999957e+02
4.492757500000000164e+02
4.492768000000000370e+02
4.492778500000000008e+02
4.492789000000000215e+02
4.492799500000000421e+02
4.492810000000000059e+02
4.492820500000000266e+02
4.492830999999999904e+02
4.492841500000000110e+02
4.492852000000000317e+02
4.492862499999999955e+02
4.492873000000000161e+02
4.492883500000000367e+02
4.492894000000000005e+02
4.492904500000000212e+02
4.492915000000000418e+02
4.492925500000000056e+02
4.492936000000000263e+02
4.492946499999999901e+02
4.492957000000000107e+02
4.492967500000000314e+02
4.492977999999999952e+02
4.492988500000000158e+02
4.492999000000000365e+02
4.493009500000000003e+02
4.493020000000000209e+02
4.493030500000000416e+02
4.493041000000000054e+02
4.493051500000000260e+02
4.493061999999999898e+02
4.493072500000000105e+02
4.493083000000000311e+02
4.493093499999999949e+02
4.493104000000000156e+02
4.493114500000000362e+02
4.493125000000000000e+02
4.493135500000000206e+02
4.493146000000000413e+02
4.493156500000000051e+02
4.493167000000000257e+02
4.493177499999999895e+02
4.493188000000000102e+02
4.493198500000000308e+02
4.493208999999999946e+02
4.493219500000000153e+02
4.493230000000000359e+02
4.493240499999999997e+02
4.493251000000000204e+02
4.493261500000000410e+02
4.493272000000000048e+02
4.493282500000000255e+02
4.493292999999999893e+02
4.493303500000000099e+02
4.493314000000000306e+02
4.493324499999999944e+02
4.493335000000000150e+02
4.493345500000000357e+02
4.493355999999999995e+02
4.493366500000000201e+02
4.493377000000000407e+02
4.493387500000000045e+02
4.493398000000000252e+02
4.493408499999999890e+02
4.493419000000000096e+02
4.493429500000000303e+02
4.493439999999999941e+02
4.493450500000000147e+02
4.493461000000000354e+02
4.493471499999999992e+02
4.493482000000000198e+02
4.493492500000000405e+02
4.493503000000000043e+02
4.493513500000000249e+02
4.493523999999999887e+02
4.493534500000000094e+02
4.493545000000000300e+02
4.493555499999999938e+02
4.493566000000000145e+02
4.493576500000000351e+02
4.493586999999999989e+02
4.493597500000000196e+02
4.493608000000000402e+02
4.493618500000000040e+02
4.493629000000000246e+02
4.493639499999999884e+02
4.493650000000000091e+02
4.493660500000000297e+02
4.493670999999999935e+02
4.493681500000000142e+02
4.493692000000000348e+02
4.493702499999999986e+02
4.493713000000000193e+02
4.493723500000000399e+02
4.493734000000000037e+02
4.493744500000000244e+02
4.493754999999999882e+02
4.493765500000000088e+02
4.493776000000000295e+02
4.493786499999999933e+02
4.493797000000000139e+02
4.493807500000000346e+02
4.493817999999999984e+02
4.493828500000000190e+02
4.493839000000000397e+02
4.493849500000000035e+02
4.493860000000000241e+02
4.493870499999999879e+02
4.493881000000000085e+02
4.493891500000000292e+02
4.493901999999999930e+02
4.493912500000000136e+02
4.493923000000000343e+02
4.493933499999999981e+02
4.493944000000000187e+02
4.493954500000000394e+02
4.493965000000000032e+02
4.493975500000000238e+02
4.493985999999999876e+02
4.493996500000000083e+02
4.494007000000000289e+02
4.494017499999999927e+02
4.494028000000000134e+02
4.494038500000000340e+02
4.494048999999999978e+02
4.494059500000000185e+02
4.494070000000000391e+02
4.494080500000000029e+02
4.494091000000000236e+02
4.494101499999999874e+02
4.494112000000000080e+02
4.494122500000000286e+02
4.494132999999999925e+02
4.494143500000000131e+02
4.494154000000000337e+02
4.494164499999999975e+02
4.494175000000000182e+02
4.494185500000000388e+02
4.494196000000000026e+02
4.494206500000000233e+02
4.494216999999999871e+02
4.494227500000000077e+02
4.494238000000000284e+02
4.494248499999999922e+02
4.494259000000000128e+02
4.494269500000000335e+02
4.494279999999999973e+02
4.494290500000000179e+02
4.494301000000000386e+02
4.494311500000000024e+02
4.494322000000000230e+02
4.494332500000000437e+02
4.494343000000000075e+02
4.494353500000000281e+02
4.494363999999999919e+02
4.494374500000000126e+02
4.494385000000000332e+02
4.494395499999999970e+02
4.494406000000000176e+02
4.494416500000000383e+02
4.494427000000000021e+02
4.494437500000000227e+02
4.494448000000000434e+02
4.494458500000000072e+02
4.494469000000000278e+02
4.494479499999999916e+02
4.494490000000000123e+02
4.494500500000000329e+02
4.494510999999999967e+02
4.494521500000000174e+02
4.494532000000000380e+02
4.494542500000000018e+02
4.494553000000000225e+02
4.494563500000000431e+02
4.494574000000000069e+02
4.494584500000000276e+02
4.494594999999999914e+02
4.494605500000000120e+02
4.494616000000000327e+02
4.494626499999999965e+02
4.494637000000000171e+02
4.494647500000000377e+02
4.494658000000000015e+02
4.494668500000000222e+02
4.494679000000000428e+02
4.494689500000000066e+02
4.494700000000000273e+02
4.494710499999999911e+02
4.494721000000000117e+02
4.494731500000000324e+02
4.494741999999999962e+02
4.494752500000000168e+02
4.494763000000000375e+02
4.494773500000000013e+02
4.494784000000000219e+02
4.494794500000000426e+02
4.494805000000000064e+02
4.494815500000000270e+02
4.494825999999999908e+02
4.494836500000000115e+02
4.494847000000000321e+02
4.494857499999999959e+02
4.494868000000000166e+02
4.494878500000000372e+02
4.494889000000000010e+02
4.494899500000000216e+02
4.494910000000000423e+02
4.494920500000000061e+02
4.494931000000000267e+02
4.494941499999999905e+02
4.494952000000000112e+02
4.494962500000000318e+02
4.494972999999999956e+02
4.494983500000000163e+02
4.494994000000000369e+02
4.495004500000000007e+02
4.495015000000000214e+02
4.495025500000000420e+02
4.495036000000000058e+02
4.495046500000000265e+02
4.495056999999999903e+02
4.495067500000000109e+02
4.495078000000000316e+02
4.495088499999999954e+02
4.495099000000000160e+02
4.495109500000000367e+02
4.495120000000000005e+02
4.495130500000000211e+02
4.495141000000000417e+02
4.495151500000000055e+02
4.495162000000000262e+02
4.495172499999999900e+02
4.495183000000000106e+02
4.495193500000000313e+02
4.495203999999999951e+02
4.495214500000000157e+02
4.495225000000000364e+02
4.495235500000000002e+02
4.495246000000000208e+02
4.495256500000000415e+02
4.495267000000000053e+02
4.495277500000000259e+02
4.495287999999999897e+02
4.495298500000000104e+02
4.495309000000000310e+02
4.495319499999999948e+02
4.495330000000000155e+02
4.495340500000000361e+02
4.495350999999999999e+02
4.495361500000000206e+02
4.495372000000000412e+02
4.495382500000000050e+02
4.495393000000000256e+02
4.495403499999999894e+02
4.495414000000000101e+02
4.495424500000000307e+02
4.495434999999999945e+02
4.495445500000000152e+02
4.495456000000000358e+02
4.495466499999999996e+02
4.495477000000000203e+02
4.495487500000000409e+02
4.495498000000000047e+02
4.495508500000000254e+02
4.495518999999999892e+02
4.495529500000000098e+02
4.495540000000000305e+02
4.495550499999999943e+02
4.495561000000000149e+02
4.495571500000000356e+02
4.495581999999999994e+02
4.495592500000000200e+02
4.495603000000000407e+02
4.495613500000000045e+02
4.495624000000000251e+02
4.495634499999999889e+02
4.495645000000000095e+02
4.495655500000000302e+02
4.495665999999999940e+02
4.495676500000000146e+02
4.495687000000000353e+02
4.495697499999999991e+02
4.495708000000000197e+02
4.495718500000000404e+02
4.495729000000000042e+02
4.495739500000000248e+02
4.495750000000000455e+02
4.495760500000000093e+02
4.495771000000000299e+02
4.495781499999999937e+02
4.495792000000000144e+02
4.495802500000000350e+02
4.495812999999999988e+02
4.495823500000000195e+02
4.495834000000000401e+02
4.495844500000000039e+02
4.495855000000000246e+02
4.495865500000000452e+02
4.495876000000000090e+02
4.495886500000000296e+02
4.495896999999999935e+02
4.495907500000000141e+02
4.495918000000000347e+02
4.495928499999999985e+02
4.495939000000000192e+02
4.495949500000000398e+02
4.495960000000000036e+02
4.495970500000000243e+02
4.495981000000000449e+02
4.495991500000000087e+02
4.496002000000000294e+02
4.496012499999999932e+02
4.496023000000000138e+02
4.496033500000000345e+02
4.496043999999999983e+02
4.496054500000000189e+02
4.496065000000000396e+02
4.496075500000000034e+02
4.496086000000000240e+02
4.496096500000000447e+02
4.496107000000000085e+02
4.496117500000000291e+02
4.496127999999999929e+02
4.496138500000000136e+02
4.496149000000000342e+02
4.496159499999999980e+02
4.496170000000000186e+02
4.496180500000000393e+02
4.496191000000000031e+02
4.496201500000000237e+02
4.496212000000000444e+02
4.496222500000000082e+02
4.496233000000000288e+02
4.496243499999999926e+02
4.496254000000000133e+02
4.496264500000000339e+02
4.496274999999999977e+02
4.496285500000000184e+02
4.496296000000000390e+02
4.496306500000000028e+02
4.496317000000000235e+02
4.496327500000000441e+02
4.496338000000000079e+02
4.496348500000000286e+02
4.496358999999999924e+02
4.496369500000000130e+02
4.496380000000000337e+02
4.496390499999999975e+02
4.496401000000000181e+02
4.496411500000000387e+02
4.496422000000000025e+02
4.496432500000000232e+02
4.496443000000000438e+02
4.496453500000000076e+02
4.496464000000000283e+02
4.496474499999999921e+02
4.496485000000000127e+02
4.496495500000000334e+02
4.496505999999999972e+02
4.496516500000000178e+02
4.496527000000000385e+02
4.496537500000000023e+02
4.496548000000000229e+02
4.496558500000000436e+02
4.496569000000000074e+02
4.496579500000000280e+02
4.496589999999999918e+02
4.496600500000000125e+02
4.496611000000000331e+02
4.496621499999999969e+02
4.496632000000000176e+02
4.496642500000000382e+02
4.496653000000000020e+02
4.496663500000000226e+02
4.496674000000000433e+02
4.496684500000000071e+02
4.496695000000000277e+02
4.496705499999999915e+02
4.496716000000000122e+02
4.496726500000000328e+02
4.496736999999999966e+02
4.496747500000000173e+02
4.496758000000000379e+02
4.496768500000000017e+02
4.496779000000000224e+02
4.496789500000000430e+02
4.496800000000000068e+02
4.496810500000000275e+02
4.496820999999999913e+02
4.496831500000000119e+02
4.496842000000000326e+02
4.496852499999999964e+02
4.496863000000000170e+02
4.496873500000000377e+02
4.496884000000000015e+02
4.496894500000000221e+02
4.496905000000000427e+02
4.496915500000000065e+02
4.496926000000000272e+02
4.496936499999999910e+02
4.496947000000000116e+02
4.496957500000000323e+02
4.496967999999999961e+02
4.496978500000000167e+02
4.496989000000000374e+02
4.496999500000000012e+02
4.497010000000000218e+02
4.497020500000000425e+02
4.497031000000000063e+02
4.497041500000000269e+02
4.497051999999999907e+02
4.497062500000000114e+02
4.497073000000000320e+02
4.497083499999999958e+02
4.497094000000000165e+02
4.497104500000000371e+02
4.497115000000000009e+02
4.497125500000000216e+02
4.497136000000000422e+02
4.497146500000000060e+02
4.497157000000000266e+02
4.497167499999999905e+02
4.497178000000000111e+02
4.497188500000000317e+02
4.497198999999999955e+02
4.497209500000000162e+02
4.497220000000000368e+02
4.497230500000000006e+02
4.497241000000000213e+02
4.497251500000000419e+02
4.497262000000000057e+02
4.497272500000000264e+02
4.497283000000000470e+02
4.497293500000000108e+02
4.497304000000000315e+02
4.497314499999999953e+02
4.497325000000000159e+02
4.497335500000000366e+02
4.497346000000000004e+02
4.497356500000000210e+02
4.497367000000000417e+02
4.497377500000000055e+02
4.497388000000000261e+02
4.497398500000000467e+02
4.497409000000000106e+02
4.497419500000000312e+02
4.497429999999999950e+02
4.497440500000000156e+02
4.497451000000000363e+02
4.497461500000000001e+02
4.497472000000000207e+02
4.497482500000000414e+02
4.497493000000000052e+02
4.497503500000000258e+02
4.497514000000000465e+02
4.497524500000000103e+02
4.497535000000000309e+02
4.497545499999999947e+02
4.497556000000000154e+02
4.497566500000000360e+02
4.497576999999999998e+02
4.497587500000000205e+02
4.497598000000000411e+02
4.497608500000000049e+02
4.497619000000000256e+02
4.497629500000000462e+02
4.497640000000000100e+02
4.497650500000000306e+02
4.497660999999999945e+02
4.497671500000000151e+02
4.497682000000000357e+02
4.497692499999999995e+02
4.497703000000000202e+02
4.497713500000000408e+02
4.497724000000000046e+02
4.497734500000000253e+02
4.497745000000000459e+02
4.497755500000000097e+02
4.497766000000000304e+02
4.497776499999999942e+02
4.497787000000000148e+02
4.497797500000000355e+02
4.497807999999999993e+02
4.497818500000000199e+02
4.497829000000000406e+02
4.497839500000000044e+02
4.497850000000000250e+02
4.497860500000000457e+02
4.497871000000000095e+02
4.497881500000000301e+02
4.497891999999999939e+02
4.497902500000000146e+02
4.497913000000000352e+02
4.497923499999999990e+02
4.497934000000000196e+02
4.497944500000000403e+02
4.497955000000000041e+02
4.497965500000000247e+02
4.497976000000000454e+02
4.497986500000000092e+02
4.497997000000000298e+02
4.498007499999999936e+02
4.498018000000000143e+02
4.498028500000000349e+02
4.498038999999999987e+02
4.498049500000000194e+02
4.498060000000000400e+02
4.498070500000000038e+02
4.498081000000000245e+02
4.498091500000000451e+02
4.498102000000000089e+02
4.498112500000000296e+02
4.498122999999999934e+02
4.498133500000000140e+02
4.498144000000000347e+02
4.498154499999999985e+02
4.498165000000000191e+02
4.498175500000000397e+02
4.498186000000000035e+02
4.498196500000000242e+02
4.498207000000000448e+02
4.498217500000000086e+02
4.498228000000000293e+02
4.498238499999999931e+02
4.498249000000000137e+02
4.498259500000000344e+02
4.498269999999999982e+02
4.498280500000000188e+02
4.498291000000000395e+02
4.498301500000000033e+02
4.498312000000000239e+02
4.498322500000000446e+02
4.498333000000000084e+02
4.498343500000000290e+02
4.498353999999999928e+02
4.498364500000000135e+02
4.498375000000000341e+02
4.498385499999999979e+02
4.498396000000000186e+02
4.498406500000000392e+02
4.498417000000000030e+02
4.498427500000000236e+02
4.498438000000000443e+02
4.498448500000000081e+02
4.498459000000000287e+02
4.498469499999999925e+02
4.498480000000000132e+02
4.498490500000000338e+02
4.498500999999999976e+02
4.498511500000000183e+02
4.498522000000000389e+02
4.498532500000000027e+02
4.498543000000000234e+02
4.498553500000000440e+02
4.498564000000000078e+02
4.498574500000000285e+02
4.498584999999999923e+02
4.498595500000000129e+02
4.498606000000000336e+02
4.498616499999999974e+02
4.498627000000000180e+02
4.498637500000000387e+02
4.498648000000000025e+02
4.498658500000000231e+02
4.498669000000000437e+02
4.498679500000000075e+02
4.498690000000000282e+02
4.498700499999999920e+02
4.498711000000000126e+02
4.498721500000000333e+02
4.498731999999999971e+02
4.498742500000000177e+02
4.498753000000000384e+02
4.498763500000000022e+02
4.498774000000000228e+02
4.498784500000000435e+02
4.498795000000000073e+02
4.498805500000000279e+02
4.498816000000000486e+02
4.498826500000000124e+02
4.498837000000000330e+02
4.498847499999999968e+02
4.498858000000000175e+02
4.498868500000000381e+02
4.498879000000000019e+02
4.498889500000000226e+02
4.498900000000000432e+02
4.498910500000000070e+02
4.498921000000000276e+02
4.498931500000000483e+02
4.498942000000000121e+02
4.498952500000000327e+02
4.498962999999999965e+02
4.498973500000000172e+02
4.498984000000000378e+02
4.498994500000000016e+02
4.499005000000000223e+02
4.499015500000000429e+02
4.499026000000000067e+02
4.499036500000000274e+02
4.499047000000000480e+02
4.499057500000000118e+02
4.499068000000000325e+02
4.499078499999999963e+02
4.499089000000000169e+02
4.499099500000000376e+02
4.499110000000000014e+02
4.499120500000000220e+02
4.499131000000000427e+02
4.499141500000000065e+02
4.499152000000000271e+02
4.499162500000000477e+02
4.499173000000000116e+02
4.499183500000000322e+02
4.499193999999999960e+02
4.499204500000000166e+02
4.499215000000000373e+02
4.499225500000000011e+02
4.499236000000000217e+02
4.499246500000000424e+02
4.499257000000000062e+02
4.499267500000000268e+02
4.499278000000000475e+02
4.499288500000000113e+02
4.499299000000000319e+02
4.499309499999999957e+02
4.499320000000000164e+02
4.499330500000000370e+02
4.499341000000000008e+02
4.499351500000000215e+02
4.499362000000000421e+02
4.499372500000000059e+02
4.499383000000000266e+02
4.499393500000000472e+02
4.499404000000000110e+02
4.499414500000000317e+02
4.499424999999999955e+02
4.499435500000000161e+02
4.499446000000000367e+02
4.499456500000000005e+02
4.499467000000000212e+02
4.499477500000000418e+02
4.499488000000000056e+02
4.499498500000000263e+02
4.499509000000000469e+02
4.499519500000000107e+02
4.499530000000000314e+02
4.499540499999999952e+02
4.499551000000000158e+02
4.499561500000000365e+02
4.499572000000000003e+02
4.499582500000000209e+02
4.499593000000000416e+02
4.499603500000000054e+02
4.499614000000000260e+02
4.499624500000000467e+02
4.499635000000000105e+02
4.499645500000000311e+02
4.499655999999999949e+02
4.499666500000000156e+02
4.499677000000000362e+02
4.499687500000000000e+02
4.499698000000000206e+02
4.499708500000000413e+02
4.499719000000000051e+02
4.499729500000000257e+02
4.499740000000000464e+02
4.499750500000000102e+02
4.499761000000000308e+02
4.499771499999999946e+02
4.499782000000000153e+02
4.499792500000000359e+02
4.499802999999999997e+02
4.499813500000000204e+02
4.499824000000000410e+02
4.499834500000000048e+02
4.499845000000000255e+02
4.499855500000000461e+02
4.499866000000000099e+02
4.499876500000000306e+02
4.499886999999999944e+02
4.499897500000000150e+02
4.499908000000000357e+02
4.499918499999999995e+02
4.499929000000000201e+02
4.499939500000000407e+02
4.499950000000000045e+02
4.499960500000000252e+02
4.499971000000000458e+02
4.499981500000000096e+02
4.499992000000000303e+02
4.500002499999999941e+02
4.500013000000000147e+02
4.500023500000000354e+02
4.500033999999999992e+02
4.500044500000000198e+02
4.500055000000000405e+02
4.500065500000000043e+02
4.500076000000000249e+02
4.500086500000000456e+02
4.500097000000000094e+02
4.500107500000000300e+02
4.500117999999999938e+02
4.500128500000000145e+02
4.500139000000000351e+02
4.500149499999999989e+02
4.500160000000000196e+02
4.500170500000000402e+02
4.500181000000000040e+02
4.500191500000000246e+02
4.500202000000000453e+02
4.500212500000000091e+02
4.500223000000000297e+02
4.500233500000000504e+02
4.500244000000000142e+02
4.500254500000000348e+02
4.500264999999999986e+02
4.500275500000000193e+02
4.500286000000000399e+02
4.500296500000000037e+02
4.500307000000000244e+02
4.500317500000000450e+02
4.500328000000000088e+02
4.500338500000000295e+02
4.500349000000000501e+02
4.500359500000000139e+02
4.500370000000000346e+02
4.500380499999999984e+02
4.500391000000000190e+02
4.500401500000000397e+02
4.500412000000000035e+02
4.500422500000000241e+02
4.500433000000000447e+02
4.500443500000000085e+02
4.500454000000000292e+02
4.500464500000000498e+02
4.500475000000000136e+02
4.500485500000000343e+02
4.500495999999999981e+02
4.500506500000000187e+02
4.500517000000000394e+02
4.500527500000000032e+02
4.500538000000000238e+02
4.500548500000000445e+02
4.500559000000000083e+02
4.500569500000000289e+02
4.500580000000000496e+02
4.500590500000000134e+02
4.500601000000000340e+02
4.500611499999999978e+02
4.500622000000000185e+02
4.500632500000000391e+02
4.500643000000000029e+02
4.500653500000000236e+02
4.500664000000000442e+02
4.500674500000000080e+02
4.500685000000000286e+02
4.500695500000000493e+02
4.500706000000000131e+02
4.500716500000000337e+02
4.500726999999999975e+02
4.500737500000000182e+02
4.500748000000000388e+02
4.500758500000000026e+02
4.500769000000000233e+02
4.500779500000000439e+02
4.500790000000000077e+02
4.500800500000000284e+02
4.500811000000000490e+02
4.500821500000000128e+02
4.500832000000000335e+02
4.500842499999999973e+02
4.500853000000000179e+02
4.500863500000000386e+02
4.500874000000000024e+02
4.500884500000000230e+02
4.500895000000000437e+02
4.500905500000000075e+02
4.500916000000000281e+02
4.500926500000000487e+02
4.500937000000000126e+02
4.500947500000000332e+02
4.500957999999999970e+02
4.500968500000000176e+02
4.500979000000000383e+02
4.500989500000000021e+02
4.501000000000000227e+02
