1.989504255922505793e+00
1.913276347341215100e+00
1.985772866802696823e+00
1.873522575336498797e+00
1.978912407362505288e+00
1.820331310367095723e+00
1.926409306273263899e+00
1.393417207569024763e+00
2.070991300874630792e+00
1.625703230965842794e+00
2.783716605977997194e+00
1.969575586579030535e+00
2.477992117367285640e+00
1.876411955449987845e+00
1.920631059097449578e+00
1.659816714342435828e+00
2.447529395454862922e+00
1.847720018648268292e+00
2.224415373909502502e+00
1.760812968908949561e+00
2.940158707782640768e+00
1.376917316545067216e+00
2.613933862683963660e+00
2.456929941778197346e+00
2.648874198783369049e+00
2.018250063191079580e+00
2.242486237635338941e+00
2.110156257701077287e+00
3.285475647474326966e+00
1.807738209249006411e+00
2.088563056326565359e+00
2.049602970707538940e+00
3.502706976252546234e+00
3.012781474992693109e+00
3.121972008093519158e+00
2.622586939030222108e+00
2.686105985291538545e+00
2.385477183331705220e+00
2.789648400992730259e+00
