3.703423070125738459e+00
3.977959068499705708e+00
4.636540589833895609e+00
3.460935273913408050e+00
2.954172814189370833e+00
3.059240712564054832e+00
3.529640412356038315e+00
4.546307652827028534e+00
4.299192676318195794e+00
3.969438696246960774e+00
3.898243713066578575e+00
4.735736315788779294e+00
4.664015142630817401e+00
4.280248352050455729e+00
3.540709768743048436e+00
3.144207703674246623e+00
3.087648154309763804e+00
3.096582763160645957e+00
3.461470258059508698e+00
4.427727865407634411e+00
4.635915406440296316e+00
4.313892176364819697e+00
3.276223784498657032e+00
2.484582741225501046e+00
2.212028008392568967e+00
2.395381336389735605e+00
3.317958323067394577e+00
3.978565207665541781e+00
4.200424505270754949e+00
3.898040521991806617e+00
3.918638773334301106e+00
4.056380852669820847e+00
4.369528281832636196e+00
3.936106789749394874e+00
3.060583373870905177e+00
2.729639011584163111e+00
3.166807799439665505e+00
3.109147182591863956e+00
3.153308910835865397e+00
2.914060493031713772e+00
2.523906976483473841e+00
2.973686583174345532e+00
3.417120451839322115e+00
3.982027776989853329e+00
3.491539596195384565e+00
2.951537467135911808e+00
2.990855459878861922e+00
2.882203175568657461e+00
2.637102817698639967e+00
2.948945269484094300e+00
3.329832054353135451e+00
3.362650106980670017e+00
3.645169439098574049e+00
3.751634333712169589e+00
2.793961202120491372e+00
2.423914570130357049e+00
2.572909952826263336e+00
2.495971702823593485e+00
3.058324251381687287e+00
2.983119338738521531e+00
2.931058753257379301e+00
3.156157072347037573e+00
2.898010827962126168e+00
2.572244271061701948e+00
3.048840867496407814e+00
2.646205417246283886e+00
2.604587595227698671e+00
2.193542090927649291e+00
2.313753507467290138e+00
2.004962989642550486e+00
2.127145638450161691e+00
2.289622262034089584e+00
2.079952665545554247e+00
2.274389303429392939e+00
2.455079824969854663e+00
1.648924409078324826e+00
1.977434648947746787e+00
1.790313592249252350e+00
1.229054277929214178e+00
1.795069177589893705e+00
2.016501583494678229e+00
1.264211406856549091e+00
1.567168296521949999e+00
1.540243020738717661e+00
1.420836449600957785e+00
2.117461916104122377e+00
1.252464434171644214e+00
1.594629961117493444e+00
1.000665719164986145e+00
1.399832029024709046e+00
1.175628017981319440e+00
1.421308240534642886e+00
1.149637668705908888e+00
1.134698340252961124e+00
1.215871986223815204e+00
1.128621244237727472e+00
1.094106864133244983e+00
1.228181166597077656e+00
1.074516971401173082e+00
9.985309879437792580e-01
9.545433652742116859e-01
