2.913136566672044125e+00
2.382173599300267952e+00
2.401039458267867133e+00
2.115625076173738073e+00
2.772550764249891664e+00
2.368765416364047027e+00
3.672822042728732139e+00
2.250488395522486584e+00
2.289512678051568884e+00
2.197455682386390663e+00
2.779231672989723734e+00
2.172057976710001448e+00
2.431697023107876721e+00
1.925383718375267117e+00
2.624676042622180017e+00
1.849784905468875751e+00
2.871904993843215959e+00
1.864981051387669009e+00
2.028447599751714847e+00
1.859437835777093762e+00
1.903484343847520854e+00
1.842888533673304075e+00
2.004152373321155700e+00
