1.990255399096229949e+00
1.927943059018781824e+00
1.987203615456859529e+00
1.906127151573440148e+00
1.985836746002534570e+00
1.885652570496925806e+00
1.984233343386594406e+00
1.859490657119412083e+00
1.978386388336486945e+00
1.821411935763136203e+00
1.968028249665245255e+00
1.756173883328265184e+00
2.011965924399923278e+00
1.358765487096203373e+00
2.166647880456157971e+00
1.737513761576990223e+00
1.740429827552211206e+00
1.493953096546249082e+00
2.113497313112865594e+00
1.742929229472776065e+00
1.949832592015745547e+00
1.929845757045240306e+00
2.098940546190646739e+00
1.716053035901153878e+00
2.208500291103991486e+00
1.948856144736436535e+00
2.444655601586803062e+00
2.021271806567250362e+00
2.076407317413462295e+00
2.024960035925121193e+00
2.263589586380548191e+00
1.589503892084467296e+00
2.235830557987763534e+00
1.514459742634904238e+00
2.170985466345388026e+00
1.690140573820140046e+00
2.328064728162645647e+00
1.915124835356319943e+00
2.256112145564583393e+00
1.847737773439521058e+00
2.426803921596518254e+00
1.752098649888144788e+00
2.219484886646803545e+00
1.773075549640561022e+00
2.688930055558536925e+00
2.597891483852217132e+00
2.730256960779704922e+00
1.665983588018277839e+00
2.588740309776055515e+00
1.697516167289289113e+00
3.237350626657695685e+00
2.893161669544024761e+00
2.940936264522176380e+00
2.201994090160256157e+00
2.730896914504857609e+00
1.443725280694767132e+00
3.564311452595624985e+00
1.762795922812665728e+00
2.761464050097780731e+00
1.946095751032380639e+00
3.069446898060936402e+00
1.844287749021082723e+00
3.787286240858295905e+00
2.491258966123269580e+00
2.531502204141581558e+00
2.411729664844812326e+00
2.743339150272198435e+00
1.770099100064372655e+00
3.337965215105829220e+00
2.005681480584180942e+00
3.787841643408723424e+00
3.172301928077005062e+00
3.227196604366722621e+00
